1.316867917776107788e-01
1.316862851381301880e-01
1.316858232021331787e-01
1.316853463649749756e-01
1.316848695278167725e-01
1.316843926906585693e-01
1.316839158535003662e-01
1.316834390163421631e-01
1.316829770803451538e-01
1.316825151443481445e-01
1.316820383071899414e-01
1.316815614700317383e-01
1.316810846328735352e-01
1.316806226968765259e-01
1.316801607608795166e-01
1.316796839237213135e-01
1.316791921854019165e-01
1.316787302494049072e-01
1.316782385110855103e-01
1.316777765750885010e-01
1.316773146390914917e-01
1.316768229007720947e-01
1.316763609647750854e-01
1.316758990287780762e-01
1.316754221916198730e-01
1.316749453544616699e-01
1.316744536161422729e-01
1.316739916801452637e-01
1.316735148429870605e-01
1.316730380058288574e-01
1.316725611686706543e-01
1.316721141338348389e-01
1.316716372966766357e-01
1.316711604595184326e-01
1.316706836223602295e-01
1.316702216863632202e-01
1.316697299480438232e-01
1.316692531108856201e-01
1.316688060760498047e-01
1.316683143377304077e-01
1.316678524017333984e-01
1.316673755645751953e-01
1.316668987274169922e-01
1.316664367914199829e-01
1.316659599542617798e-01
1.316654682159423828e-01
1.316650062799453735e-01
1.316645294427871704e-01
1.316640526056289673e-01
1.316635906696319580e-01
1.316631287336349487e-01
1.316626518964767456e-01
1.316621601581573486e-01
1.316616982221603394e-01
1.316612362861633301e-01
1.316607594490051270e-01
1.316602975130081177e-01
1.316598206758499146e-01
1.316593438386917114e-01
1.316588670015335083e-01
1.316583901643753052e-01
1.316579282283782959e-01
1.316574364900588989e-01
1.316569745540618896e-01
1.316564977169036865e-01
1.316560357809066772e-01
1.316555738449096680e-01
1.316550970077514648e-01
1.316546201705932617e-01
1.316541433334350586e-01
1.316536515951156616e-01
1.316532045602798462e-01
1.316527128219604492e-01
1.316522508859634399e-01
1.316517889499664307e-01
1.316513121128082275e-01
1.316508352756500244e-01
1.316503435373306274e-01
1.316498965024948120e-01
1.316494196653366089e-01
1.316489428281784058e-01
1.316484808921813965e-01
1.316480040550231934e-01
1.316475272178649902e-01
1.316470503807067871e-01
1.316465884447097778e-01
1.316461116075515747e-01
1.316456347703933716e-01
1.316451579332351685e-01
1.316446959972381592e-01
1.316442340612411499e-01
1.316437721252441406e-01
1.316432654857635498e-01
1.316428035497665405e-01
1.316423267126083374e-01
1.316418647766113281e-01
1.316413879394531250e-01
1.316409111022949219e-01
1.316404342651367188e-01
1.316399574279785156e-01
1.316394954919815063e-01
1.316390186548233032e-01
1.316385567188262939e-01
1.316380649805068970e-01
1.316376030445098877e-01
1.316371411085128784e-01
1.316366493701934814e-01
1.316362023353576660e-01
1.316357403993606567e-01
1.316352486610412598e-01
1.316347718238830566e-01
1.316342949867248535e-01
1.316338330507278442e-01
1.316333413124084473e-01
1.316328942775726318e-01
1.316324174404144287e-01
1.316319406032562256e-01
1.316314637660980225e-01
1.316309869289398193e-01
1.316305249929428101e-01
1.316300481557846069e-01
1.316295862197875977e-01
1.316290944814682007e-01
1.316286474466323853e-01
1.316281557083129883e-01
1.316276937723159790e-01
1.316272169351577759e-01
1.316267699003219604e-01
1.316262632608413696e-01
1.316258162260055542e-01
1.316253393888473511e-01
1.316248476505279541e-01
1.316243708133697510e-01
1.316239088773727417e-01
1.316234618425369263e-01
1.316229701042175293e-01
1.316224932670593262e-01
1.316220462322235107e-01
1.316215544939041138e-01
1.316210776567459106e-01
1.316206008195877075e-01
1.316201239824295044e-01
1.316197067499160767e-01
1.316191852092742920e-01
1.316187083721160889e-01
1.316182464361190796e-01
1.316177845001220703e-01
1.316172927618026733e-01
1.316168159246444702e-01
1.316163539886474609e-01
1.316159218549728394e-01
1.316154152154922485e-01
1.316149532794952393e-01
1.316145062446594238e-01
1.316140145063400269e-01
1.316135227680206299e-01
1.316130459308624268e-01
1.316125988960266113e-01
1.316121518611907959e-01
1.316116601228713989e-01
1.316111683845520020e-01
1.316107064485549927e-01
1.316102147102355957e-01
1.316097527742385864e-01
1.316092908382415771e-01
1.316088289022445679e-01
1.316083520650863647e-01
1.316078752279281616e-01
1.316074132919311523e-01
1.316069066524505615e-01
1.316064298152923584e-01
1.316059827804565430e-01
1.316054910421371460e-01
1.316050440073013306e-01
1.316045671701431274e-01
1.316041201353073120e-01
1.316036283969879150e-01
1.316031664609909058e-01
1.316027045249938965e-01
1.316022276878356934e-01
1.316017359495162964e-01
1.316012740135192871e-01
1.316007971763610840e-01
1.316003352403640747e-01
1.315998584032058716e-01
1.315993964672088623e-01
1.315989196300506592e-01
1.315984427928924561e-01
1.315979808568954468e-01
1.315975040197372437e-01
1.315970271825790405e-01
1.315965503454208374e-01
1.315960735082626343e-01
1.315956115722656250e-01
1.315951347351074219e-01
1.315946727991104126e-01
1.315941959619522095e-01
1.315937191247940063e-01
1.315932571887969971e-01
1.315927803516387939e-01
1.315923333168029785e-01
1.315918266773223877e-01
1.315913647413253784e-01
1.315908879041671753e-01
1.315904408693313599e-01
1.315899640321731567e-01
1.315895020961761475e-01
1.315890252590179443e-01
1.315885186195373535e-01
1.315880566835403442e-01
1.315876245498657227e-01
1.315871328115463257e-01
1.315866708755493164e-01
1.315861642360687256e-01
1.315857172012329102e-01
1.315852552652359009e-01
1.315847933292388916e-01
1.315843015909194946e-01
1.315838098526000977e-01
1.315833926200866699e-01
1.315828859806060791e-01
1.315824091434478760e-01
1.315819174051284790e-01
1.315814852714538574e-01
1.315809935331344604e-01
1.315805166959762573e-01
1.315800696611404419e-01
1.315795928239822388e-01
1.315791308879852295e-01
1.315786391496658325e-01
1.315781921148300171e-01
1.315777152776718140e-01
1.315772533416748047e-01
1.315767467021942139e-01
1.315762847661972046e-01
1.315758228302001953e-01
1.315753608942031860e-01
1.315748840570449829e-01
1.315744072198867798e-01
1.315739452838897705e-01
1.315734684467315674e-01
1.315730065107345581e-01
1.315725147724151611e-01
1.315720528364181519e-01
1.315715759992599487e-01
1.315710991621017456e-01
1.315706372261047363e-01
1.315701752901077271e-01
1.315696835517883301e-01
1.315692365169525146e-01
1.315687447786331177e-01
1.315682977437973022e-01
1.315678507089614868e-01
1.315673440694808960e-01
1.315668821334838867e-01
1.315664201974868774e-01
1.315659284591674805e-01
1.315654665231704712e-01
1.315650194883346558e-01
1.315645277500152588e-01
1.315640807151794434e-01
1.315635889768600464e-01
1.315631121397018433e-01
1.315626353025436401e-01
1.315621584653854370e-01
1.315617263317108154e-01
1.315612196922302246e-01
1.315607577562332153e-01
1.315602958202362061e-01
1.315598338842391968e-01
1.315593570470809937e-01
1.315588802099227905e-01
1.315584182739257812e-01
1.315579563379287720e-01
1.315574944019317627e-01
1.315570026636123657e-01
1.315565407276153564e-01
1.315560638904571533e-01
1.315556019544601440e-01
1.315551251173019409e-01
1.315546631813049316e-01
1.315541863441467285e-01
1.315537095069885254e-01
1.315532326698303223e-01
1.315527558326721191e-01
1.315523236989974976e-01
1.315518319606781006e-01
1.315513849258422852e-01
1.315508931875228882e-01
1.315504312515258789e-01
1.315499395132064819e-01
1.315494924783706665e-01
1.315490305423736572e-01
1.315485537052154541e-01
1.315480768680572510e-01
1.315476149320602417e-01
1.315471380949020386e-01
1.315466612577438354e-01
1.315461844205856323e-01
1.315457224845886230e-01
1.315452456474304199e-01
1.315447837114334106e-01
1.315443217754364014e-01
1.315438300371170044e-01
1.315433531999588013e-01
1.315428912639617920e-01
1.315424144268035889e-01
1.315419524908065796e-01
1.315414905548095703e-01
1.315410137176513672e-01
1.315405517816543579e-01
1.315401047468185425e-01
1.315395981073379517e-01
1.315391361713409424e-01
1.315386891365051270e-01
1.315382122993469238e-01
1.315377205610275269e-01
1.315372586250305176e-01
1.315367817878723145e-01
1.315363198518753052e-01
1.315358579158782959e-01
1.315353661775588989e-01
1.315349191427230835e-01
1.315344423055648804e-01
1.315339654684066772e-01
1.315335035324096680e-01
1.315330564975738525e-01
1.315325647592544556e-01
1.315320879220962524e-01
1.315316259860992432e-01
1.315311491489410400e-01
1.315306872129440308e-01
1.315302252769470215e-01
1.315297484397888184e-01
1.315292865037918091e-01
1.315288096666336060e-01
1.315283030271530151e-01
1.315278410911560059e-01
1.315273791551589966e-01
1.315269321203231812e-01
1.315264552831649780e-01
1.315259933471679688e-01
1.315255165100097656e-01
1.315250545740127563e-01
1.315245777368545532e-01
1.315241158008575439e-01
1.315236389636993408e-01
1.315231919288635254e-01
1.315227001905441284e-01
1.315222084522247314e-01
1.315217465162277222e-01
1.315212696790695190e-01
1.315208077430725098e-01
1.315203607082366943e-01
1.315198987722396851e-01
1.315194070339202881e-01
1.315189599990844727e-01
1.315184831619262695e-01
1.315179914236068726e-01
1.315175145864486694e-01
1.315170675516128540e-01
1.315166205167770386e-01
1.315161436796188354e-01
1.315156668424606323e-01
1.315151900053024292e-01
1.315147131681442261e-01
1.315142512321472168e-01
1.315137892961502075e-01
1.315133124589920044e-01
1.315128505229949951e-01
1.315123587846755981e-01
1.315118968486785889e-01
1.315114349126815796e-01
1.315109431743621826e-01
1.315105110406875610e-01
1.315100342035293579e-01
1.315095573663711548e-01
1.315090954303741455e-01
1.315086036920547485e-01
1.315081566572189331e-01
1.315077096223831177e-01
1.315072327852249146e-01
1.315067559480667114e-01
1.315062791109085083e-01
1.315057873725891113e-01
1.315053403377532959e-01
1.315048635005950928e-01
1.315044015645980835e-01
1.315039247274398804e-01
1.315034627914428711e-01
1.315029859542846680e-01
1.315025389194488525e-01
1.315020471811294556e-01
1.315015852451324463e-01
1.315011233091354370e-01
1.315006464719772339e-01
1.315001696348190308e-01
1.314997076988220215e-01
1.314992308616638184e-01
1.314987689256668091e-01
1.314983069896697998e-01
1.314978301525115967e-01
1.314973682165145874e-01
1.314968913793563843e-01
1.314964145421981812e-01
1.314959526062011719e-01
1.314954906702041626e-01
1.314950138330459595e-01
1.314945369958877563e-01
1.314940899610519409e-01
1.314936131238937378e-01
1.314931511878967285e-01
1.314926892518997192e-01
1.314921975135803223e-01
1.314917206764221191e-01
1.314912736415863037e-01
1.314908117055892944e-01
1.314903199672698975e-01
1.314898580312728882e-01
1.314893960952758789e-01
1.314889192581176758e-01
1.314884573221206665e-01
1.314879804849624634e-01
1.314875185489654541e-01
1.314870566129684448e-01
1.314865946769714355e-01
1.314861029386520386e-01
1.314856261014938354e-01
1.314851790666580200e-01
1.314846873283386230e-01
1.314842104911804199e-01
1.314837634563446045e-01
1.314833015203475952e-01
1.314828246831893921e-01
1.314823776483535767e-01
1.314818561077117920e-01
1.314814090728759766e-01
1.314809173345565796e-01
1.314805001020431519e-01
1.314800232648849487e-01
1.314795613288879395e-01
1.314790844917297363e-01
1.314786076545715332e-01
1.314781457185745239e-01
1.314776837825775146e-01
1.314771920442581177e-01
1.314767599105834961e-01
1.314762830734252930e-01
1.314758062362670898e-01
1.314753293991088867e-01
1.314748823642730713e-01
1.314743906259536743e-01
1.314739286899566650e-01
1.314734667539596558e-01
1.314729899168014526e-01
1.314725279808044434e-01
1.314720511436462402e-01
1.314715892076492310e-01
1.314711272716522217e-01
1.314706504344940186e-01
1.314701884984970093e-01
1.314697414636611938e-01
1.314692348241806030e-01
1.314687877893447876e-01
1.314682960510253906e-01
1.314678192138671875e-01
1.314673572778701782e-01
1.314669102430343628e-01
1.314664483070373535e-01
1.314659714698791504e-01
1.314655095338821411e-01
1.314650177955627441e-01
1.314645558595657349e-01
1.314641088247299194e-01
1.314636170864105225e-01
1.314631551504135132e-01
1.314627081155776978e-01
1.314622163772583008e-01
1.314617544412612915e-01
1.314612925052642822e-01
1.314608156681060791e-01
1.314603686332702637e-01
1.314599066972732544e-01
1.314594000577926636e-01
1.314589530229568481e-01
1.314584761857986450e-01
1.314579993486404419e-01
1.314575374126434326e-01
1.314570605754852295e-01
1.314565986394882202e-01
1.314561516046524048e-01
1.314556747674942017e-01
1.314551979303359985e-01
1.314547359943389893e-01
1.314542740583419800e-01
1.314537823200225830e-01
1.314533501863479614e-01
1.314528882503509521e-01
1.314524114131927490e-01
1.314519345760345459e-01
