2.384964078664779663e-01
2.384963631629943848e-01
2.384963929653167725e-01
2.384964376688003540e-01
2.384963631629943848e-01
2.384963631629943848e-01
2.384963631629943848e-01
2.384963333606719971e-01
2.384963333606719971e-01
2.384963333606719971e-01
2.384963333606719971e-01
2.384963184595108032e-01
2.384963184595108032e-01
2.384963184595108032e-01
2.384962588548660278e-01
2.384962439537048340e-01
2.384962141513824463e-01
2.384962439537048340e-01
2.384962588548660278e-01
2.384962141513824463e-01
2.384962141513824463e-01
2.384961843490600586e-01
2.384961843490600586e-01
2.384962141513824463e-01
2.384962141513824463e-01
2.384961843490600586e-01
2.384962141513824463e-01
2.384961694478988647e-01
2.384961694478988647e-01
2.384961396455764771e-01
2.384961694478988647e-01
2.384961396455764771e-01
2.384961396455764771e-01
2.384960651397705078e-01
2.384960949420928955e-01
2.384961247444152832e-01
2.384960949420928955e-01
2.384960949420928955e-01
2.384960949420928955e-01
2.384960949420928955e-01
2.384960949420928955e-01
2.384960651397705078e-01
2.384960204362869263e-01
2.384960502386093140e-01
2.384960651397705078e-01
2.384960204362869263e-01
2.384960502386093140e-01
2.384959906339645386e-01
2.384960502386093140e-01
2.384960502386093140e-01
2.384960204362869263e-01
2.384960502386093140e-01
2.384959906339645386e-01
2.384959757328033447e-01
2.384959459304809570e-01
2.384959459304809570e-01
2.384959459304809570e-01
2.384959757328033447e-01
2.384959459304809570e-01
2.384959459304809570e-01
2.384959459304809570e-01
2.384959459304809570e-01
2.384959459304809570e-01
2.384959012269973755e-01
2.384959012269973755e-01
2.384959161281585693e-01
2.384959161281585693e-01
2.384959161281585693e-01
2.384958714246749878e-01
2.384959459304809570e-01
2.384959161281585693e-01
2.384958714246749878e-01
2.384958714246749878e-01
2.384958714246749878e-01
2.384958267211914062e-01
2.384958267211914062e-01
2.384957969188690186e-01
2.384958267211914062e-01
2.384958565235137939e-01
2.384957820177078247e-01
2.384957969188690186e-01
2.384957820177078247e-01
2.384958267211914062e-01
2.384957820177078247e-01
2.384957969188690186e-01
2.384957969188690186e-01
2.384957969188690186e-01
2.384957820177078247e-01
2.384957522153854370e-01
2.384957224130630493e-01
2.384957522153854370e-01
2.384957224130630493e-01
2.384957075119018555e-01
2.384957224130630493e-01
2.384957075119018555e-01
2.384957075119018555e-01
2.384957224130630493e-01
2.384957075119018555e-01
2.384956479072570801e-01
2.384956479072570801e-01
2.384956032037734985e-01
2.384956479072570801e-01
2.384956032037734985e-01
2.384956330060958862e-01
2.384956479072570801e-01
2.384956479072570801e-01
2.384956479072570801e-01
2.384956330060958862e-01
2.384956330060958862e-01
2.384956330060958862e-01
2.384956032037734985e-01
2.384955883026123047e-01
2.384956032037734985e-01
2.384955883026123047e-01
2.384955585002899170e-01
2.384955883026123047e-01
2.384955883026123047e-01
2.384955286979675293e-01
2.384955286979675293e-01
2.384955286979675293e-01
2.384955137968063354e-01
2.384955137968063354e-01
2.384955137968063354e-01
2.384954839944839478e-01
2.384954392910003662e-01
2.384954392910003662e-01
2.384954392910003662e-01
2.384953796863555908e-01
2.384954094886779785e-01
2.384954094886779785e-01
2.384954094886779785e-01
2.384954392910003662e-01
2.384954094886779785e-01
2.384953647851943970e-01
2.384953796863555908e-01
2.384953349828720093e-01
2.384952902793884277e-01
2.384953349828720093e-01
2.384953647851943970e-01
2.384952902793884277e-01
2.384953051805496216e-01
2.384953051805496216e-01
2.384953349828720093e-01
2.384952604770660400e-01
2.384953051805496216e-01
2.384952604770660400e-01
2.384952455759048462e-01
2.384952455759048462e-01
2.384952604770660400e-01
2.384952902793884277e-01
2.384952455759048462e-01
2.384952604770660400e-01
2.384952157735824585e-01
2.384952455759048462e-01
2.384952157735824585e-01
2.384952455759048462e-01
2.384952157735824585e-01
2.384951859712600708e-01
2.384952157735824585e-01
2.384952455759048462e-01
2.384952604770660400e-01
2.384951859712600708e-01
2.384951859712600708e-01
2.384951859712600708e-01
2.384951859712600708e-01
2.384951710700988770e-01
2.384951412677764893e-01
2.384951412677764893e-01
2.384951114654541016e-01
2.384951412677764893e-01
2.384951114654541016e-01
2.384951412677764893e-01
2.384950965642929077e-01
2.384950965642929077e-01
2.384950965642929077e-01
2.384951114654541016e-01
2.384950965642929077e-01
2.384950667619705200e-01
2.384951114654541016e-01
2.384950667619705200e-01
2.384950965642929077e-01
2.384950965642929077e-01
2.384951114654541016e-01
2.384950965642929077e-01
2.384950369596481323e-01
2.384950369596481323e-01
2.384949773550033569e-01
2.384949922561645508e-01
2.384949922561645508e-01
2.384949773550033569e-01
2.384950220584869385e-01
2.384949922561645508e-01
2.384950220584869385e-01
2.384949773550033569e-01
2.384949773550033569e-01
2.384949922561645508e-01
2.384949475526809692e-01
2.384949475526809692e-01
2.384949475526809692e-01
2.384949773550033569e-01
2.384949475526809692e-01
2.384949475526809692e-01
2.384949028491973877e-01
2.384949028491973877e-01
2.384949028491973877e-01
2.384949177503585815e-01
2.384949177503585815e-01
2.384949475526809692e-01
2.384948730468750000e-01
2.384949028491973877e-01
2.384948730468750000e-01
2.384948432445526123e-01
2.384948730468750000e-01
2.384948283433914185e-01
2.384948283433914185e-01
2.384948432445526123e-01
2.384948283433914185e-01
2.384947985410690308e-01
2.384947985410690308e-01
2.384948283433914185e-01
2.384948283433914185e-01
2.384947240352630615e-01
2.384947687387466431e-01
2.384947538375854492e-01
2.384947240352630615e-01
2.384947240352630615e-01
2.384946793317794800e-01
2.384946793317794800e-01
2.384947091341018677e-01
2.384947091341018677e-01
2.384946793317794800e-01
2.384947091341018677e-01
2.384946793317794800e-01
2.384946495294570923e-01
2.384946793317794800e-01
2.384946495294570923e-01
2.384946793317794800e-01
2.384946346282958984e-01
2.384946346282958984e-01
2.384946346282958984e-01
2.384946346282958984e-01
2.384946346282958984e-01
2.384946048259735107e-01
2.384946048259735107e-01
2.384946048259735107e-01
2.384945601224899292e-01
2.384945601224899292e-01
2.384945005178451538e-01
2.384945303201675415e-01
2.384945005178451538e-01
2.384945005178451538e-01
2.384945303201675415e-01
2.384945303201675415e-01
2.384945005178451538e-01
2.384945303201675415e-01
2.384945005178451538e-01
2.384944856166839600e-01
2.384944856166839600e-01
2.384944558143615723e-01
2.384944558143615723e-01
2.384944558143615723e-01
2.384944111108779907e-01
2.384944409132003784e-01
2.384944856166839600e-01
2.384944409132003784e-01
2.384944409132003784e-01
2.384944558143615723e-01
2.384944409132003784e-01
2.384943813085556030e-01
2.384943813085556030e-01
2.384943664073944092e-01
2.384943813085556030e-01
2.384943366050720215e-01
2.384943664073944092e-01
2.384943813085556030e-01
2.384944111108779907e-01
2.384943664073944092e-01
2.384943664073944092e-01
2.384943813085556030e-01
2.384943366050720215e-01
2.384943664073944092e-01
2.384943366050720215e-01
2.384942919015884399e-01
2.384942919015884399e-01
2.384943068027496338e-01
2.384942919015884399e-01
2.384942322969436646e-01
2.384942620992660522e-01
2.384942620992660522e-01
2.384942322969436646e-01
2.384942322969436646e-01
2.384942322969436646e-01
2.384942322969436646e-01
2.384942173957824707e-01
2.384942322969436646e-01
2.384942173957824707e-01
2.384941875934600830e-01
2.384941875934600830e-01
2.384941875934600830e-01
2.384941577911376953e-01
2.384941875934600830e-01
2.384941875934600830e-01
2.384941577911376953e-01
2.384941130876541138e-01
2.384941130876541138e-01
2.384941428899765015e-01
2.384941130876541138e-01
2.384940981864929199e-01
2.384940981864929199e-01
2.384940683841705322e-01
2.384940981864929199e-01
2.384940385818481445e-01
2.384940981864929199e-01
2.384940385818481445e-01
2.384940683841705322e-01
2.384940683841705322e-01
2.384940683841705322e-01
2.384940236806869507e-01
2.384940385818481445e-01
2.384939938783645630e-01
2.384939938783645630e-01
2.384939938783645630e-01
2.384939640760421753e-01
2.384939491748809814e-01
2.384939491748809814e-01
2.384939193725585938e-01
2.384939640760421753e-01
2.384939640760421753e-01
2.384939640760421753e-01
2.384939938783645630e-01
2.384939938783645630e-01
2.384939640760421753e-01
2.384939193725585938e-01
2.384939193725585938e-01
2.384939193725585938e-01
2.384939193725585938e-01
2.384938895702362061e-01
2.384939193725585938e-01
2.384938895702362061e-01
2.384938746690750122e-01
2.384938746690750122e-01
2.384938746690750122e-01
2.384938448667526245e-01
2.384938299655914307e-01
2.384938299655914307e-01
2.384938448667526245e-01
2.384938299655914307e-01
2.384938299655914307e-01
2.384938001632690430e-01
2.384937554597854614e-01
2.384938299655914307e-01
2.384938001632690430e-01
2.384938001632690430e-01
2.384937703609466553e-01
2.384937703609466553e-01
2.384937703609466553e-01
2.384937554597854614e-01
2.384938001632690430e-01
2.384936958551406860e-01
2.384937554597854614e-01
2.384937554597854614e-01
2.384936958551406860e-01
2.384936809539794922e-01
2.384936511516571045e-01
2.384936809539794922e-01
2.384937256574630737e-01
2.384937256574630737e-01
2.384936958551406860e-01
2.384936958551406860e-01
2.384936213493347168e-01
2.384936511516571045e-01
2.384936511516571045e-01
2.384936213493347168e-01
2.384936511516571045e-01
2.384936213493347168e-01
2.384936213493347168e-01
2.384936213493347168e-01
2.384936213493347168e-01
2.384936064481735229e-01
2.384935766458511353e-01
2.384935766458511353e-01
2.384935766458511353e-01
2.384935766458511353e-01
2.384935617446899414e-01
2.384935319423675537e-01
2.384935319423675537e-01
2.384935617446899414e-01
2.384935617446899414e-01
2.384935617446899414e-01
2.384935617446899414e-01
2.384935319423675537e-01
2.384935021400451660e-01
2.384935319423675537e-01
2.384935617446899414e-01
2.384935617446899414e-01
2.384935319423675537e-01
2.384935617446899414e-01
2.384935021400451660e-01
2.384935319423675537e-01
2.384934872388839722e-01
2.384935021400451660e-01
2.384934872388839722e-01
2.384934276342391968e-01
2.384934276342391968e-01
2.384934127330780029e-01
2.384933829307556152e-01
2.384933829307556152e-01
2.384933829307556152e-01
2.384934276342391968e-01
2.384934276342391968e-01
2.384934127330780029e-01
2.384933829307556152e-01
2.384934127330780029e-01
2.384934127330780029e-01
2.384933531284332275e-01
2.384933531284332275e-01
2.384933084249496460e-01
2.384933382272720337e-01
2.384933084249496460e-01
2.384933382272720337e-01
2.384933382272720337e-01
2.384933084249496460e-01
2.384933382272720337e-01
2.384933084249496460e-01
2.384933084249496460e-01
2.384932935237884521e-01
2.384933084249496460e-01
2.384932935237884521e-01
2.384932935237884521e-01
2.384932935237884521e-01
2.384932637214660645e-01
2.384932637214660645e-01
2.384932935237884521e-01
2.384932637214660645e-01
2.384932190179824829e-01
2.384931892156600952e-01
2.384932190179824829e-01
2.384932190179824829e-01
2.384932190179824829e-01
2.384931892156600952e-01
2.384932190179824829e-01
2.384931892156600952e-01
2.384931892156600952e-01
2.384931594133377075e-01
2.384931594133377075e-01
2.384930849075317383e-01
2.384930849075317383e-01
2.384930700063705444e-01
2.384931147098541260e-01
2.384931147098541260e-01
2.384930700063705444e-01
2.384931147098541260e-01
2.384930700063705444e-01
2.384930700063705444e-01
2.384930700063705444e-01
2.384931147098541260e-01
2.384930700063705444e-01
2.384930700063705444e-01
2.384930402040481567e-01
2.384930402040481567e-01
2.384930700063705444e-01
2.384930700063705444e-01
2.384930700063705444e-01
2.384930104017257690e-01
2.384930104017257690e-01
2.384929656982421875e-01
2.384929656982421875e-01
2.384929507970809937e-01
2.384929955005645752e-01
2.384929507970809937e-01
2.384929656982421875e-01
2.384929507970809937e-01
2.384929507970809937e-01
2.384929209947586060e-01
2.384928762912750244e-01
2.384928762912750244e-01
2.384929209947586060e-01
2.384928911924362183e-01
2.384929209947586060e-01
2.384928762912750244e-01
2.384928762912750244e-01
2.384928762912750244e-01
2.384928762912750244e-01
2.384928464889526367e-01
2.384928166866302490e-01
2.384928017854690552e-01
2.384927421808242798e-01
2.384927719831466675e-01
2.384927272796630859e-01
2.384928017854690552e-01
2.384927421808242798e-01
2.384927421808242798e-01
2.384927421808242798e-01
2.384926974773406982e-01
2.384926825761795044e-01
2.384926825761795044e-01
2.384926825761795044e-01
2.384926974773406982e-01
2.384926825761795044e-01
2.384926825761795044e-01
