9.723887592554092407e-02
9.740857779979705811e-02
9.716298431158065796e-02
9.729398787021636963e-02
9.704696387052536011e-02
9.714614599943161011e-02
9.690441936254501343e-02
9.698086231946945190e-02
9.675039350986480713e-02
9.681397676467895508e-02
9.659902006387710571e-02
9.665907919406890869e-02
9.646213054656982422e-02
9.652659296989440918e-02
9.634838253259658813e-02
9.642322361469268799e-02
9.626301378011703491e-02
9.635163843631744385e-02
9.620745480060577393e-02
9.631001949310302734e-02
9.617887437343597412e-02
9.629194438457489014e-02
9.617026895284652710e-02
9.628685563802719116e-02
9.617117792367935181e-02
9.628219902515411377e-02
9.617015719413757324e-02
9.626643359661102295e-02
9.615739434957504272e-02
9.623192995786666870e-02
9.612724930047988892e-02
9.617644548416137695e-02
9.607874602079391479e-02
9.610265493392944336e-02
9.601522982120513916e-02
9.601658582687377930e-02
9.594257920980453491e-02
9.592565149068832397e-02
9.586754441261291504e-02
9.583702683448791504e-02
9.579658508300781250e-02
9.575664252042770386e-02
9.573484957218170166e-02
9.568869322538375854e-02
9.568592905998229980e-02
9.563560783863067627e-02
9.565175324678421021e-02
9.559818357229232788e-02
9.563285857439041138e-02
9.557611495256423950e-02
9.562861919403076172e-02
9.556814283132553101e-02
9.563771635293960571e-02
9.557250887155532837e-02
9.565824270248413086e-02
9.558729082345962524e-02
9.568823873996734619e-02
9.561058878898620605e-02
9.572557359933853149e-02
9.564068913459777832e-02
9.576836973428726196e-02
9.567616879940032959e-02
9.581491351127624512e-02
9.571577608585357666e-02
9.586359560489654541e-02
9.575858712196350098e-02
9.591307491064071655e-02
9.580371528863906860e-02
9.596201777458190918e-02
9.585046768188476562e-02
9.600943326950073242e-02
9.589813649654388428e-02
9.605438262224197388e-02
9.594614058732986450e-02
9.609632194042205811e-02
9.599401801824569702e-02
9.613490849733352661e-02
9.604135900735855103e-02
9.617027640342712402e-02
9.608795493841171265e-02
9.620266407728195190e-02
9.613355994224548340e-02
9.623250365257263184e-02
9.617798775434494019e-02
9.626025706529617310e-02
9.622099250555038452e-02
9.628631919622421265e-02
9.626208245754241943e-02
9.631089866161346436e-02
9.630076587200164795e-02
9.633423388004302979e-02
9.633658081293106079e-02
9.635683149099349976e-02
9.636938571929931641e-02
9.637996554374694824e-02
9.640013426542282104e-02
9.640673547983169556e-02
9.643167257308959961e-02
9.644363820552825928e-02
9.647037088871002197e-02
9.650325775146484375e-02
9.652820229530334473e-02
9.660798311233520508e-02
9.662462770938873291e-02
9.679283201694488525e-02
9.678601473569869995e-02
9.710010886192321777e-02
9.703627973794937134e-02
9.755253046751022339e-02
9.737543761730194092e-02
9.810596704483032227e-02
9.775523841381072998e-02
9.862662851810455322e-02
9.807676076889038086e-02
9.894857555627822876e-02
9.824373573064804077e-02
9.898961335420608521e-02
9.823368489742279053e-02
9.879832714796066284e-02
9.809493273496627808e-02
9.848617762327194214e-02
9.789658337831497192e-02
9.815370291471481323e-02
9.769881516695022583e-02
9.786764532327651978e-02
9.754547476768493652e-02
9.766367822885513306e-02
9.746225178241729736e-02
9.755346179008483887e-02
9.745693206787109375e-02
9.753082692623138428e-02
9.752126783132553101e-02
9.757664799690246582e-02
9.763430058956146240e-02
9.766305238008499146e-02
9.776654839515686035e-02
9.775783866643905640e-02
9.788540750741958618e-02
9.783032536506652832e-02
9.796188026666641235e-02
9.785717725753784180e-02
9.797666221857070923e-02
9.782667458057403564e-02
9.792362898588180542e-02
9.773947298526763916e-02
9.780921041965484619e-02
9.760638326406478882e-02
9.764871001243591309e-02
9.744417667388916016e-02
9.746179729700088501e-02
9.727148711681365967e-02
9.726804494857788086e-02
9.710551053285598755e-02
9.708396345376968384e-02
9.695966541767120361e-02
9.692094475030899048e-02
9.684191644191741943e-02
9.678428620100021362e-02
9.675388783216476440e-02
9.667313843965530396e-02
9.669117629528045654e-02
9.658166766166687012e-02
9.664480388164520264e-02
9.650150686502456665e-02
9.660472720861434937e-02
9.642494469881057739e-02
9.656305611133575439e-02
9.634739905595779419e-02
9.651631116867065430e-02
9.626840800046920776e-02
9.646570682525634766e-02
9.619086980819702148e-02
9.641547501087188721e-02
9.611929953098297119e-02
9.637090563774108887e-02
9.605830907821655273e-02
9.633678942918777466e-02
9.601155668497085571e-02
9.631635248661041260e-02
9.598115086555480957e-02
9.631118923425674438e-02
9.596771001815795898e-02
9.632113575935363770e-02
9.597072005271911621e-02
9.634503722190856934e-02
9.598883986473083496e-02
9.638089686632156372e-02
9.602048993110656738e-02
9.642653167247772217e-02
9.606400132179260254e-02
9.647982567548751831e-02
9.611802548170089722e-02
9.653899818658828735e-02
9.618155658245086670e-02
9.660280495882034302e-02
9.625402092933654785e-02
9.667040407657623291e-02
9.633515030145645142e-02
9.674140065908432007e-02
9.642458707094192505e-02
9.681545943021774292e-02
9.652152657508850098e-02
9.689176082611083984e-02
9.662386775016784668e-02
9.696824103593826294e-02
9.672719985246658325e-02
9.704060852527618408e-02
9.682405740022659302e-02
9.710170328617095947e-02
9.690380096435546875e-02
9.714173525571823120e-02
9.695443511009216309e-02
9.715031832456588745e-02
9.696540236473083496e-02
9.711956232786178589e-02
9.693128615617752075e-02
9.704694151878356934e-02
9.685342013835906982e-02
9.693624824285507202e-02
9.673927724361419678e-02
9.679654240608215332e-02
9.660039097070693970e-02
9.663958102464675903e-02
9.644936770200729370e-02
9.647734463214874268e-02
9.629801660776138306e-02
9.632053226232528687e-02
9.615611284971237183e-02
9.617783129215240479e-02
9.603139758110046387e-02
9.605625271797180176e-02
9.593016654253005981e-02
9.596203267574310303e-02
9.585884958505630493e-02
9.590253978967666626e-02
9.582579880952835083e-02
9.588780999183654785e-02
9.584359079599380493e-02
9.593175351619720459e-02
9.592960029840469360e-02
9.604865312576293945e-02
9.609936922788619995e-02
9.624131768941879272e-02
9.634785354137420654e-02
9.648278355598449707e-02
9.662763029336929321e-02
9.671129286289215088e-02
9.686112403869628906e-02
9.686002135276794434e-02
9.699230641126632690e-02
9.690033644437789917e-02
9.701803326606750488e-02
9.685115516185760498e-02
9.697168320417404175e-02
9.675437957048416138e-02
9.689500182867050171e-02
9.665066748857498169e-02
9.682291001081466675e-02
9.656962007284164429e-02
9.677878767251968384e-02
9.652832895517349243e-02
9.677494317293167114e-02
9.653338789939880371e-02
9.681451320648193359e-02
9.658363461494445801e-02
9.689397364854812622e-02
9.667240083217620850e-02
9.700471162796020508e-02
9.678908437490463257e-02
9.713441133499145508e-02
9.692016243934631348e-02
9.726788848638534546e-02
9.704974293708801270e-02
9.738815575838088989e-02
9.716121852397918701e-02
9.747838228940963745e-02
9.723905473947525024e-02
9.752434492111206055e-02
9.727148711681365967e-02
9.751736372709274292e-02
9.725282341241836548e-02
9.745606780052185059e-02
9.718451648950576782e-02
9.734670072793960571e-02
9.707459062337875366e-02
9.720152616500854492e-02
9.693577885627746582e-02
9.703605622053146362e-02
9.678282588720321655e-02
9.686630219221115112e-02
9.663016349077224731e-02
9.670650959014892578e-02
9.649004787206649780e-02
9.656776487827301025e-02
9.637172520160675049e-02
9.645727276802062988e-02
9.628071635961532593e-02
9.637787193059921265e-02
9.621863067150115967e-02
9.632781893014907837e-02
9.618265181779861450e-02
9.630067646503448486e-02
9.616592526435852051e-02
9.628631174564361572e-02
9.615857899188995361e-02
9.627284854650497437e-02
9.614989161491394043e-02
9.624969214200973511e-02
9.613101184368133545e-02
9.621003270149230957e-02
9.609693288803100586e-02
9.615201503038406372e-02
9.604702144861221313e-02
9.607823193073272705e-02
9.598444402217864990e-02
9.599436819553375244e-02
9.591462463140487671e-02
9.590722620487213135e-02
9.584391862154006958e-02
9.582347422838211060e-02
9.577818959951400757e-02
9.574858844280242920e-02
9.572216123342514038e-02
9.568642824888229370e-02
9.567918628454208374e-02
9.563932567834854126e-02
9.565105289220809937e-02
9.560807794332504272e-02
9.563821554183959961e-02
9.559236466884613037e-02
9.564009308815002441e-02
9.559103846549987793e-02
9.565533697605133057e-02
9.560246765613555908e-02
9.568208456039428711e-02
9.562474489212036133e-02
9.571816772222518921e-02
9.565584361553192139e-02
9.576126933097839355e-02
9.569382667541503906e-02
9.580914676189422607e-02
9.573681652545928955e-02
9.585952013731002808e-02
9.578308463096618652e-02
9.591026604175567627e-02
9.583099186420440674e-02
9.595954418182373047e-02
9.587915986776351929e-02
9.600575268268585205e-02
9.592629224061965942e-02
9.604769200086593628e-02
9.597137570381164551e-02
9.608458727598190308e-02
9.601350128650665283e-02
9.611596167087554932e-02
9.605195373296737671e-02
9.614166617393493652e-02
9.608619660139083862e-02
9.616167098283767700e-02
9.611566364765167236e-02
9.617608785629272461e-02
9.613993018865585327e-02
9.618502110242843628e-02
9.615864604711532593e-02
9.618859738111495972e-02
9.617146849632263184e-02
9.618695825338363647e-02
9.617822617292404175e-02
9.618024528026580811e-02
9.617887437343597412e-02
9.616866707801818848e-02
9.617350250482559204e-02
9.615253657102584839e-02
9.616236388683319092e-02
9.613228589296340942e-02
9.614592045545578003e-02
9.610831737518310547e-02
9.612483531236648560e-02
9.608141332864761353e-02
9.609982371330261230e-02
9.605219960212707520e-02
9.607182443141937256e-02
9.602156281471252441e-02
9.604182094335556030e-02
9.599034488201141357e-02
9.601082652807235718e-02
9.595962613821029663e-02
9.597995877265930176e-02
9.593053907155990601e-02
9.595047682523727417e-02
9.590449184179306030e-02
9.592398256063461304e-02
9.588371217250823975e-02
9.590279310941696167e-02
9.587186574935913086e-02
9.589103609323501587e-02
9.587579965591430664e-02
9.589628130197525024e-02
9.590906649827957153e-02
9.593318402767181396e-02
9.599827229976654053e-02
9.602886438369750977e-02
9.619216620922088623e-02
9.622637927532196045e-02
9.656276553869247437e-02
9.657267481088638306e-02
9.716423600912094116e-02
9.707127511501312256e-02
9.792853146791458130e-02
9.762025624513626099e-02
9.861394017934799194e-02
9.803391247987747192e-02
9.896933287382125854e-02
9.819231927394866943e-02
9.894479811191558838e-02
9.812090545892715454e-02
9.866257011890411377e-02
9.791110455989837646e-02
9.827056527137756348e-02
9.764821827411651611e-02
9.787600487470626831e-02
9.739705175161361694e-02
9.754499047994613647e-02
9.720483422279357910e-02
9.731453657150268555e-02
9.710256010293960571e-02
9.720084071159362793e-02
9.710524231195449829e-02
9.720429778099060059e-02
9.721273928880691528e-02
9.731213748455047607e-02
9.741031378507614136e-02
9.749905019998550415e-02
9.766852855682373047e-02
9.772735834121704102e-02
9.794383496046066284e-02
9.794959425926208496e-02
9.818453341722488403e-02
9.811744093894958496e-02
9.834260493516921997e-02
9.819417446851730347e-02
9.838768094778060913e-02
9.816472977399826050e-02
9.831441938877105713e-02
9.803677350282669067e-02
9.814023971557617188e-02
9.783428162336349487e-02
9.789625555276870728e-02
9.758865833282470703e-02
9.761770069599151611e-02
9.733165055513381958e-02
9.733715653419494629e-02
9.709078073501586914e-02
9.708057343959808350e-02
9.688701480627059937e-02
9.686528146266937256e-02
9.673319756984710693e-02
9.669922292232513428e-02
9.663251042366027832e-02
9.658017754554748535e-02
9.657756239175796509e-02
9.649666398763656616e-02
9.655183553695678711e-02
9.643137454986572266e-02
9.653472900390625000e-02
9.636734426021575928e-02
9.650923311710357666e-02
9.629389643669128418e-02
9.646735340356826782e-02
9.620903432369232178e-02
9.641085565090179443e-02
9.611786901950836182e-02
9.634771198034286499e-02
9.602874517440795898e-02
9.628770500421524048e-02
9.594994783401489258e-02
9.623919427394866943e-02
9.588767588138580322e-02
9.620764106512069702e-02
9.584528207778930664e-02
9.619541466236114502e-02
9.582354873418807983e-02
9.620216488838195801e-02
9.582136571407318115e-02
9.622574597597122192e-02
9.583652019500732422e-02
9.626305848360061646e-02
9.586647897958755493e-02
9.631086140871047974e-02
9.590899944305419922e-02
9.636635333299636841e-02
9.596256911754608154e-02
9.642753750085830688e-02
9.602665156126022339e-02
9.649357944726943970e-02
9.610179811716079712e-02
9.656488895416259766e-02
9.618961066007614136e-02
9.664290398359298706e-02
9.629216045141220093e-02
