2.209265250712633133e-03
2.209260128438472748e-03
2.209255006164312363e-03
2.209249883890151978e-03
2.209245227277278900e-03
2.209239872172474861e-03
2.209234982728958130e-03
2.209230326116085052e-03
2.209225669503211975e-03
2.209219615906476974e-03
2.209214959293603897e-03
2.209209604188799858e-03
2.209204714745283127e-03
2.209200058132410049e-03
2.209195401519536972e-03
2.209190279245376587e-03
2.209184924140572548e-03
2.209180267527699471e-03
2.209175145253539085e-03
2.209170255810022354e-03
2.209164900705218315e-03
2.209159778431057930e-03
2.209155121818184853e-03
2.209149533882737160e-03
2.209144411608576775e-03
2.209140453487634659e-03
2.209135331213474274e-03
2.209130208939313889e-03
2.209125552326440811e-03
2.209120430052280426e-03
2.209115074947476387e-03
2.209110185503959656e-03
2.209105296060442924e-03
2.209099940955638885e-03
2.209095284342765808e-03
2.209090627729892731e-03
2.209085738286375999e-03
2.209080616012215614e-03
2.209075260907411575e-03
2.209069905802607536e-03
2.209065249189734459e-03
2.209059894084930420e-03
2.209055237472057343e-03
2.209050813689827919e-03
2.209045458585023880e-03
2.209040336310863495e-03
2.209035912528634071e-03
2.209031023085117340e-03
2.209025667980313301e-03
2.209021244198083878e-03
2.209015889093279839e-03
2.209010533988475800e-03
2.209005644544959068e-03
2.209000289440155029e-03
2.208995399996638298e-03
2.208990743383765221e-03
2.208986086770892143e-03
2.208980964496731758e-03
2.208976075053215027e-03
2.208970719948410988e-03
2.208966063335537910e-03
2.208961173892021179e-03
2.208955818787217140e-03
2.208950696513056755e-03
2.208946505561470985e-03
2.208941383287310600e-03
2.208936028182506561e-03
2.208931371569633484e-03
2.208926016464829445e-03
2.208920661360025406e-03
2.208916004747152328e-03
2.208911115303635597e-03
2.208906225860118866e-03
2.208901103585958481e-03
2.208896446973085403e-03
2.208891091868281364e-03
2.208886435255408287e-03
2.208881312981247902e-03
2.208876190707087517e-03
2.208871301263570786e-03
2.208866178989410400e-03
2.208861056715250015e-03
2.208856632933020592e-03
2.208850812166929245e-03
2.208845922723412514e-03
2.208840800449252129e-03
2.208836143836379051e-03
2.208830788731575012e-03
2.208826364949345589e-03
2.208821009844541550e-03
2.208816353231668472e-03
2.208811463788151741e-03
2.208806574344635010e-03
2.208801917731761932e-03
2.208797028288245201e-03
2.208791207522153854e-03
2.208786318078637123e-03
2.208781428635120392e-03
2.208776539191603661e-03
2.208771416917443275e-03
2.208766760304570198e-03
2.208762103691697121e-03
2.208756981417536736e-03
2.208752091974020004e-03
2.208747202530503273e-03
2.208741847425699234e-03
2.208736957982182503e-03
2.208732301369309425e-03
2.208726713433861732e-03
2.208721823990345001e-03
2.208716934546828270e-03
2.208711812272667885e-03
2.208707155659794807e-03
2.208701800554990768e-03
2.208696911111474037e-03
2.208692021667957306e-03
2.208687132224440575e-03
2.208681777119636536e-03
2.208676887676119804e-03
2.208672231063246727e-03
2.208667108789086342e-03
2.208662685006856918e-03
2.208657562732696533e-03
2.208652207627892494e-03
2.208648016676306725e-03
2.208642661571502686e-03
2.208637539297342300e-03
2.208632417023181915e-03
2.208627993240952492e-03
2.208622638136148453e-03
2.208617515861988068e-03
2.208612393587827682e-03
2.208607504144310951e-03
2.208602847531437874e-03
2.208597958087921143e-03
2.208593068644404411e-03
2.208587946370244026e-03
2.208582591265439987e-03
2.208577701821923256e-03
2.208572812378406525e-03
2.208567457273602486e-03
2.208563033491373062e-03
2.208558376878499985e-03
2.208553487434983253e-03
2.208548597991466522e-03
2.208543475717306137e-03
2.208538120612502098e-03
2.208532998338341713e-03
2.208528341725468636e-03
2.208523219451308250e-03
2.208518330007791519e-03
2.208513440564274788e-03
2.208508783951401711e-03
2.208503428846597672e-03
2.208498772233724594e-03
2.208493882790207863e-03
2.208488527685403824e-03
2.208483638241887093e-03
2.208479214459657669e-03
2.208473859354853630e-03
2.208468737080693245e-03
2.208463847637176514e-03
2.208459423854947090e-03
2.208454534411430359e-03
2.208449179306626320e-03
2.208443824201822281e-03
2.208439167588949203e-03
2.208434045314788818e-03
2.208428690209984779e-03
2.208424266427755356e-03
2.208419144153594971e-03
2.208414021879434586e-03
2.208409365266561508e-03
2.208404475823044777e-03
2.208399120718240738e-03
2.208394929766654968e-03
2.208390040323138237e-03
2.208384685218334198e-03
2.208379795774817467e-03
2.208374906331300735e-03
2.208369551226496696e-03
2.208364661782979965e-03
2.208360470831394196e-03
2.208355115726590157e-03
2.208350226283073425e-03
2.208345336839556694e-03
2.208339981734752655e-03
2.208334626629948616e-03
2.208329970017075539e-03
2.208325080573558807e-03
2.208320423960685730e-03
2.208315767347812653e-03
2.208310645073652267e-03
2.208305522799491882e-03
2.208300167694687843e-03
2.208295743912458420e-03
2.208290621638298035e-03
2.208285732194781303e-03
2.208280377089977264e-03
2.208275720477104187e-03
2.208270598202943802e-03
2.208265941590070724e-03
2.208261284977197647e-03
2.208255929872393608e-03
2.208250807598233223e-03
2.208246150985360146e-03
2.208241028711199760e-03
2.208235906437039375e-03
2.208231016993522644e-03
2.208226127550005913e-03
2.208221238106489182e-03
2.208216348662972450e-03
2.208211924880743027e-03
2.208206802606582642e-03
2.208202145993709564e-03
2.208196558058261871e-03
2.208191668614745140e-03
2.208186546340584755e-03
2.208181656897068024e-03
2.208176534622907639e-03
2.208171878010034561e-03
2.208167221397161484e-03
2.208162564784288406e-03
2.208157209679484367e-03
2.208151854574680328e-03
2.208146965131163597e-03
2.208142541348934174e-03
2.208136953413486481e-03
2.208132296800613403e-03
2.208127873018383980e-03
2.208122285082936287e-03
2.208117628470063210e-03
2.208112739026546478e-03
2.208107849583029747e-03
2.208102727308869362e-03
2.208097605034708977e-03
2.208093181252479553e-03
2.208088757470250130e-03
2.208083402365446091e-03
2.208078047260642052e-03
2.208073157817125320e-03
2.208068501204252243e-03
2.208063611760735512e-03
2.208058256655931473e-03
2.208053367212414742e-03
2.208048477768898010e-03
2.208043588325381279e-03
2.208038466051220894e-03
2.208033809438347816e-03
2.208028687164187431e-03
2.208023797720670700e-03
2.208019141107797623e-03
2.208014018833637238e-03
2.208009129390120506e-03
2.208004472777247429e-03
2.207999117672443390e-03
2.207993995398283005e-03
2.207989105954766273e-03
2.207984216511249542e-03
2.207979559898376465e-03
2.207974903285503387e-03
2.207969781011343002e-03
2.207964891567826271e-03
2.207960234954953194e-03
2.207955345511436462e-03
2.207949757575988770e-03
2.207945100963115692e-03
2.207940677180886269e-03
2.207935554906725883e-03
2.207930432632565498e-03
2.207925310358405113e-03
2.207920420914888382e-03
2.207915298640727997e-03
2.207910409197211266e-03
2.207905519753694534e-03
2.207900630310177803e-03
2.207896206527948380e-03
2.207890618592500687e-03
2.207885961979627609e-03
2.207881305366754532e-03
2.207876183092594147e-03
2.207871526479721069e-03
2.207866171374917030e-03
2.207861514762043953e-03
2.207856625318527222e-03
2.207851270213723183e-03
2.207845915108919144e-03
2.207841724157333374e-03
2.207836834713816643e-03
2.207831712439656258e-03
2.207827521488070488e-03
2.207822399213910103e-03
2.207817276939749718e-03
2.207811689004302025e-03
2.207807265222072601e-03
2.207802608609199524e-03
2.207797486335039139e-03
2.207792364060878754e-03
2.207788173109292984e-03
2.207782818004488945e-03
2.207777695730328560e-03
2.207772806286811829e-03
2.207767684012651443e-03
2.207763027399778366e-03
2.207758370786905289e-03
2.207753248512744904e-03
2.207747893407940865e-03
2.207743702456355095e-03
2.207739045843482018e-03
2.207733457908034325e-03
2.207728335633873940e-03
2.207723446190357208e-03
2.207718323916196823e-03
2.207713900133967400e-03
2.207708777859807014e-03
2.207703888416290283e-03
2.207699464634060860e-03
2.207694342359900475e-03
2.207689220085740089e-03
2.207683864980936050e-03
2.207679441198706627e-03
2.207675017416477203e-03
2.207669895142316818e-03
2.207664540037512779e-03
2.207659417763352394e-03
2.207655226811766624e-03
2.207650104537606239e-03
2.207644982263445854e-03
2.207639627158641815e-03
2.207635203376412392e-03
2.207630313932895660e-03
2.207624725997447968e-03
2.207620535045862198e-03
2.207615645602345467e-03
2.207610290497541428e-03
2.207605168223381042e-03
2.207600744441151619e-03
2.207595389336347580e-03
2.207590965554118156e-03
2.207585843279957771e-03
2.207581186667084694e-03
2.207576064392924309e-03
2.207571174949407578e-03
2.207566518336534500e-03
2.207561628893017769e-03
2.207556739449501038e-03
2.207551617175340652e-03
2.207546727731823921e-03
2.207542071118950844e-03
2.207536716014146805e-03
2.207531826570630074e-03
2.207527169957756996e-03
2.207522280514240265e-03
2.207517623901367188e-03
2.207512501627206802e-03
2.207507612183690071e-03
2.207503188401460648e-03
2.207498298957943916e-03
2.207492943853139877e-03
2.207488054409623146e-03
2.207483164966106415e-03
2.207478042691946030e-03
2.207473153248429298e-03
2.207468496635556221e-03
2.207463607192039490e-03
2.207458717748522758e-03
2.207453362643718719e-03
2.207448473200201988e-03
2.207443118095397949e-03
2.207438927143812180e-03
2.207434270530939102e-03
2.207429148256778717e-03
2.207424025982618332e-03
2.207419369369745255e-03
2.207414479926228523e-03
2.207409124821424484e-03
2.207404235377907753e-03
2.207399578765034676e-03
2.207394689321517944e-03
2.207389567047357559e-03
2.207384910434484482e-03
2.207380020990967751e-03
2.207375830039381981e-03
2.207370707765221596e-03
2.207365119829773903e-03
2.207360696047544479e-03
2.207356039434671402e-03
2.207350684329867363e-03
2.207346027716994286e-03
2.207340905442833900e-03
2.207336248829960823e-03
2.207331126555800438e-03
2.207326237112283707e-03
2.207321580499410629e-03
2.207316458225250244e-03
2.207311801612377167e-03
2.207306912168860435e-03
2.207301789894700050e-03
2.207297133281826973e-03
2.207292011007666588e-03
2.207287121564149857e-03
2.207282930612564087e-03
2.207277575507760048e-03
2.207272453233599663e-03
2.207267563790082932e-03
2.207262441515922546e-03
2.207257552072405815e-03
2.207253128290176392e-03
2.207248238846659660e-03
2.207242883741855621e-03
2.207238459959626198e-03
2.207233337685465813e-03
2.207228215411305428e-03
2.207223558798432350e-03
2.207218902185559273e-03
2.207214012742042542e-03
2.207209123298525810e-03
2.207204001024365425e-03
2.207198878750205040e-03
2.207193989306688309e-03
2.207189099863171577e-03
2.207183744758367538e-03
2.207179553806781769e-03
2.207174431532621384e-03
2.207169309258460999e-03
2.207164652645587921e-03
2.207160461694002151e-03
2.207155339419841766e-03
2.207149984315037727e-03
2.207144862040877342e-03
2.207140438258647919e-03
2.207135315984487534e-03
2.207130426540970802e-03
2.207125537097454071e-03
2.207120647653937340e-03
2.207115991041064262e-03
2.207110868766903877e-03
2.207106212154030800e-03
2.207101322710514069e-03
2.207096200436353683e-03
2.207091078162193298e-03
2.207086654379963875e-03
2.207081764936447144e-03
2.207077108323574066e-03
2.207072218880057335e-03
2.207067329436540604e-03
2.207062439993023872e-03
2.207057317718863487e-03
2.207052661105990410e-03
2.207047771662473679e-03
2.207042649388313293e-03
2.207037527114152908e-03
2.207033103331923485e-03
2.207028446719050407e-03
2.207022858783602715e-03
2.207018202170729637e-03
2.207013778388500214e-03
2.207008656114339828e-03
2.207003766670823097e-03
2.206999110057950020e-03
2.206993289291858673e-03
2.206988632678985596e-03
2.206983976066112518e-03
2.206979086622595787e-03
2.206974662840366364e-03
2.206969307735562325e-03
2.206964418292045593e-03
2.206959761679172516e-03
2.206955105066299438e-03
2.206950215622782707e-03
2.206945326179265976e-03
2.206940203905105591e-03
2.206935314461588860e-03
2.206930657848715782e-03
2.206926001235842705e-03
2.206920878961682320e-03
2.206915756687521935e-03
2.206911332905292511e-03
2.206906210631132126e-03
2.206901786848902702e-03
2.206895966082811356e-03
2.206891542300581932e-03
2.206886652857065201e-03
2.206881763413548470e-03
2.206876873970031738e-03
2.206871984526515007e-03
2.206867095082998276e-03
2.206862904131412506e-03
2.206857549026608467e-03
2.206852426752448082e-03
2.206848002970218658e-03
2.206842880696058273e-03
2.206837991252541542e-03
2.206833567470312119e-03
2.206828445196151733e-03
2.206824021413922310e-03
2.206818899139761925e-03
2.206814242526888847e-03
2.206808654591441154e-03
2.206804230809211731e-03
