1.471292600035667419e-02
1.471286360174417496e-02
1.471280679106712341e-02
1.471274904906749725e-02
1.471268478780984879e-02
1.471262518316507339e-02
1.471256371587514877e-02
1.471250597387552261e-02
1.471244543790817261e-02
1.471238397061824799e-02
1.471232622861862183e-02
1.471226476132869720e-02
1.471220515668392181e-02
1.471214462071657181e-02
1.471208501607179642e-02
1.471202820539474487e-02
1.471196766942739487e-02
1.471190527081489563e-02
1.471184659749269485e-02
1.471178885549306870e-02
1.471172925084829330e-02
1.471166685223579407e-02
1.471160911023616791e-02
1.471155136823654175e-02
1.471148990094661713e-02
1.471142843365669250e-02
1.471137069165706635e-02
1.471130829304456711e-02
1.471125055104494095e-02
1.471119094640016556e-02
1.471113320440053940e-02
1.471106987446546555e-02
1.471101213246583939e-02
1.471095252782106400e-02
1.471089199185371399e-02
1.471083238720893860e-02
1.471077278256416321e-02
1.471071131527423859e-02
1.471065357327461243e-02
1.471059303730726242e-02
1.471053902059793472e-02
1.471047475934028625e-02
1.471041236072778702e-02
1.471035275608301163e-02
1.471029315143823624e-02
1.471023261547088623e-02
1.471017487347126007e-02
1.471011620014905930e-02
1.471005566418170929e-02
1.470999605953693390e-02
1.470993459224700928e-02
1.470987405627965927e-02
1.470981724560260773e-02
1.470975484699010849e-02
1.470969524234533310e-02
1.470963563770055771e-02
1.470957789570093155e-02
1.470951829105615616e-02
1.470945868641138077e-02
1.470939908176660538e-02
1.470933668315410614e-02
1.470927614718675613e-02
1.470921747386455536e-02
1.470915786921977997e-02
1.470909733325242996e-02
1.470904052257537842e-02
1.470897998660802841e-02
1.470891851931810379e-02
1.470886077731847763e-02
1.470879931002855301e-02
1.470874343067407608e-02
1.470868196338415146e-02
1.470862142741680145e-02
1.470856368541717529e-02
1.470850501209497452e-02
1.470844447612762451e-02
1.470838207751512527e-02
1.470832340419292450e-02
1.470826379954814911e-02
1.470820326358079910e-02
1.470814365893602371e-02
1.470808405429124832e-02
1.470802631229162216e-02
1.470796857029199600e-02
1.470790524035692215e-02
1.470784470438957214e-02
1.470778789371252060e-02
1.470772549510002136e-02
1.470766868442296982e-02
1.470761001110076904e-02
1.470755040645599365e-02
1.470749080181121826e-02
1.470742840319871902e-02
1.470736972987651825e-02
1.470731012523174286e-02
1.470725052058696747e-02
1.470719184726476669e-02
1.470713224261999130e-02
1.470707077533006668e-02
1.470701303333044052e-02
1.470695529133081436e-02
1.470689382404088974e-02
1.470683421939611435e-02
1.470677461475133896e-02
1.470671221613883972e-02
1.470665633678436279e-02
1.470659486949443817e-02
1.470653805881738663e-02
1.470647845417261124e-02
1.470641791820526123e-02
1.470635645091533661e-02
1.470629591494798660e-02
1.470623910427093506e-02
1.470617949962615967e-02
1.470611989498138428e-02
1.470606122165918350e-02
1.470600161701440811e-02
1.470594014972448349e-02
1.470588054507970810e-02
1.470582280308008194e-02
1.470576133579015732e-02
1.470570359379053116e-02
1.470564305782318115e-02
1.470558438450098038e-02
1.470552477985620499e-02
1.470546610653400421e-02
1.470540650188922882e-02
1.470534689724445343e-02
1.470528542995452881e-02
1.470522768795490265e-02
1.470516994595527649e-02
1.470510754734277725e-02
1.470504887402057648e-02
1.470499299466609955e-02
1.470492873340845108e-02
1.470486912876367569e-02
1.470481231808662415e-02
1.470475271344184875e-02
1.470469404011964798e-02
1.470463443547487259e-02
1.470457483083009720e-02
1.470451336354017258e-02
1.470445375889539719e-02
1.470439415425062180e-02
1.470433548092842102e-02
1.470427587628364563e-02
1.470421906560659409e-02
1.470415666699409485e-02
1.470409985631704330e-02
1.470403745770454407e-02
1.470397599041461945e-02
1.470391824841499329e-02
1.470385771244764328e-02
1.470380090177059174e-02
1.470374315977096558e-02
1.470368169248104095e-02
1.470362115651369095e-02
1.470356248319149017e-02
1.470350474119186401e-02
1.470344420522451401e-02
1.470338460057973862e-02
1.470332313328981400e-02
1.470326725393533707e-02
1.470320764929056168e-02
1.470314804464578629e-02
1.470308844000101089e-02
1.470303069800138474e-02
1.470297202467918396e-02
1.470290869474411011e-02
1.470285002142190933e-02
1.470279227942228317e-02
1.470273267477750778e-02
1.470267213881015778e-02
1.470261346548795700e-02
1.470255386084318161e-02
1.470249518752098083e-02
1.470243558287620544e-02
1.470237597823143005e-02
1.470231637358665466e-02
1.470225397497415543e-02
1.470219716429710388e-02
1.470213942229747772e-02
1.470207795500755310e-02
1.470201835036277771e-02
1.470196247100830078e-02
1.470190100371837616e-02
1.470184139907360077e-02
1.470178179442882538e-02
1.470172405242919922e-02
1.470166444778442383e-02
1.470160391181707382e-02
1.470154244452714920e-02
1.470148749649524689e-02
1.470142696052789688e-02
1.470136456191539764e-02
1.470130775123834610e-02
1.470125000923871994e-02
1.470118854194879532e-02
1.470112893730401993e-02
1.470106933265924454e-02
1.470100972801446915e-02
1.470095198601484299e-02
1.470089238137006760e-02
1.470083277672529221e-02
1.470077503472566605e-02
1.470071543008089066e-02
1.470065489411354065e-02
1.470059808343648911e-02
1.470054127275943756e-02
1.470047608017921448e-02
1.470041833817958832e-02
1.470035687088966370e-02
1.470029726624488831e-02
1.470024138689041138e-02
1.470018271356821060e-02
1.470012497156858444e-02
1.470006257295608521e-02
1.470000762492418289e-02
1.469994522631168365e-02
1.469988375902175903e-02
1.469982322305440903e-02
1.469976454973220825e-02
1.469970680773258209e-02
1.469964720308780670e-02
1.469958946108818054e-02
1.469952985644340515e-02
1.469947397708892822e-02
1.469941250979900360e-02
1.469935569912195206e-02
1.469929330050945282e-02
1.469923369586467743e-02
1.469917595386505127e-02
1.469911541789770126e-02
1.469906046986579895e-02
1.469899900257587433e-02
1.469893939793109894e-02
1.469887886196374893e-02
1.469882205128669739e-02
1.469876058399677277e-02
1.469870004802942276e-02
1.469864509999752045e-02
1.469858363270759583e-02
1.469852868467569351e-02
1.469846535474061966e-02
1.469840854406356812e-02
1.469834614545106888e-02
1.469829119741916656e-02
1.469823159277439117e-02
1.469817012548446655e-02
1.469811052083969116e-02
1.469805184751749039e-02
1.469799038022756577e-02
1.469793263822793961e-02
1.469787489622831345e-02
1.469781808555126190e-02
1.469775382429361343e-02
1.469769701361656189e-02
1.469763647764921188e-02
1.469757687300443649e-02
1.469752006232738495e-02
1.469746138900518417e-02
1.469740271568298340e-02
1.469734311103820801e-02
1.469727978110313416e-02
1.469722483307123184e-02
1.469716522842645645e-02
1.469710655510425568e-02
1.469704415649175644e-02
1.469698641449213028e-02
1.469692960381507874e-02
1.469686906784772873e-02
1.469681225717067719e-02
1.469674985855817795e-02
1.469669211655855179e-02
1.469663251191377640e-02
1.469657104462385178e-02
1.469651609659194946e-02
1.469645369797945023e-02
1.469639409333467484e-02
1.469633821398019791e-02
1.469627395272254944e-02
1.469621714204549789e-02
1.469616126269102097e-02
1.469610258936882019e-02
1.469604019075632095e-02
1.469598244875669479e-02
1.469592284411191940e-02
1.469586323946714401e-02
1.469580363482236862e-02
1.469574589282274246e-02
1.469568628817796707e-02
1.469562575221061707e-02
1.469556894153356552e-02
1.469550933688879013e-02
1.469544973224401474e-02
1.469539199024438858e-02
1.469533517956733704e-02
1.469527278095483780e-02
1.469521317631006241e-02
1.469515357166528702e-02
1.469509769231081009e-02
1.469503808766603470e-02
1.469497848302125931e-02
1.469491701573133469e-02
1.469486393034458160e-02
1.469480246305465698e-02
1.469474378973245621e-02
1.469468045979738235e-02
1.469462271779775620e-02
1.469456497579813004e-02
1.469450816512107849e-02
1.469444856047630310e-02
1.469438802450895309e-02
1.469433121383190155e-02
1.469427533447742462e-02
1.469421200454235077e-02
1.469415426254272461e-02
1.469409465789794922e-02
1.469403691589832306e-02
1.469397731125354767e-02
1.469391770660877228e-02
1.469385810196399689e-02
1.469380222260951996e-02
1.469374075531959534e-02
1.469368115067481995e-02
1.469362527132034302e-02
1.469356380403041840e-02
1.469350326806306839e-02
1.469344645738601685e-02
1.469338871538639069e-02
1.469332911074161530e-02
1.469327043741941452e-02
1.469321455806493759e-02
1.469315495342016220e-02
1.469309348613023758e-02
1.469303481280803680e-02
1.469297334551811218e-02
1.469291374087333679e-02
1.469285693019628525e-02
1.469279825687408447e-02
1.469273865222930908e-02
1.469267997890710831e-02
1.469262130558490753e-02
1.469256170094013214e-02
1.469250302761793137e-02
1.469244528561830521e-02
1.469238754361867905e-02
1.469232793897390366e-02
1.469226647168397903e-02
1.469220872968435287e-02
1.469215098768472672e-02
1.469209138303995132e-02
1.469203364104032516e-02
1.469197217375040054e-02
1.469191629439592361e-02
1.469185482710599899e-02
1.469179801642894745e-02
1.469173934310674667e-02
1.469167601317167282e-02
1.469161827117204666e-02
1.469156146049499512e-02
1.469149906188249588e-02
1.469144318252801895e-02
1.469138357788324356e-02
1.469132583588361740e-02
1.469126716256141663e-02
1.469120755791664124e-02
1.469115167856216431e-02
1.469109021127223969e-02
1.469103060662746429e-02
1.469097100198268890e-02
1.469091232866048813e-02
1.469085365533828735e-02
1.469079870730638504e-02
1.469073817133903503e-02
1.469067577272653580e-02
1.469062175601720810e-02
1.469056215137243271e-02
1.469050161540508270e-02
1.469044201076030731e-02
1.469038240611553192e-02
1.469032280147075653e-02
1.469026599079370499e-02
1.469020731747150421e-02
1.469015050679445267e-02
1.469008903950452805e-02
1.469003129750490189e-02
1.468997355550527573e-02
1.468991395086050034e-02
1.468985434621572495e-02
1.468979474157094955e-02
1.468973513692617416e-02
1.468967925757169724e-02
1.468961685895919800e-02
1.468955818563699722e-02
1.468950230628252029e-02
1.468944270163774490e-02
1.468938589096069336e-02
1.468932628631591797e-02
1.468926668167114258e-02
1.468920614570379257e-02
1.468914840370416641e-02
1.468908693641424179e-02
1.468903012573719025e-02
1.468897238373756409e-02
1.468891464173793793e-02
1.468885689973831177e-02
1.468879543244838715e-02
1.468873769044876099e-02
1.468867994844913483e-02
1.468862127512693405e-02
1.468856073915958405e-02
1.468850392848253250e-02
1.468844432383775711e-02
1.468838471919298172e-02
1.468832977116107941e-02
1.468826737254858017e-02
1.468820963054895401e-02
1.468815002590417862e-02
1.468809042125940323e-02
1.468803547322750092e-02
1.468797493726015091e-02
1.468791346997022629e-02
1.468785852193832397e-02
1.468780077993869781e-02
1.468774117529392242e-02
1.468768157064914703e-02
1.468762382864952087e-02
1.468756515532732010e-02
1.468750461935997009e-02
1.468744687736034393e-02
1.468739192932844162e-02
1.468733046203851700e-02
1.468727085739374161e-02
1.468721311539411545e-02
1.468715537339448929e-02
1.468709390610456467e-02
1.468703802675008774e-02
1.468697842210531235e-02
1.468691974878311157e-02
1.468686200678348541e-02
1.468680240213871002e-02
1.468674466013908386e-02
1.468668505549430847e-02
1.468662545084953308e-02
1.468656584620475769e-02
1.468650810420513153e-02
1.468644849956035614e-02
1.468639262020587921e-02
1.468633394688367844e-02
1.468627434223890305e-02
1.468621660023927689e-02
1.468615885823965073e-02
1.468610204756259918e-02
1.468604244291782379e-02
1.468598190695047379e-02
1.468592416495084763e-02
1.468586735427379608e-02
1.468580495566129684e-02
1.468574721366167068e-02
1.468568854033946991e-02
1.468562893569469452e-02
1.468557305634021759e-02
1.468551158905029297e-02
1.468545570969581604e-02
1.468539237976074219e-02
1.468533650040626526e-02
1.468527689576148987e-02
1.468522008508443832e-02
1.468516234308481216e-02
1.468510087579488754e-02
1.468504499644041061e-02
1.468498352915048599e-02
1.468492578715085983e-02
1.468486804515123367e-02
1.468480657786130905e-02
1.468475069850683212e-02
1.468469202518463135e-02
1.468463242053985596e-02
1.468457188457250595e-02
1.468451507389545441e-02
1.468445919454097748e-02
1.468440052121877670e-02
1.468434277921915054e-02
1.468428224325180054e-02
1.468422263860702515e-02
1.468416396528482437e-02
1.468410622328519821e-02
1.468404661864042282e-02
1.468399167060852051e-02
1.468393113464117050e-02
1.468387152999639511e-02
1.468381378799676895e-02
1.468375511467456818e-02
1.468369644135236740e-02
1.468363963067531586e-02
1.468358188867568970e-02
1.468352321535348892e-02
1.468346267938613892e-02
1.468340773135423660e-02
