2.096373587846755981e-02
2.096366882324218750e-02
2.096359804272651672e-02
2.096353285014629364e-02
2.096346393227577209e-02
2.096339315176010132e-02
2.096332423388957977e-02
2.096325345337390900e-02
2.096318826079368591e-02
2.096311561763286591e-02
2.096304856240749359e-02
2.096298150718212128e-02
2.096290886402130127e-02
2.096284180879592896e-02
2.096277847886085510e-02
2.096270956099033356e-02
2.096263691782951355e-02
2.096256799995899200e-02
2.096249908208847046e-02
2.096243202686309814e-02
2.096236124634742737e-02
2.096229605376720428e-02
2.096222713589668274e-02
2.096215635538101196e-02
2.096208557486534119e-02
2.096202038228511810e-02
2.096195146441459656e-02
2.096188068389892578e-02
2.096181176602840424e-02
2.096174284815788269e-02
2.096167393028736115e-02
2.096160501241683960e-02
2.096153795719146729e-02
2.096147090196609497e-02
2.096140198409557343e-02
2.096133306622505188e-02
2.096126414835453033e-02
2.096119709312915802e-02
2.096112444996833801e-02
2.096105739474296570e-02
2.096099220216274261e-02
2.096092514693737030e-02
2.096085436642169952e-02
2.096078917384147644e-02
2.096072025597095490e-02
2.096064761281013489e-02
2.096058055758476257e-02
2.096051350235939026e-02
2.096044644713401794e-02
2.096037566661834717e-02
2.096031419932842255e-02
2.096023969352245331e-02
2.096017077565193176e-02
2.096010185778141022e-02
2.096003480255603790e-02
2.095996774733066559e-02
2.095989882946014404e-02
2.095982991158962250e-02
2.095976285636425018e-02
2.095969393849372864e-02
2.095962129533290863e-02
2.095956169068813324e-02
2.095949091017246246e-02
2.095942199230194092e-02
2.095935307443141937e-02
2.095928601920604706e-02
2.095922268927097321e-02
2.095915004611015320e-02
2.095908299088478088e-02
2.095901407301425934e-02
2.095894701778888702e-02
2.095887996256351471e-02
2.095881104469299316e-02
2.095874398946762085e-02
2.095867879688739777e-02
2.095860987901687622e-02
2.095854096114635468e-02
2.095847204327583313e-02
2.095840312540531158e-02
2.095833793282508850e-02
2.095826715230941772e-02
2.095820382237434387e-02
2.095813676714897156e-02
2.095806971192359924e-02
2.095799520611763000e-02
2.095793373882770538e-02
2.095786854624748230e-02
2.095779590308666229e-02
2.095772698521614075e-02
2.095766365528106689e-02
2.095759660005569458e-02
2.095752954483032227e-02
2.095746435225009918e-02
2.095739543437957764e-02
2.095732651650905609e-02
2.095725759863853455e-02
2.095719240605831146e-02
2.095712348818778992e-02
2.095705457031726837e-02
2.095698937773704529e-02
2.095692232251167297e-02
2.095685340464115143e-02
2.095679379999637604e-02
2.095672301948070526e-02
2.095665596425533295e-02
2.095658890902996063e-02
2.095651999115943909e-02
2.095645666122436523e-02
2.095638774335384369e-02
2.095632255077362061e-02
2.095625363290309906e-02
2.095618657767772675e-02
2.095611952245235443e-02
2.095605060458183289e-02
2.095598541200160980e-02
2.095591649413108826e-02
2.095585316419601440e-02
2.095578238368034363e-02
2.095571905374526978e-02
2.095564827322959900e-02
2.095558680593967438e-02
2.095551975071430206e-02
2.095545455813407898e-02
2.095538564026355743e-02
2.095531858503818512e-02
2.095525339245796204e-02
2.095519192516803741e-02
2.095512300729751587e-02
2.095505408942699432e-02
2.095498889684677124e-02
2.095492184162139893e-02
2.095485478639602661e-02
2.095478586852550507e-02
2.095472067594528198e-02
2.095465920865535736e-02
2.095458656549453735e-02
2.095451951026916504e-02
2.095445618033409119e-02
2.095438726246356964e-02
2.095432765781879425e-02
2.095425687730312347e-02
2.095419354736804962e-02
2.095412835478782654e-02
2.095405571162700653e-02
2.095399238169193268e-02
2.095392718911170959e-02
2.095386013388633728e-02
2.095379680395126343e-02
2.095372974872589111e-02
2.095366083085536957e-02
2.095359563827514648e-02
2.095352858304977417e-02
2.095346711575984955e-02
2.095340006053447723e-02
2.095333486795425415e-02
2.095326781272888184e-02
2.095319889485836029e-02
2.095313556492328644e-02
2.095307037234306335e-02
2.095300517976284027e-02
2.095293812453746796e-02
2.095287479460239410e-02
2.095280773937702179e-02
2.095274254679679871e-02
2.095267549157142639e-02
2.095261216163635254e-02
2.095254138112068176e-02
2.095247618854045868e-02
2.095241658389568329e-02
2.095234952867031097e-02
2.095228619873523712e-02
2.095222100615501404e-02
2.095215208828449249e-02
2.095208503305912018e-02
2.095202356576919556e-02
2.095196023583412170e-02
2.095189131796360016e-02
2.095182798802852631e-02
2.095176279544830322e-02
2.095169760286808014e-02
2.095163241028785706e-02
2.095156535506248474e-02
2.095150388777256012e-02
2.095143496990203857e-02
2.095136791467666626e-02
2.095130644738674164e-02
2.095124125480651855e-02
2.095117419958114624e-02
2.095110900700092316e-02
2.095104567706584930e-02
2.095098048448562622e-02
2.095091715455055237e-02
2.095084823668003082e-02
2.095078676939010620e-02
2.095071971416473389e-02
2.095066010951995850e-02
2.095059119164943695e-02
2.095052413642406464e-02
2.095046453177928925e-02
2.095039188861846924e-02
2.095033042132854462e-02
2.095026895403862000e-02
2.095020189881324768e-02
2.095013670623302460e-02
2.095007710158824921e-02
2.095001004636287689e-02
2.094994112849235535e-02
2.094988338649272919e-02
2.094981633126735687e-02
2.094975300133228302e-02
2.094968780875205994e-02
2.094962261617183685e-02
2.094956114888191223e-02
2.094949595630168915e-02
2.094942703843116760e-02
2.094936743378639221e-02
2.094930224120616913e-02
2.094923891127109528e-02
2.094917371869087219e-02
2.094910666346549988e-02
2.094904519617557526e-02
2.094898000359535217e-02
2.094891853630542755e-02
2.094885334372520447e-02
2.094878815114498138e-02
2.094872668385505676e-02
2.094865962862968445e-02
2.094860188663005829e-02
2.094853296875953674e-02
2.094847336411476135e-02
2.094840817153453827e-02
2.094834484159946442e-02
2.094828151166439056e-02
2.094821818172931671e-02
2.094815112650394440e-02
2.094808779656887054e-02
2.094802632927894592e-02
2.094795927405357361e-02
2.094789780676364899e-02
2.094783075153827667e-02
2.094776555895805359e-02
2.094770595431327820e-02
2.094764076173305511e-02
2.094757370650768280e-02
2.094751410186290741e-02
2.094744704663753510e-02
2.094738930463790894e-02
2.094732411205768585e-02
2.094725891947746277e-02
2.094719745218753815e-02
2.094713784754276276e-02
2.094707079231739044e-02
2.094700932502746582e-02
2.094694599509239197e-02
2.094688080251216888e-02
2.094681560993194580e-02
2.094675414264202118e-02
2.094668895006179810e-02
2.094662562012672424e-02
2.094656415283679962e-02
2.094649896025657654e-02
2.094643749296665192e-02
2.094637602567672729e-02
2.094631269574165344e-02
2.094624936580657959e-02
2.094618417322635651e-02
2.094612270593643188e-02
2.094605937600135803e-02
2.094599604606628418e-02
2.094593644142150879e-02
2.094587311148643494e-02
2.094580791890621185e-02
2.094574645161628723e-02
2.094568125903606415e-02
2.094562165439128876e-02
2.094555646181106567e-02
2.094549499452114105e-02
2.094542980194091797e-02
2.094536833465099335e-02
2.094530873000621796e-02
2.094524912536144257e-02
2.094518207013607025e-02
2.094511874020099640e-02
2.094505913555622101e-02
2.094499580562114716e-02
2.094493247568607330e-02
2.094486355781555176e-02
2.094480954110622406e-02
2.094474248588085175e-02
2.094467543065547943e-02
2.094461582601070404e-02
2.094455622136592865e-02
2.094449102878570557e-02
2.094443142414093018e-02
2.094436995685100555e-02
2.094431035220623016e-02
2.094424515962600708e-02
2.094417996704578400e-02
2.094411849975585938e-02
2.094405889511108398e-02
2.094399929046630859e-02
2.094393223524093628e-02
2.094387449324131012e-02
2.094381116330623627e-02
2.094374597072601318e-02
2.094368636608123779e-02
2.094362117350101471e-02
2.094355970621109009e-02
2.094350010156631470e-02
2.094343490898609161e-02
2.094337157905101776e-02
2.094331011176109314e-02
2.094324678182601929e-02
2.094318345189094543e-02
2.094312570989131927e-02
2.094306051731109619e-02
2.094299905002117157e-02
2.094294130802154541e-02
2.094287797808647156e-02
2.094281278550624847e-02
2.094275131821632385e-02
2.094269357621669769e-02
2.094262652099132538e-02
2.094256691634654999e-02
2.094249986112117767e-02
2.094244770705699921e-02
2.094238251447677612e-02
2.094232104718685150e-02
2.094225957989692688e-02
2.094219624996185303e-02
2.094213478267192841e-02
2.094207145273685455e-02
2.094201371073722839e-02
2.094195038080215454e-02
2.094188705086708069e-02
2.094182558357715607e-02
2.094176411628723145e-02
2.094170264899730682e-02
2.094164490699768066e-02
2.094157971441745758e-02
2.094152010977268219e-02
2.094145864248275757e-02
2.094139344990253448e-02
2.094133570790290833e-02
2.094127237796783447e-02
2.094121277332305908e-02
2.094114758074283600e-02
2.094108797609806061e-02
2.094103023409843445e-02
2.094096690416336060e-02
2.094090543687343597e-02
2.094084769487380981e-02
2.094078436493873596e-02
2.094072476029396057e-02
2.094065770506858826e-02
2.094059996306896210e-02
2.094053663313388824e-02
2.094047330319881439e-02
2.094041369855403900e-02
2.094035223126411438e-02
2.094029448926448822e-02
2.094023488461971283e-02
2.094016969203948975e-02
2.094011008739471436e-02
2.094005048274993896e-02
2.093998715281486511e-02
2.093992941081523895e-02
2.093987166881561279e-02
2.093980461359024048e-02
2.093974687159061432e-02
2.093968726694583893e-02
2.093962207436561584e-02
2.093956060707569122e-02
2.093950286507606506e-02
2.093943953514099121e-02
2.093937806785106659e-02
2.093931846320629120e-02
2.093925699591636658e-02
2.093919366598129272e-02
2.093913592398166656e-02
2.093907818198204041e-02
2.093901298940181732e-02
2.093895338475704193e-02
2.093889378011226654e-02
2.093883045017719269e-02
2.093877270817756653e-02
2.093871124088764191e-02
2.093864977359771729e-02
2.093859016895294189e-02
2.093853056430816650e-02
2.093846723437309265e-02
2.093840576708316803e-02
2.093834802508354187e-02
2.093828655779361725e-02
2.093822695314884186e-02
2.093816734850406647e-02
2.093810588121414185e-02
2.093804441392421722e-02
2.093798667192459106e-02
2.093792334198951721e-02
2.093786559998989105e-02
2.093780413269996643e-02
2.093774080276489258e-02
2.093767933547496796e-02
2.093762159347534180e-02
2.093756012618541718e-02
2.093749679625034332e-02
2.093744091689586639e-02
2.093738131225109100e-02
2.093731425702571869e-02
2.093725651502609253e-02
2.093719318509101868e-02
2.093713358044624329e-02
2.093707583844661713e-02
2.093701437115669250e-02
2.093695290386676788e-02
2.093688957393169403e-02
2.093683369457721710e-02
2.093677408993244171e-02
2.093671075999736786e-02
2.093665860593318939e-02
2.093659155070781708e-02
2.093653194606304169e-02
2.093647420406341553e-02
2.093641273677349091e-02
2.093634940683841705e-02
2.093629352748394012e-02
2.093623578548431396e-02
2.093616873025894165e-02
2.093610912561416626e-02
2.093605138361454010e-02
2.093598991632461548e-02
2.093592472374439240e-02
2.093586884438991547e-02
2.093580923974514008e-02
2.093574963510036469e-02
2.093569003045558929e-02
2.093562856316566467e-02
2.093557082116603851e-02
2.093550935387611389e-02
2.093544974923133850e-02
2.093538828194141388e-02
2.093532681465148926e-02
2.093526907265186310e-02
2.093520574271678925e-02
2.093515358865261078e-02
2.093509025871753693e-02
2.093502879142761230e-02
2.093496918678283691e-02
2.093490958213806152e-02
2.093484811484813690e-02
2.093479037284851074e-02
2.093473076820373535e-02
2.093467302620410919e-02
2.093461528420448303e-02
2.093455381691455841e-02
2.093449234962463379e-02
2.093443088233470917e-02
2.093437127768993378e-02
2.093431167304515839e-02
2.093425206840038300e-02
2.093419246375560760e-02
2.093413285911083221e-02
2.093407511711120605e-02
2.093401364982128143e-02
2.093395031988620758e-02
2.093389071524143219e-02
2.093383111059665680e-02
2.093377336859703064e-02
2.093371190130710602e-02
2.093365043401718140e-02
2.093359455466270447e-02
2.093353122472763062e-02
2.093347348272800446e-02
2.093341015279293060e-02
2.093335427343845367e-02
2.093329466879367828e-02
2.093323320150375366e-02
2.093317359685897827e-02
2.093311212956905365e-02
2.093305252492427826e-02
2.093299292027950287e-02
2.093293145298957825e-02
2.093287743628025055e-02
2.093281596899032593e-02
2.093275077641010284e-02
2.093269303441047668e-02
2.093263901770114899e-02
2.093257755041122437e-02
2.093251608312129974e-02
2.093245461583137512e-02
2.093240246176719666e-02
2.093233540654182434e-02
2.093227766454219818e-02
2.093221805989742279e-02
2.093215845525264740e-02
2.093210071325302124e-02
2.093203738331794739e-02
2.093198336660861969e-02
2.093192376196384430e-02
