5.220218095928430557e-03
5.220211576670408249e-03
5.220202729105949402e-03
5.220195278525352478e-03
5.220187827944755554e-03
5.220179911702871323e-03
5.220171995460987091e-03
5.220164079219102859e-03
5.220157094299793243e-03
5.220149178057909012e-03
5.220142193138599396e-03
5.220133811235427856e-03
5.220127291977405548e-03
5.220119375735521317e-03
5.220111459493637085e-03
5.220103543251752853e-03
5.220096558332443237e-03
5.220089107751846313e-03
5.220081657171249390e-03
5.220073275268077850e-03
5.220066290348768234e-03
5.220057908445596695e-03
5.220051389187574387e-03
5.220043472945690155e-03
5.220035556703805923e-03
5.220028106123209000e-03
5.220020655542612076e-03
5.220013204962015152e-03
5.220005288720130920e-03
5.219996906816959381e-03
5.219989456236362457e-03
5.219982936978340149e-03
5.219974555075168610e-03
5.219967570155858994e-03
5.219960119575262070e-03
5.219952668994665146e-03
5.219945218414068222e-03
5.219936836510896683e-03
5.219929385930299759e-03
5.219923332333564758e-03
5.219914019107818604e-03
5.219908431172370911e-03
5.219899117946624756e-03
5.219891667366027832e-03
5.219883751124143600e-03
5.219876766204833984e-03
5.219868849962949753e-03
5.219860933721065521e-03
5.219853483140468597e-03
5.219846498221158981e-03
5.219838116317987442e-03
5.219831597059965134e-03
5.219823680818080902e-03
5.219815764576196671e-03
5.219808779656887054e-03
5.219800397753715515e-03
5.219793412834405899e-03
5.219784565269947052e-03
5.219777580350637436e-03
5.219769664108753204e-03
5.219762213528156281e-03
5.219753831624984741e-03
5.219747778028249741e-03
5.219739396125078201e-03
5.219731479883193970e-03
5.219723563641309738e-03
5.219716578722000122e-03
5.219709593802690506e-03
5.219699814915657043e-03
5.219694692641496658e-03
5.219684913754463196e-03
5.219678860157728195e-03
5.219670943915843964e-03
5.219664424657821655e-03
5.219656042754650116e-03
5.219649057835340500e-03
5.219640210270881653e-03
5.219633691012859344e-03
5.219625309109687805e-03
5.219618324190378189e-03
5.219610873609781265e-03
5.219603423029184341e-03
5.219595041126012802e-03
5.219588056206703186e-03
5.219579674303531647e-03
5.219572223722934723e-03
5.219564773142337799e-03
5.219556391239166260e-03
5.219549406319856644e-03
5.219541024416685104e-03
5.219534505158662796e-03
5.219526588916778564e-03
5.219518672674894333e-03
5.219511222094297409e-03
5.219504237174987793e-03
5.219495389610528946e-03
5.219487939029932022e-03
5.219480022788047791e-03
5.219472106546163559e-03
5.219465587288141251e-03
5.219457205384969711e-03
5.219449754804372787e-03
5.219441372901201248e-03
5.219434387981891632e-03
5.219427868723869324e-03
5.219419021159410477e-03
5.219412501901388168e-03
5.219403654336929321e-03
5.219397135078907013e-03
5.219388287514448166e-03
5.219382233917713165e-03
5.219374317675828934e-03
5.219366867095232010e-03
5.219358950853347778e-03
5.219350568950176239e-03
5.219344049692153931e-03
5.219334736466407776e-03
5.219328682869672775e-03
5.219319369643926620e-03
5.219311919063329697e-03
5.219304468482732773e-03
5.219296086579561234e-03
5.219290032982826233e-03
5.219281651079654694e-03
5.219275131821632385e-03
5.219265818595886230e-03
5.219258833676576614e-03
5.219251383095979691e-03
5.219243466854095459e-03
5.219236016273498535e-03
5.219228565692901611e-03
5.219220649451017380e-03
5.219214130192995071e-03
5.219204816967248917e-03
5.219197832047939301e-03
5.219189915806055069e-03
5.219183396548032761e-03
5.219175014644861221e-03
5.219167564064264297e-03
5.219160579144954681e-03
5.219151731580495834e-03
5.219144746661186218e-03
5.219137761741876602e-03
5.219129845499992371e-03
5.219120997935533524e-03
5.219114478677511215e-03
5.219106096774339676e-03
5.219098646193742752e-03
5.219090264290571213e-03
5.219083279371261597e-03
5.219076294451951981e-03
5.219067912548780441e-03
5.219060927629470825e-03
5.219052080065011978e-03
5.219045095145702362e-03
5.219036247581243515e-03
5.219028797000646591e-03
5.219022277742624283e-03
5.219013430178165436e-03
5.219006910920143127e-03
5.218998529016971588e-03
5.218991078436374664e-03
5.218983162194490433e-03
5.218976177275180817e-03
5.218968261033296585e-03
5.218960810452699661e-03
5.218951962888240814e-03
5.218945443630218506e-03
5.218937527388334274e-03
5.218930542469024658e-03
5.218922626227140427e-03
5.218915175646543503e-03
5.218907259404659271e-03
5.218899343162775040e-03
5.218890961259603500e-03
5.218883045017719269e-03
5.218876060098409653e-03
5.218867678195238113e-03
5.218861158937215805e-03
5.218851845711469650e-03
5.218845326453447342e-03
5.218837875872850418e-03
5.218829959630966187e-03
5.218822509050369263e-03
5.218814592808485031e-03
5.218807142227888107e-03
5.218799225986003876e-03
5.218791775405406952e-03
5.218783393502235413e-03
5.218776408582925797e-03
5.218768026679754257e-03
5.218760576099157333e-03
5.218751728534698486e-03
5.218745209276676178e-03
5.218736827373504639e-03
5.218728911131620407e-03
5.218721460551023483e-03
5.218713544309139252e-03
5.218705628067255020e-03
5.218697711825370789e-03
5.218691658228635788e-03
5.218681879341602325e-03
5.218675825744867325e-03
5.218667443841695786e-03
5.218659993261098862e-03
5.218652542680501938e-03
5.218644160777330399e-03
5.218636710196733475e-03
5.218628328293561935e-03
5.218621343374252319e-03
5.218613427132368088e-03
5.218605976551771164e-03
5.218597594648599625e-03
5.218589212745428085e-03
5.218581296503543854e-03
5.218574311584234238e-03
5.218565929681062698e-03
5.218558944761753082e-03
5.218551028519868851e-03
5.218543577939271927e-03
5.218535661697387695e-03
5.218527745455503464e-03
5.218520760536193848e-03
5.218512378633022308e-03
5.218504928052425385e-03
5.218497943133115768e-03
5.218488629907369614e-03
5.218482110649347305e-03
5.218473728746175766e-03
5.218466743826866150e-03
5.218457430601119995e-03
5.218451842665672302e-03
5.218443460762500763e-03
5.218436475843191147e-03
5.218428093940019608e-03
5.218420177698135376e-03
5.218411795794963837e-03
5.218404345214366913e-03
5.218397360295057297e-03
5.218389444053173065e-03
5.218381062150001526e-03
5.218374077230691910e-03
5.218366160988807678e-03
5.218359176069498062e-03
5.218350794166326523e-03
5.218343343585729599e-03
5.218335893005132675e-03
5.218327045440673828e-03
5.218319129198789597e-03
5.218312144279479980e-03
5.218303296715021133e-03
5.218295380473136902e-03
5.218287464231252670e-03
5.218280944973230362e-03
5.218271631747484207e-03
5.218264646828174591e-03
5.218256264925003052e-03
5.218249280005693436e-03
5.218241363763809204e-03
5.218233447521924973e-03
5.218226462602615356e-03
5.218218080699443817e-03
5.218210630118846893e-03
5.218201782554388046e-03
5.218194797635078430e-03
5.218187812715768814e-03
5.218179896473884583e-03
5.218171514570713043e-03
5.218163132667541504e-03
5.218156613409519196e-03
5.218148231506347656e-03
5.218140780925750732e-03
5.218133796006441116e-03
5.218124948441982269e-03
5.218117963522672653e-03
5.218109115958213806e-03
5.218102131038904190e-03
5.218093283474445343e-03
5.218085832893848419e-03
5.218077916651964188e-03
5.218070000410079956e-03
5.218062549829483032e-03
5.218055099248886108e-03
5.218046717345714569e-03
5.218038335442543030e-03
5.218031350523233414e-03
5.218023434281349182e-03
5.218014586716890335e-03
5.218007601797580719e-03
5.217999685555696487e-03
5.217992234975099564e-03
5.217983853071928024e-03
5.217975936830043793e-03
5.217967554926872253e-03
5.217960570007562637e-03
5.217953119426965714e-03
5.217944271862506866e-03
5.217936821281909943e-03
5.217928905040025711e-03
5.217920988798141479e-03
5.217912606894969940e-03
5.217905156314373016e-03
5.217898171395063400e-03
5.217889323830604553e-03
5.217882338911294937e-03
5.217873957008123398e-03
5.217865575104951859e-03
5.217858590185642242e-03
5.217850208282470703e-03
5.217841826379299164e-03
5.217834841459989548e-03
5.217827390879392624e-03
5.217818543314933777e-03
5.217811092734336853e-03
5.217802245169878006e-03
5.217794328927993774e-03
5.217785481363534927e-03
5.217778496444225311e-03
5.217770580202341080e-03
5.217763595283031464e-03
5.217754747718572617e-03
5.217747762799263000e-03
5.217738915234804153e-03
5.217730998992919922e-03
5.217724479734897614e-03
5.217715632170438766e-03
5.217708181589841843e-03
5.217699799686670303e-03
5.217692349106073380e-03
5.217683501541614532e-03
5.217676050961017609e-03
5.217668600380420685e-03
5.217660218477249146e-03
5.217652302235364914e-03
5.217646248638629913e-03
5.217637401074171066e-03
5.217629950493574142e-03
5.217622034251689911e-03
5.217613652348518372e-03
5.217605270445346832e-03
5.217597354203462601e-03
5.217589903622865677e-03
5.217580590397119522e-03
5.217572208493947983e-03
5.217563826590776443e-03
5.217557307332754135e-03
5.217549391090869904e-03
5.217540543526411057e-03
5.217533558607101440e-03
5.217525642365217209e-03
5.217517726123332977e-03
5.217509344220161438e-03
5.217502359300851822e-03
5.217493977397680283e-03
5.217485129833221436e-03
5.217477213591337204e-03
5.217469297349452972e-03
5.217460915446281433e-03
5.217453930526971817e-03
5.217445548623800278e-03
5.217437166720628738e-03
5.217430181801319122e-03
5.217420868575572968e-03
5.217413883656263351e-03
5.217405967414379120e-03
5.217397119849920273e-03
5.217391531914472580e-03
5.217381287366151810e-03
5.217374302446842194e-03
5.217365920543670654e-03
5.217358004301786423e-03
5.217349622398614883e-03
5.217341706156730652e-03
5.217333789914846420e-03
5.217325408011674881e-03
5.217317491769790649e-03
5.217309575527906418e-03
5.217301659286022186e-03
5.217293743044137955e-03
5.217285361140966415e-03
5.217278841882944107e-03
5.217269062995910645e-03
5.217261612415313721e-03
5.217254161834716797e-03
5.217245314270257950e-03
5.217238795012235641e-03
5.217229947447776794e-03
5.217221099883317947e-03
5.217214580625295639e-03
5.217205733060836792e-03
5.217198748141527176e-03
5.217188969254493713e-03
5.217182449996471405e-03
5.217172205448150635e-03
5.217166151851415634e-03
5.217157769948244095e-03
5.217148922383785248e-03
5.217141471803188324e-03
5.217131692916154861e-03
5.217124707996845245e-03
5.217116791754961014e-03
5.217108409851789474e-03
5.217099562287330627e-03
5.217091646045446396e-03
5.217084195464849472e-03
5.217075347900390625e-03
5.217066500335931778e-03
5.217059515416622162e-03
5.217051599174737930e-03
5.217042751610279083e-03
5.217034835368394852e-03
5.217026453465223312e-03
5.217019002884626389e-03
5.217011086642742157e-03
5.217002239078283310e-03
5.216994322836399078e-03
5.216986406594514847e-03
5.216979421675205231e-03
5.216969642788171768e-03
5.216962657868862152e-03
5.216954275965690613e-03
5.216945894062519073e-03
5.216938443481922150e-03
5.216930061578750610e-03
5.216921214014291763e-03
5.216913297772407532e-03
5.216905381530523300e-03
5.216896999627351761e-03
5.216888617724180222e-03
5.216881167143583298e-03
5.216871853917837143e-03
5.216864868998527527e-03
5.216856487095355988e-03
5.216848570853471756e-03
5.216839723289012909e-03
5.216831807047128677e-03
5.216823425143957138e-03
5.216815508902072906e-03
5.216807126998901367e-03
5.216798279434442520e-03
5.216790828853845596e-03
5.216782446950674057e-03
5.216773599386215210e-03
5.216764751821756363e-03
5.216757301241159439e-03
5.216749850660562515e-03
5.216741003096103668e-03
5.216734018176794052e-03
5.216725170612335205e-03
5.216717720031738281e-03
5.216708872467279434e-03
5.216701421886682510e-03
5.216693505644798279e-03
5.216685123741626740e-03
5.216676276177167892e-03
5.216668359935283661e-03
5.216659512370824814e-03
5.216651596128940582e-03
5.216642282903194427e-03
5.216635763645172119e-03
5.216626450419425964e-03
5.216618534177541733e-03
5.216610152274370193e-03
5.216601770371198654e-03
5.216593388468027115e-03
5.216585472226142883e-03
5.216576624661684036e-03
5.216568242758512497e-03
5.216560326516628265e-03
5.216552410274744034e-03
5.216544028371572495e-03
5.216535646468400955e-03
5.216527730226516724e-03
5.216519348323345184e-03
5.216510035097599030e-03
5.216501653194427490e-03
5.216493736952543259e-03
5.216485355049371719e-03
5.216476973146200180e-03
5.216469056904315948e-03
5.216460675001144409e-03
5.216454155743122101e-03
5.216444376856088638e-03
5.216436926275491714e-03
5.216427147388458252e-03
5.216419231146574020e-03
5.216411780565977097e-03
5.216402467340230942e-03
5.216394085437059402e-03
5.216385237872600555e-03
5.216376390308141708e-03
5.216368474066257477e-03
5.216360092163085938e-03
5.216351710259914398e-03
5.216343328356742859e-03
5.216335412114858627e-03
5.216327495872974396e-03
5.216319113969802856e-03
5.216310266405344009e-03
5.216301418840885162e-03
