1.015678718686103821e-01
1.015669628977775574e-01
1.015660166740417480e-01
1.015651077032089233e-01
1.015641838312149048e-01
1.015632823109626770e-01
1.015623584389686584e-01
1.015614345669746399e-01
1.015605032444000244e-01
1.015595942735671997e-01
1.015586704015731812e-01
1.015577390789985657e-01
1.015568003058433533e-01
1.015558913350105286e-01
1.015549823641777039e-01
1.015540659427642822e-01
1.015531346201896667e-01
1.015522256493568420e-01
1.015513092279434204e-01
1.015503704547882080e-01
1.015494465827941895e-01
1.015485376119613647e-01
1.015475988388061523e-01
1.015466898679733276e-01
1.015457808971405029e-01
1.015448570251464844e-01
1.015439331531524658e-01
1.015430092811584473e-01
1.015421003103256226e-01
1.015411689877510071e-01
1.015402451157569885e-01
1.015393137931823730e-01
1.015384122729301453e-01
1.015374884009361267e-01
1.015365645289421082e-01
1.015356481075286865e-01
1.015347316861152649e-01
1.015338003635406494e-01
1.015328913927078247e-01
1.015319749712944031e-01
1.015310436487197876e-01
1.015301197767257690e-01
1.015291959047317505e-01
1.015282794833183289e-01
1.015273630619049072e-01
1.015264466404914856e-01
1.015255302190780640e-01
1.015245988965034485e-01
1.015236899256706238e-01
1.015227735042572021e-01
1.015218347311019897e-01
1.015209108591079712e-01
1.015199944376945496e-01
1.015190780162811279e-01
1.015181392431259155e-01
1.015172302722930908e-01
1.015163213014602661e-01
1.015153899788856506e-01
1.015144735574722290e-01
1.015135496854782104e-01
1.015126407146453857e-01
1.015117168426513672e-01
1.015107855200767517e-01
1.015098616480827332e-01
1.015089526772499084e-01
1.015080437064170837e-01
1.015071272850036621e-01
1.015062034130096436e-01
1.015052869915962219e-01
1.015043631196022034e-01
1.015034541487693787e-01
1.015025377273559570e-01
1.015015915036201477e-01
1.015006750822067261e-01
1.014997735619544983e-01
1.014988496899604797e-01
1.014979183673858643e-01
1.014969944953918457e-01
1.014960855245590210e-01
1.014951393008232117e-01
1.014942377805709839e-01
1.014933064579963684e-01
1.014923825860023499e-01
1.014914736151695251e-01
1.014905571937561035e-01
1.014896258711814880e-01
1.014887019991874695e-01
1.014877706766128540e-01
1.014868617057800293e-01
1.014859601855278015e-01
1.014850363135337830e-01
1.014841273427009583e-01
1.014831885695457458e-01
1.014822795987129211e-01
1.014813482761383057e-01
1.014804244041442871e-01
1.014795228838920593e-01
1.014786139130592346e-01
1.014776900410652161e-01
1.014767661690711975e-01
1.014758571982383728e-01
1.014749258756637573e-01
1.014740094542503357e-01
1.014730930328369141e-01
1.014721691608428955e-01
1.014712601900100708e-01
1.014703363180160522e-01
1.014694347977638245e-01
1.014685034751892090e-01
1.014675870537757874e-01
1.014666780829429626e-01
1.014657542109489441e-01
1.014648452401161194e-01
1.014639213681221008e-01
1.014629974961280823e-01
1.014620885252952576e-01
1.014611795544624329e-01
1.014602407813072205e-01
1.014593318104743958e-01
1.014584228396415710e-01
1.014574766159057617e-01
1.014565750956535339e-01
1.014556512236595154e-01
1.014547273516654968e-01
1.014538183808326721e-01
1.014529094099998474e-01
1.014519855380058289e-01
1.014510840177536011e-01
1.014501526951789856e-01
1.014492288231849670e-01
1.014483198523521423e-01
1.014473959803581238e-01
1.014464721083641052e-01
1.014455631375312805e-01
1.014446392655372620e-01
1.014437153935432434e-01
1.014427840709686279e-01
1.014418825507164001e-01
1.014409586787223816e-01
1.014400497078895569e-01
1.014391407370567322e-01
1.014382243156433105e-01
1.014373153448104858e-01
1.014363840222358704e-01
1.014354676008224487e-01
1.014345511794090271e-01
1.014336273074150085e-01
1.014327183365821838e-01
1.014318019151687622e-01
1.014308780431747437e-01
1.014299690723419189e-01
1.014290377497673035e-01
1.014281138777732849e-01
1.014272049069404602e-01
1.014262884855270386e-01
1.014253720641136169e-01
1.014244481921195984e-01
1.014235317707061768e-01
1.014226153492927551e-01
1.014216989278793335e-01
1.014207899570465088e-01
1.014198660850524902e-01
1.014189571142196655e-01
1.014180332422256470e-01
1.014171093702316284e-01
1.014162078499794006e-01
1.014152765274047852e-01
1.014143750071525574e-01
1.014134585857391357e-01
1.014125347137451172e-01
1.014116406440734863e-01
1.014107018709182739e-01
1.014097854495048523e-01
1.014088988304138184e-01
1.014079749584197998e-01
1.014070212841033936e-01
1.014061123132705688e-01
1.014051958918571472e-01
1.014042720198631287e-01
1.014033779501914978e-01
1.014024391770362854e-01
1.014015525579452515e-01
1.014006212353706360e-01
1.013997048139572144e-01
1.013987958431243896e-01
1.013978868722915649e-01
1.013969630002975464e-01
1.013960540294647217e-01
1.013951525092124939e-01
1.013942062854766846e-01
1.013933047652244568e-01
1.013923957943916321e-01
1.013914719223976135e-01
1.013905629515647888e-01
1.013896465301513672e-01
1.013887375593185425e-01
1.013878136873245239e-01
1.013869047164916992e-01
1.013860031962394714e-01
1.013850718736648560e-01
1.013841554522514343e-01
1.013832390308380127e-01
1.013823226094245911e-01
1.013814210891723633e-01
1.013804897665977478e-01
1.013795658946037292e-01
1.013786643743515015e-01
1.013777554035186768e-01
1.013768315315246582e-01
1.013759151101112366e-01
1.013750135898590088e-01
1.013740897178649902e-01
1.013731807470321655e-01
1.013722568750381470e-01
1.013713404536247253e-01
1.013704240322113037e-01
1.013695076107978821e-01
1.013685986399650574e-01
1.013676747679710388e-01
1.013667657971382141e-01
1.013658419251441956e-01
1.013649329543113708e-01
1.013640090823173523e-01
1.013631001114845276e-01
1.013621836900711060e-01
1.013612747192382812e-01
1.013603657484054565e-01
1.013594493269920349e-01
1.013585403561592102e-01
1.013576164841651917e-01
1.013567075133323669e-01
1.013557910919189453e-01
1.013548746705055237e-01
1.013539582490921021e-01
1.013530492782592773e-01
1.013521403074264526e-01
1.013512238860130310e-01
1.013502925634384155e-01
1.013493835926055908e-01
1.013484671711921692e-01
1.013475582003593445e-01
1.013466492295265198e-01
1.013457253575325012e-01
1.013448238372802734e-01
1.013438999652862549e-01
1.013429909944534302e-01
1.013420820236206055e-01
1.013411656022071838e-01
1.013402417302131653e-01
1.013393327593803406e-01
1.013384237885475159e-01
1.013375073671340942e-01
1.013365909457206726e-01
1.013356670737266541e-01
1.013347581028938293e-01
1.013338640332221985e-01
1.013329327106475830e-01
1.013320237398147583e-01
1.013310998678207397e-01
1.013301834464073181e-01
1.013292893767356873e-01
1.013283878564834595e-01
1.013274639844894409e-01
1.013265550136566162e-01
1.013256162405014038e-01
1.013247072696685791e-01
1.013237982988357544e-01
1.013228967785835266e-01
1.013219729065895081e-01
1.013210639357566833e-01
1.013201624155044556e-01
1.013192385435104370e-01
1.013183295726776123e-01
1.013174131512641907e-01
1.013165041804313660e-01
1.013155803084373474e-01
1.013146564364433289e-01
1.013137623667716980e-01
1.013128459453582764e-01
1.013119444251060486e-01
1.013110280036926270e-01
1.013101115822792053e-01
1.013092026114463806e-01
1.013082936406135559e-01
1.013073548674583435e-01
1.013064458966255188e-01
1.013055443763732910e-01
1.013046205043792725e-01
1.013037115335464478e-01
1.013028025627136230e-01
1.013018861413002014e-01
1.013009622693061829e-01
1.013000756502151489e-01
1.012991517782211304e-01
1.012982428073883057e-01
1.012973338365554810e-01
1.012964174151420593e-01
1.012954935431480408e-01
1.012945994734764099e-01
1.012936830520629883e-01
1.012927740812301636e-01
1.012918427586555481e-01
1.012909486889839172e-01
1.012900248169898987e-01
1.012891381978988647e-01
1.012882143259048462e-01
1.012873128056526184e-01
1.012863814830780029e-01
1.012854799628257751e-01
1.012845560908317566e-01
1.012836396694183350e-01
1.012827232480049133e-01
1.012818142771720886e-01
1.012808904051780701e-01
1.012799814343452454e-01
1.012790799140930176e-01
1.012781560420989990e-01
1.012772321701049805e-01
1.012763455510139465e-01
1.012754216790199280e-01
1.012745127081871033e-01
1.012736037373542786e-01
1.012726873159408569e-01
1.012717857956886292e-01
1.012708693742752075e-01
1.012699529528617859e-01
1.012690439820289612e-01
1.012681350111961365e-01
1.012672334909439087e-01
1.012663096189498901e-01
1.012654006481170654e-01
1.012644842267036438e-01
1.012635752558708191e-01
1.012626662850379944e-01
1.012617498636245728e-01
1.012608408927917480e-01
1.012599393725395203e-01
1.012590155005455017e-01
1.012581065297126770e-01
1.012572124600410461e-01
1.012562811374664307e-01
1.012553796172142029e-01
1.012544706463813782e-01
1.012535393238067627e-01
1.012526452541351318e-01
1.012517288327217102e-01
1.012508273124694824e-01
1.012499108910560608e-01
1.012490019202232361e-01
1.012481003999710083e-01
1.012471914291381836e-01
1.012462750077247620e-01
1.012453660368919373e-01
1.012444570660591125e-01
1.012435406446456909e-01
1.012426316738128662e-01
1.012417227029800415e-01
1.012407988309860229e-01
1.012398973107337952e-01
1.012389883399009705e-01
1.012380719184875488e-01
1.012371629476547241e-01
1.012362763285636902e-01
1.012353524565696716e-01
1.012344285845756531e-01
1.012335270643234253e-01
1.012326255440711975e-01
1.012317165732383728e-01
1.012308076024055481e-01
1.012298837304115295e-01
1.012289822101593018e-01
1.012280732393264771e-01
1.012271568179130554e-01
1.012262478470802307e-01
1.012253165245056152e-01
1.012244224548339844e-01
1.012235134840011597e-01
1.012225896120071411e-01
1.012217029929161072e-01
1.012207865715026855e-01
1.012198925018310547e-01
1.012189909815788269e-01
1.012180671095848083e-01
1.012171581387519836e-01
1.012162417173385620e-01
1.012153327465057373e-01
1.012144386768341064e-01
1.012135073542594910e-01
1.012126207351684570e-01
1.012116894125938416e-01
1.012107729911804199e-01
1.012098714709281921e-01
1.012089550495147705e-01
1.012080609798431396e-01
1.012071520090103149e-01
1.012062504887580872e-01
1.012053266167640686e-01
1.012044250965118408e-01
1.012035012245178223e-01
1.012026146054267883e-01
1.012017056345939636e-01
1.012008115649223328e-01
1.011998802423477173e-01
1.011989563703536987e-01
1.011980473995208740e-01
1.011971384286880493e-01
1.011962369084358215e-01
1.011953130364418030e-01
1.011944040656089783e-01
1.011935025453567505e-01
1.011926084756851196e-01
1.011916920542716980e-01
1.011907979846000671e-01
1.011898741126060486e-01
1.011889651417732239e-01
1.011880636215209961e-01
1.011871322989463806e-01
1.011862382292747498e-01
1.011853218078613281e-01
1.011844053864479065e-01
1.011835187673568726e-01
1.011825948953628540e-01
1.011816933751106262e-01
1.011807844042778015e-01
1.011798605322837830e-01
1.011789739131927490e-01
1.011780574917793274e-01
1.011771485209465027e-01
1.011762470006942749e-01
1.011753231287002563e-01
1.011744439601898193e-01
1.011735349893569946e-01
1.011726111173629761e-01
1.011717095971107483e-01
1.011708006262779236e-01
1.011698767542839050e-01
1.011689752340316772e-01
1.011680737137794495e-01
1.011671647429466248e-01
1.011662632226943970e-01
1.011653542518615723e-01
1.011644452810287476e-01
1.011635288596153259e-01
1.011626198887825012e-01
1.011617332696914673e-01
1.011608168482780457e-01
1.011599078774452209e-01
1.011589989066123962e-01
1.011580973863601685e-01
1.011571586132049561e-01
1.011562719941139221e-01
1.011553630232810974e-01
1.011544466018676758e-01
1.011535450816154480e-01
1.011526286602020264e-01
1.011517122387886047e-01
1.011508256196975708e-01
1.011499017477035522e-01
1.011489927768707275e-01
1.011480763554573059e-01
1.011471822857856750e-01
1.011462807655334473e-01
1.011453643441200256e-01
1.011444628238677979e-01
1.011435687541961670e-01
1.011426672339439392e-01
1.011417433619499207e-01
1.011408418416976929e-01
1.011399328708648682e-01
1.011390164494514465e-01
1.011381149291992188e-01
1.011371985077857971e-01
1.011363044381141663e-01
1.011353954672813416e-01
1.011344939470291138e-01
1.011335700750350952e-01
1.011326685547828674e-01
1.011317744851112366e-01
1.011308580636978149e-01
1.011299490928649902e-01
1.011290401220321655e-01
1.011281386017799377e-01
1.011271998286247253e-01
1.011263132095336914e-01
1.011254042387008667e-01
1.011245027184486389e-01
1.011235862970352173e-01
1.011226996779441833e-01
1.011217758059501648e-01
1.011208742856979370e-01
1.011199727654457092e-01
1.011190637946128845e-01
1.011181399226188660e-01
1.011172384023666382e-01
1.011163443326950073e-01
1.011154204607009888e-01
1.011145189404487610e-01
1.011135950684547424e-01
1.011126935482025146e-01
1.011117920279502869e-01
