3.455671668052673340e-02
3.455636277794837952e-02
3.455600515007972717e-02
3.455564752221107483e-02
3.455528616905212402e-02
3.455493226647377014e-02
3.455457836389541626e-02
3.455422446131706238e-02
3.455386310815811157e-02
3.455350920557975769e-02
3.455315157771110535e-02
3.455279394984245300e-02
3.455243632197380066e-02
3.455207869410514832e-02
3.455172106623649597e-02
3.455135971307754517e-02
3.455100581049919128e-02
3.455064818263053894e-02
3.455029428005218506e-02
3.454993292689323425e-02
3.454957529902458191e-02
3.454922139644622803e-02
3.454886376857757568e-02
3.454850986599922180e-02
3.454815223813056946e-02
3.454779833555221558e-02
3.454744443297386169e-02
3.454708680510520935e-02
3.454672545194625854e-02
3.454636782407760620e-02
3.454601764678955078e-02
3.454565629363059998e-02
3.454529866576194763e-02
3.454494848847389221e-02
3.454459458589553833e-02
3.454423695802688599e-02
3.454387560486793518e-02
3.454352542757987976e-02
3.454317152500152588e-02
3.454281389713287354e-02
3.454245626926422119e-02
3.454210236668586731e-02
3.454174473881721497e-02
3.454138711094856262e-02
3.454102948307991028e-02
3.454067558050155640e-02
3.454031422734260559e-02
3.453996405005455017e-02
3.453960642218589783e-02
3.453924879431724548e-02
3.453889489173889160e-02
3.453853726387023926e-02
3.453818708658218384e-02
3.453782573342323303e-02
3.453747555613517761e-02
3.453711420297622681e-02
3.453676402568817139e-02
3.453640639781951904e-02
3.453605249524116516e-02
3.453569486737251282e-02
3.453534096479415894e-02
3.453498706221580505e-02
3.453463315963745117e-02
3.453427553176879883e-02
3.453391790390014648e-02
3.453356772661209106e-02
3.453320637345314026e-02
3.453285247087478638e-02
3.453250229358673096e-02
3.453214094042778015e-02
3.453178331255912781e-02
3.453142568469047546e-02
3.453107178211212158e-02
3.453071787953376770e-02
3.453036025166511536e-02
3.453001379966735840e-02
3.452965617179870605e-02
3.452929854393005371e-02
3.452894464135169983e-02
3.452859073877334595e-02
3.452823683619499207e-02
3.452787920832633972e-02
3.452752158045768738e-02
3.452717140316963196e-02
3.452681750059127808e-02
3.452645987272262573e-02
3.452610597014427185e-02
3.452575206756591797e-02
3.452540189027786255e-02
3.452504426240921021e-02
3.452468663454055786e-02
3.452433645725250244e-02
3.452398255467414856e-02
3.452362865209579468e-02
3.452327102422714233e-02
3.452291712164878845e-02
3.452256694436073303e-02
3.452220931649208069e-02
3.452185168862342834e-02
3.452150151133537292e-02
3.452114388346672058e-02
3.452078998088836670e-02
3.452043235301971436e-02
3.452008217573165894e-02
3.451972082257270813e-02
3.451936691999435425e-02
3.451901674270629883e-02
3.451865911483764648e-02
3.451829776167869568e-02
3.451795503497123718e-02
3.451759740710258484e-02
3.451724350452423096e-02
3.451689705252647400e-02
3.451652824878692627e-02
3.451618179678916931e-02
3.451582789421081543e-02
3.451546654105186462e-02
3.451511636376380920e-02
3.451476246118545532e-02
3.451440855860710144e-02
3.451405465602874756e-02
3.451370075345039368e-02
3.451334685087203979e-02
3.451299294829368591e-02
3.451264649629592896e-02
3.451228514313697815e-02
3.451193496584892273e-02
3.451157361268997192e-02
3.451122343540191650e-02
3.451087325811386108e-02
3.451051563024520874e-02
3.451016545295715332e-02
3.450981527566909790e-02
3.450946137309074402e-02
3.450909629464149475e-02
3.450874984264373779e-02
3.450839221477508545e-02
3.450804203748703003e-02
3.450768813490867615e-02
3.450733795762062073e-02
3.450698405504226685e-02
3.450663015246391296e-02
3.450627624988555908e-02
3.450591862201690674e-02
3.450556471943855286e-02
3.450521081686019897e-02
3.450486809015274048e-02
3.450451046228408813e-02
3.450415283441543579e-02
3.450379520654678345e-02
3.450345247983932495e-02
3.450308740139007568e-02
3.450273349881172180e-02
3.450237959623336792e-02
3.450202941894531250e-02
3.450167924165725708e-02
3.450132533907890320e-02
3.450097516179084778e-02
3.450062125921249390e-02
3.450026363134384155e-02
3.449990972876548767e-02
3.449955955147743225e-02
3.449920192360877991e-02
3.449885547161102295e-02
3.449849411845207214e-02
3.449814021587371826e-02
3.449779003858566284e-02
3.449744358658790588e-02
3.449708595871925354e-02
3.449672833085060120e-02
3.449638187885284424e-02
3.449602797627449036e-02
3.449567407369613647e-02
3.449532017111778259e-02
3.449496999382972717e-02
3.449461236596107483e-02
3.449426218867301941e-02
3.449391946196556091e-02
3.449355810880661011e-02
3.449321165680885315e-02
3.449285402894020081e-02
3.449250757694244385e-02
3.449214994907379150e-02
3.449179604649543762e-02
3.449144959449768066e-02
3.449109196662902832e-02
3.449074178934097290e-02
3.449038416147232056e-02
3.449003025889396667e-02
3.448967635631561279e-02
3.448932617902755737e-02
3.448897600173950195e-02
3.448861837387084961e-02
3.448827192187309265e-02
3.448792174458503723e-02
3.448756039142608643e-02
3.448721393942832947e-02
3.448686376214027405e-02
3.448651358485221863e-02
3.448615595698356628e-02
3.448580577969551086e-02
3.448545187711715698e-02
3.448509424924850464e-02
3.448474779725074768e-02
3.448439761996269226e-02
3.448404371738433838e-02
3.448368981480598450e-02
3.448333963751792908e-02
3.448299318552017212e-02
3.448263183236122131e-02
3.448228538036346436e-02
3.448193147778511047e-02
3.448157757520675659e-02
3.448122739791870117e-02
3.448087722063064575e-02
3.448052331805229187e-02
3.448016941547393799e-02
3.447982296347618103e-02
3.447946906089782715e-02
3.447911515831947327e-02
3.447876870632171631e-02
3.447841107845306396e-02
3.447806462645530701e-02
3.447770327329635620e-02
3.447735682129859924e-02
3.447701036930084229e-02
3.447666019201278687e-02
3.447630628943443298e-02
3.447595238685607910e-02
3.447560220956802368e-02
3.447524830698966980e-02
3.447489440441131592e-02
3.447454795241355896e-02
3.447420150041580200e-02
3.447384759783744812e-02
3.447349369525909424e-02
3.447313979268074036e-02
3.447278589010238647e-02
3.447244316339492798e-02
3.447208926081657410e-02
3.447173535823822021e-02
3.447138518095016479e-02
3.447103127837181091e-02
3.447068110108375549e-02
3.447033092379570007e-02
3.446997329592704773e-02
3.446962684392929077e-02
3.446927666664123535e-02
3.446892276406288147e-02
3.446857258677482605e-02
3.446821868419647217e-02
3.446786850690841675e-02
3.446752205491065979e-02
3.446717187762260437e-02
3.446682170033454895e-02
3.446645662188529968e-02
3.446611762046813965e-02
3.446576744318008423e-02
3.446541726589202881e-02
3.446507081389427185e-02
3.446471318602561951e-02
3.446436300873756409e-02
3.446400910615921021e-02
3.446365892887115479e-02
3.446331620216369629e-02
3.446295857429504395e-02
3.446260839700698853e-02
3.446226194500923157e-02
3.446191176772117615e-02
3.446156159043312073e-02
3.446120768785476685e-02
3.446085378527641296e-02
3.446050733327865601e-02
3.446016088128089905e-02
3.445980697870254517e-02
3.445945307612419128e-02
3.445910289883613586e-02
3.445874899625778198e-02
3.445840626955032349e-02
3.445805236697196960e-02
3.445769846439361572e-02
3.445734828710556030e-02
3.445700183510780334e-02
3.445664793252944946e-02
3.445629402995109558e-02
3.445595130324363708e-02
3.445559740066528320e-02
3.445523977279663086e-02
3.445489332079887390e-02
3.445454314351081848e-02
3.445419669151306152e-02
3.445385023951530457e-02
3.445349633693695068e-02
3.445314988493919373e-02
3.445279970765113831e-02
3.445243835449218750e-02
3.445209190249443054e-02
3.445173799991607666e-02
3.445139527320861816e-02
3.445104509592056274e-02
3.445069119334220886e-02
3.445034474134445190e-02
3.444999828934669495e-02
3.444964811205863953e-02
3.444929048418998718e-02
3.444895148277282715e-02
3.444859758019447327e-02
3.444824740290641785e-02
3.444790467619895935e-02
3.444755077362060547e-02
3.444719314575195312e-02
3.444684296846389771e-02
3.444648906588554382e-02
3.444614261388778687e-02
3.444579616189002991e-02
3.444545343518257141e-02
3.444509953260421753e-02
3.444474935531616211e-02
3.444439545273780823e-02
3.444405645132064819e-02
3.444370254874229431e-02
3.444334864616394043e-02
3.444299846887588501e-02
3.444265201687812805e-02
3.444230183959007263e-02
3.444194793701171875e-02
3.444159403443336487e-02
3.444125503301620483e-02
3.444090113043785095e-02
3.444055467844009399e-02
3.444020077586174011e-02
3.443985432386398315e-02
3.443950042128562927e-02
3.443915769457817078e-02
3.443880751729011536e-02
3.443845361471176147e-02
3.443810716271400452e-02
3.443776071071624756e-02
3.443740308284759521e-02
3.443705663084983826e-02
3.443670645356178284e-02
3.443635627627372742e-02
3.443600982427597046e-02
3.443566709756851196e-02
3.443531319499015808e-02
3.443495929241180420e-02
3.443461656570434570e-02
3.443426638841629028e-02
3.443391248583793640e-02
3.443356230854988098e-02
3.443322330713272095e-02
3.443287685513496399e-02
3.443252295255661011e-02
3.443217650055885315e-02
3.443183004856109619e-02
3.443147242069244385e-02
3.443112969398498535e-02
3.443077951669692993e-02
3.443043306469917297e-02
3.443008288741111755e-02
3.442972898483276367e-02
3.442937880754470825e-02
3.442903608083724976e-02
3.442868217825889587e-02
3.442833945155143738e-02
3.442798927426338196e-02
3.442763537168502808e-02
3.442729264497756958e-02
3.442694246768951416e-02
3.442658856511116028e-02
3.442624956369400024e-02
3.442589566111564636e-02
3.442554548382759094e-02
3.442520275712013245e-02
3.442484885454177856e-02
3.442450240254402161e-02
3.442415595054626465e-02
3.442380577325820923e-02
3.442346304655075073e-02
3.442310914397239685e-02
3.442275524139404297e-02
3.442241996526718140e-02
3.442206606268882751e-02
3.442171588540077209e-02
3.442136943340301514e-02
3.442102298140525818e-02
3.442066907882690430e-02
3.442032635211944580e-02
3.441997244954109192e-02
3.441962227225303650e-02
3.441927954554557800e-02
3.441892191767692566e-02
3.441858291625976562e-02
3.441823273897171021e-02
3.441788256168365479e-02
3.441753983497619629e-02
3.441718965768814087e-02
3.441684320569038391e-02
3.441649302840232849e-02
3.441614657640457153e-02
3.441580012440681458e-02
3.441545367240905762e-02
3.441509231925010681e-02
3.441475704312324524e-02
3.441440686583518982e-02
3.441406041383743286e-02
3.441371768712997437e-02
3.441336378455162048e-02
3.441301733255386353e-02
3.441266342997550964e-02
3.441231325268745422e-02
3.441196680068969727e-02
3.441163152456283569e-02
3.441127762198448181e-02
3.441091999411582947e-02
3.441058471798896790e-02
3.441023454070091248e-02
3.440988808870315552e-02
3.440953418612480164e-02
3.440919145941734314e-02
3.440884500741958618e-02
3.440849483013153076e-02
3.440814837813377380e-02
3.440779820084571838e-02
3.440745547413825989e-02
3.440710902214050293e-02
3.440675511956214905e-02
3.440641611814498901e-02
3.440606594085693359e-02
3.440571576356887817e-02
3.440537303686141968e-02
3.440501913428306580e-02
3.440467640757560730e-02
3.440433368086814880e-02
3.440397977828979492e-02
3.440363332629203796e-02
3.440328687429428101e-02
3.440294042229652405e-02
3.440259397029876709e-02
3.440224751830101013e-02
3.440190479159355164e-02
3.440155088901519775e-02
3.440120071172714233e-02
3.440085425972938538e-02
3.440050780773162842e-02
3.440016135573387146e-02
3.439981490373611450e-02
3.439946472644805908e-02
3.439911827445030212e-02
3.439877182245254517e-02
3.439843282103538513e-02
3.439808264374732971e-02
3.439773246645927429e-02
3.439738228917121887e-02
3.439703583717346191e-02
3.439669311046600342e-02
3.439634665846824646e-02
3.439600020647048950e-02
3.439565375447273254e-02
3.439530357718467712e-02
3.439496085047721863e-02
3.439460694789886475e-02
3.439426794648170471e-02
3.439391404390335083e-02
3.439357131719589233e-02
3.439322859048843384e-02
3.439287841320037842e-02
3.439253568649291992e-02
3.439218550920486450e-02
3.439183533191680908e-02
3.439149260520935059e-02
3.439114987850189209e-02
3.439080342650413513e-02
3.439045324921607971e-02
3.439010679721832275e-02
3.438976034522056580e-02
3.438941761851310730e-02
3.438906744122505188e-02
3.438872098922729492e-02
3.438837081193923950e-02
3.438802808523178101e-02
3.438767790794372559e-02
3.438734263181686401e-02
3.438698872923851013e-02
3.438664600253105164e-02
3.438629955053329468e-02
3.438594937324523926e-02
3.438560664653778076e-02
3.438526391983032227e-02
3.438491374254226685e-02
3.438456356525421143e-02
3.438422083854675293e-02
3.438387066125869751e-02
3.438352793455123901e-02
3.438318520784378052e-02
3.438283875584602356e-02
3.438249230384826660e-02
3.438214585185050964e-02
3.438179567456245422e-02
3.438145294785499573e-02
