1.417448967695236206e-01
1.417446583509445190e-01
1.417444050312042236e-01
1.417441964149475098e-01
1.417439430952072144e-01
1.417437344789505005e-01
1.417434960603713989e-01
1.417432576417922974e-01
1.417430341243743896e-01
1.417427957057952881e-01
1.417425870895385742e-01
1.417423337697982788e-01
1.417421102523803711e-01
1.417418867349624634e-01
1.417416632175445557e-01
1.417414397001266479e-01
1.417412012815475464e-01
1.417409330606460571e-01
1.417407542467117310e-01
1.417404860258102417e-01
1.417402476072311401e-01
1.417400538921356201e-01
1.417398303747177124e-01
1.417396068572998047e-01
1.417393684387207031e-01
1.417391449213027954e-01
1.417388916015625000e-01
1.417386680841445923e-01
1.417384147644042969e-01
1.417381912469863892e-01
1.417379528284072876e-01
1.417377591133117676e-01
1.417375057935714722e-01
1.417372822761535645e-01
1.417370587587356567e-01
1.417367905378341675e-01
1.417365819215774536e-01
1.417363286018371582e-01
1.417361050844192505e-01
1.417358964681625366e-01
1.417356878519058228e-01
1.417354345321655273e-01
1.417351961135864258e-01
1.417349576950073242e-01
1.417347341775894165e-01
1.417344957590103149e-01
1.417342573404312134e-01
1.417340487241744995e-01
1.417338103055953979e-01
1.417336016893386841e-01
1.417333632707595825e-01
1.417331248521804810e-01
1.417329162359237671e-01
1.417326480150222778e-01
1.417324393987655640e-01
1.417322307825088501e-01
1.417319923639297485e-01
1.417317688465118408e-01
1.417315304279327393e-01
1.417312771081924438e-01
1.417310535907745361e-01
1.417308151721954346e-01
1.417305767536163330e-01
1.417303681373596191e-01
1.417301297187805176e-01
1.417299211025238037e-01
1.417296826839447021e-01
1.417294740676879883e-01
1.417292356491088867e-01
1.417289823293685913e-01
1.417287439107894897e-01
1.417285203933715820e-01
1.417282968759536743e-01
1.417280286550521851e-01
1.417278200387954712e-01
1.417276114225387573e-01
1.417273730039596558e-01
1.417271196842193604e-01
1.417268812656402588e-01
1.417266428470611572e-01
1.417264044284820557e-01
1.417261958122253418e-01
1.417259573936462402e-01
1.417257338762283325e-01
1.417254805564880371e-01
1.417252868413925171e-01
1.417250484228134155e-01
1.417247802019119263e-01
1.417245864868164062e-01
1.417243480682373047e-01
1.417241096496582031e-01
1.417238712310791016e-01
1.417236626148223877e-01
1.417233943939208984e-01
1.417231857776641846e-01
1.417229622602462769e-01
1.417227238416671753e-01
1.417225152254104614e-01
1.417222470045089722e-01
1.417220383882522583e-01
1.417217999696731567e-01
1.417215764522552490e-01
1.417213231325149536e-01
1.417211145162582397e-01
1.417208909988403320e-01
1.417206525802612305e-01
1.417204290628433228e-01
1.417201608419418335e-01
1.417199969291687012e-01
1.417197436094284058e-01
1.417194902896881104e-01
1.417192816734313965e-01
1.417190581560134888e-01
1.417188048362731934e-01
1.417185813188552856e-01
1.417183876037597656e-01
1.417181193828582764e-01
1.417179256677627563e-01
1.417176723480224609e-01
1.417174488306045532e-01
1.417172253131866455e-01
1.417169719934463501e-01
1.417167186737060547e-01
1.417164951562881470e-01
1.417163014411926270e-01
1.417160630226135254e-01
1.417158246040344238e-01
1.417156010866165161e-01
1.417153626680374146e-01
1.417151540517807007e-01
1.417149007320404053e-01
1.417146623134613037e-01
1.417144387960433960e-01
1.417142152786254883e-01
1.417139768600463867e-01
1.417137384414672852e-01
1.417135447263717651e-01
1.417132914066314697e-01
1.417130678892135620e-01
1.417128592729568481e-01
1.417126208543777466e-01
1.417123824357986450e-01
1.417121291160583496e-01
1.417119055986404419e-01
1.417116820812225342e-01
1.417114734649658203e-01
1.417112499475479126e-01
1.417110115289688110e-01
1.417107731103897095e-01
1.417105346918106079e-01
1.417102962732315063e-01
1.417100876569747925e-01
1.417098790407180786e-01
1.417096257209777832e-01
1.417094022035598755e-01
1.417091786861419678e-01
1.417089104652404785e-01
1.417086869478225708e-01
1.417084634304046631e-01
1.417082250118255615e-01
1.417080014944076538e-01
1.417077481746673584e-01
1.417075395584106445e-01
1.417072713375091553e-01
1.417070627212524414e-01
1.417068243026733398e-01
1.417066156864166260e-01
1.417063772678375244e-01
1.417061239480972290e-01
1.417059302330017090e-01
1.417056620121002197e-01
1.417054384946823120e-01
1.417052596807479858e-01
1.417049914598464966e-01
1.417047679424285889e-01
1.417045444250106812e-01
1.417042911052703857e-01
1.417040675878524780e-01
1.417038589715957642e-01
1.417036056518554688e-01
1.417033374309539795e-01
1.417031735181808472e-01
1.417029350996017456e-01
1.417026966810226440e-01
1.417024433612823486e-01
1.417022198438644409e-01
1.417019963264465332e-01
1.417017877101898193e-01
1.417015343904495239e-01
1.417013257741928101e-01
1.417011022567749023e-01
1.417008638381958008e-01
1.417006105184555054e-01
1.417004168033599854e-01
1.417002081871032715e-01
1.416999399662017822e-01
1.416997015476226807e-01
1.416994780302047729e-01
1.416992545127868652e-01
1.416990309953689575e-01
1.416987776756286621e-01
1.416985541582107544e-01
1.416983306407928467e-01
1.416980773210525513e-01
1.416978687047958374e-01
1.416976153850555420e-01
1.416974216699600220e-01
1.416971683502197266e-01
1.416969299316406250e-01
1.416967213153839111e-01
1.416964828968048096e-01
1.416962593793869019e-01
1.416960060596466064e-01
1.416958123445510864e-01
1.416955292224884033e-01
1.416953653097152710e-01
1.416951268911361694e-01
1.416948884725570679e-01
1.416946500539779663e-01
1.416944265365600586e-01
1.416941881179809570e-01
1.416939646005630493e-01
1.416937410831451416e-01
1.416934877634048462e-01
1.416932642459869385e-01
1.416930556297302246e-01
1.416928023099899292e-01
1.416926085948944092e-01
1.416923552751541138e-01
1.416921317577362061e-01
1.416918933391571045e-01
1.416916698217391968e-01
1.416914165019989014e-01
1.416911929845809937e-01
1.416909843683242798e-01
1.416907310485839844e-01
1.416905224323272705e-01
1.416902989149093628e-01
1.416900455951690674e-01
1.416898220777511597e-01
1.416896134614944458e-01
1.416893452405929565e-01
1.416891515254974365e-01
1.416889131069183350e-01
1.416886597871780396e-01
1.416884213685989380e-01
1.416882127523422241e-01
1.416879743337631226e-01
1.416877508163452148e-01
1.416875272989273071e-01
1.416872739791870117e-01
1.416870504617691040e-01
1.416868120431900024e-01
1.416866034269332886e-01
1.416863501071929932e-01
1.416861265897750854e-01
1.416858881711959839e-01
1.416856497526168823e-01
1.416854411363601685e-01
1.416852176189422607e-01
1.416849792003631592e-01
1.416847407817840576e-01
1.416845321655273438e-01
1.416842937469482422e-01
1.416840702295303345e-01
1.416838318109512329e-01
1.416836082935333252e-01
1.416833996772766113e-01
1.416831612586975098e-01
1.416829377412796021e-01
1.416827142238616943e-01
1.416824758052825928e-01
1.416822224855422974e-01
1.416819989681243896e-01
1.416817605495452881e-01
1.416815370321273804e-01
1.416813135147094727e-01
1.416811048984527588e-01
1.416808664798736572e-01
1.416806578636169434e-01
1.416804343461990356e-01
1.416801810264587402e-01
1.416799575090408325e-01
1.416797190904617310e-01
1.416794955730438232e-01
1.416792720556259155e-01
1.416790485382080078e-01
1.416787952184677124e-01
1.416785717010498047e-01
1.416783183813095093e-01
1.416780948638916016e-01
1.416778862476348877e-01
1.416776627302169800e-01
1.416774243116378784e-01
1.416771858930587769e-01
1.416769474744796753e-01
1.416767388582229614e-01
1.416765153408050537e-01
1.416762620210647583e-01
1.416760534048080444e-01
1.416758149862289429e-01
1.416755914688110352e-01
1.416753828525543213e-01
1.416751146316528320e-01
1.416749060153961182e-01
1.416746675968170166e-01
1.416744291782379150e-01
1.416742056608200073e-01
1.416739821434020996e-01
1.416737735271453857e-01
1.416735202074050903e-01
1.416733264923095703e-01
1.416730731725692749e-01
1.416728645563125610e-01
1.416726261377334595e-01
1.416723579168319702e-01
1.416721493005752563e-01
1.416719257831573486e-01
1.416716873645782471e-01
1.416714787483215332e-01
1.416712552309036255e-01
1.416710019111633301e-01
1.416707634925842285e-01
1.416705548763275146e-01
1.416703313589096069e-01
1.416700780391693115e-01
1.416698545217514038e-01
1.416696012020111084e-01
1.416693925857543945e-01
1.416691541671752930e-01
1.416689306497573853e-01
1.416687071323394775e-01
1.416684538125991821e-01
1.416682302951812744e-01
1.416679769754409790e-01
1.416677683591842651e-01
1.416675597429275513e-01
1.416672915220260620e-01
1.416671127080917358e-01
1.416668593883514404e-01
1.416666209697723389e-01
1.416663825511932373e-01
1.416661590337753296e-01
1.416659206151962280e-01
1.416656970977783203e-01
1.416654735803604126e-01
1.416652351617813110e-01
1.416649967432022095e-01
1.416647881269454956e-01
1.416645348072052002e-01
1.416643410921096802e-01
1.416641175746917725e-01
1.416638642549514771e-01
1.416636705398559570e-01
1.416634470224380493e-01
1.416632086038589478e-01
1.416629850864410400e-01
1.416627615690231323e-01
1.416625082492828369e-01
1.416622996330261230e-01
1.416620761156082153e-01
1.416618227958679199e-01
1.416615843772888184e-01
1.416613906621932983e-01
1.416611522436141968e-01
1.416608989238739014e-01
1.416606903076171875e-01
1.416604369878768921e-01
1.416602134704589844e-01
1.416599899530410767e-01
1.416597962379455566e-01
1.416595280170440674e-01
1.416593044996261597e-01
1.416590809822082520e-01
1.416588574647903442e-01
1.416586041450500488e-01
1.416583806276321411e-01
1.416581571102142334e-01
1.416579484939575195e-01
1.416577249765396118e-01
1.416574567556381226e-01
1.416572332382202148e-01
1.416570246219635010e-01
1.416567713022232056e-01
1.416565775871276855e-01
1.416563391685485840e-01
1.416561007499694824e-01
1.416558772325515747e-01
1.416556835174560547e-01
1.416554152965545654e-01
1.416551768779754639e-01
1.416549831628799438e-01
1.416547298431396484e-01
1.416545212268829346e-01
1.416542828083038330e-01
1.416540443897247314e-01
1.416538208723068237e-01
1.416535973548889160e-01
1.416533440351486206e-01
1.416531205177307129e-01
1.416529119014739990e-01
1.416526883840560913e-01
1.416524350643157959e-01
1.416522115468978882e-01
1.416519880294799805e-01
1.416517496109008789e-01
1.416515558958053589e-01
1.416513174772262573e-01
1.416510343551635742e-01
1.416508853435516357e-01
1.416506171226501465e-01
1.416503787040710449e-01
1.416501402854919434e-01
1.416498869657516479e-01
1.416496634483337402e-01
1.416494548320770264e-01
1.416492164134979248e-01
1.416489630937576294e-01
1.416487395763397217e-01
1.416485309600830078e-01
1.416482627391815186e-01
1.416480690240859985e-01
1.416478157043457031e-01
1.416475921869277954e-01
1.416473686695098877e-01
1.416471451520919800e-01
1.416468918323516846e-01
1.416466981172561646e-01
1.416464745998382568e-01
1.416462212800979614e-01
1.416460126638412476e-01
1.416457593441009521e-01
1.416455507278442383e-01
1.416453421115875244e-01
1.416451036930084229e-01
1.416448950767517090e-01
1.416446417570114136e-01
1.416444033384323120e-01
1.416441798210144043e-01
1.416439414024353027e-01
1.416437178850173950e-01
1.416434794664382935e-01
1.416432559490203857e-01
1.416430473327636719e-01
1.416428089141845703e-01
1.416426002979278564e-01
1.416423469781875610e-01
1.416421234607696533e-01
1.416418850421905518e-01
1.416416466236114502e-01
1.416414380073547363e-01
1.416411995887756348e-01
1.416409760713577271e-01
1.416407525539398193e-01
1.416405141353607178e-01
1.416402757167816162e-01
1.416400521993637085e-01
1.416398286819458008e-01
1.416396051645278931e-01
1.416393667459487915e-01
1.416391432285308838e-01
1.416389346122741699e-01
1.416386812925338745e-01
1.416384726762771606e-01
1.416382640600204468e-01
1.416380107402801514e-01
1.416377872228622437e-01
1.416375339031219482e-01
1.416373401880264282e-01
1.416371017694473267e-01
1.416368633508682251e-01
1.416366547346115112e-01
1.416364163160324097e-01
1.416361629962921143e-01
1.416359990835189819e-01
1.416357457637786865e-01
1.416355222463607788e-01
1.416352838277816772e-01
1.416350603103637695e-01
1.416348218917846680e-01
1.416345983743667603e-01
1.416343748569488525e-01
1.416341364383697510e-01
1.416338980197906494e-01
1.416336745023727417e-01
1.416334658861160278e-01
1.416332572698593140e-01
1.416329890489578247e-01
1.416327804327011108e-01
1.416325569152832031e-01
1.416323184967041016e-01
1.416320651769638062e-01
1.416318714618682861e-01
1.416316181421279907e-01
1.416314095258712769e-01
1.416312009096145630e-01
1.416309624910354614e-01
1.416307389736175537e-01
1.416304856538772583e-01
1.416302174329757690e-01
