2.609192766249179840e-02
2.609157189726829529e-02
2.609120495617389679e-02
2.609085105359554291e-02
2.609048970043659210e-02
2.609013207256793976e-02
2.608977071940898895e-02
2.608940936625003815e-02
2.608904801309108734e-02
2.608869411051273346e-02
2.608833275735378265e-02
2.608797512948513031e-02
2.608761377632617950e-02
2.608725614845752716e-02
2.608689479529857635e-02
2.608653716742992401e-02
2.608617581427097321e-02
2.608582004904747009e-02
2.608546242117881775e-02
2.608509920537471771e-02
2.608474344015121460e-02
2.608438581228256226e-02
2.608402445912361145e-02
2.608366683125495911e-02
2.608330547809600830e-02
2.608294598758220673e-02
2.608258649706840515e-02
2.608222700655460358e-02
2.608187124133110046e-02
2.608150988817214966e-02
2.608115226030349731e-02
2.608079463243484497e-02
2.608043700456619263e-02
2.608007565140724182e-02
2.607971429824829102e-02
2.607935667037963867e-02
2.607899904251098633e-02
2.607864327728748322e-02
2.607828564941883087e-02
2.607792429625988007e-02
2.607756666839122772e-02
2.607720531523227692e-02
2.607684768736362457e-02
2.607649005949497223e-02
2.607613429427146912e-02
2.607577294111251831e-02
2.607541158795356750e-02
2.607505768537521362e-02
2.607469633221626282e-02
2.607433870434761047e-02
2.607398293912410736e-02
2.607362158596515656e-02
2.607326395809650421e-02
2.607290819287300110e-02
2.607255056500434875e-02
2.607218921184539795e-02
2.607183158397674561e-02
2.607147395610809326e-02
2.607111632823944092e-02
2.607075497508049011e-02
2.607039734721183777e-02
2.607003785669803619e-02
2.606968022882938385e-02
2.606932260096073151e-02
2.606896497309207916e-02
2.606860548257827759e-02
2.606824785470962524e-02
2.606789022684097290e-02
2.606752887368202209e-02
2.606717124581336975e-02
2.606681361794471741e-02
2.606645226478576660e-02
2.606609649956226349e-02
2.606574073433876038e-02
2.606538124382495880e-02
2.606501989066600800e-02
2.606466785073280334e-02
2.606430649757385254e-02
2.606394514441490173e-02
2.606359682977199554e-02
2.606323547661304474e-02
2.606287971138954163e-02
2.606251835823059082e-02
2.606216445565223694e-02
2.606180496513843536e-02
2.606144733726978302e-02
2.606108970940113068e-02
2.606073208153247833e-02
2.606037631630897522e-02
2.606002055108547211e-02
2.605966292321681976e-02
2.605930529534816742e-02
2.605894580483436584e-02
2.605859190225601196e-02
2.605823241174221039e-02
2.605787478387355804e-02
2.605751343071460724e-02
2.605715394020080566e-02
2.605680003762245178e-02
2.605644240975379944e-02
2.605608478188514709e-02
2.605573274195194244e-02
2.605536766350269318e-02
2.605501376092433929e-02
2.605465799570083618e-02
2.605430036783218384e-02
2.605394087731838226e-02
2.605358324944972992e-02
2.605322562158107758e-02
2.605287358164787292e-02
2.605251409113407135e-02
2.605215460062026978e-02
2.605179883539676666e-02
2.605144493281841278e-02
2.605108730494976044e-02
2.605072781443595886e-02
2.605037204921245575e-02
2.605001628398895264e-02
2.604965865612030029e-02
2.604930289089679718e-02
2.604894526302814484e-02
2.604859136044979095e-02
2.604823186993598938e-02
2.604787610471248627e-02
2.604752033948898315e-02
2.604716271162033081e-02
2.604680694639682770e-02
2.604644931852817535e-02
2.604609169065952301e-02
2.604573592543601990e-02
2.604538016021251678e-02
2.604502812027931213e-02
2.604467049241065979e-02
2.604430541396141052e-02
2.604395337402820587e-02
2.604360133409500122e-02
2.604324184358119965e-02
2.604288235306739807e-02
2.604252658784389496e-02
2.604216895997524261e-02
2.604181505739688873e-02
2.604145742952823639e-02
2.604110538959503174e-02
2.604074962437152863e-02
2.604039199650287628e-02
2.604003623127937317e-02
2.603967860341072083e-02
2.603932097554206848e-02
2.603896148502826691e-02
2.603860758244991302e-02
2.603825367987155914e-02
2.603790163993835449e-02
2.603754028677940369e-02
2.603718824684619904e-02
2.603683248162269592e-02
2.603647671639919281e-02
2.603612281382083893e-02
2.603576332330703735e-02
2.603540942072868347e-02
2.603505365550518036e-02
2.603469789028167725e-02
2.603434212505817413e-02
2.603398077189922333e-02
2.603362873196601868e-02
2.603326737880706787e-02
2.603291533887386322e-02
2.603255957365036011e-02
2.603220567107200623e-02
2.603184990584850311e-02
2.603149414062500000e-02
2.603113651275634766e-02
2.603078074753284454e-02
2.603042498230934143e-02
2.603007294237613678e-02
2.602971531450748444e-02
2.602936141192913055e-02
2.602900378406047821e-02
2.602864801883697510e-02
2.602829597890377045e-02
2.602793835103511810e-02
2.602758258581161499e-02
2.602722495794296265e-02
2.602686919271945953e-02
2.602651715278625488e-02
2.602616325020790100e-02
2.602580748498439789e-02
2.602545358240604401e-02
2.602509781718254089e-02
2.602474205195903778e-02
2.602439001202583313e-02
2.602403238415718079e-02
2.602367289364337921e-02
2.602332271635532379e-02
2.602296322584152222e-02
2.602260932326316833e-02
2.602225542068481445e-02
2.602189593017101288e-02
2.602154389023780823e-02
2.602119185030460358e-02
2.602083422243595123e-02
2.602048031985759735e-02
2.602012269198894501e-02
2.601977065205574036e-02
2.601941488683223724e-02
2.601905912160873413e-02
2.601870708167552948e-02
2.601835317909717560e-02
2.601799555122852325e-02
2.601764351129531860e-02
2.601728588342666626e-02
2.601693198084831238e-02
2.601657435297966003e-02
2.601622231304645538e-02
2.601586841046810150e-02
2.601551450788974762e-02
2.601515874266624451e-02
2.601480670273303986e-02
2.601445093750953674e-02
2.601409517228603363e-02
2.601373754441738129e-02
2.601338736712932587e-02
2.601303160190582275e-02
2.601267583668231964e-02
2.601232379674911499e-02
2.601196803152561188e-02
2.601161599159240723e-02
2.601126022636890411e-02
2.601090818643569946e-02
2.601054869592189789e-02
2.601019665598869324e-02
2.600984461605548859e-02
2.600949257612228394e-02
2.600913681089878082e-02
2.600878290832042694e-02
2.600842900574207306e-02
2.600807324051856995e-02
2.600771933794021606e-02
2.600736171007156372e-02
2.600700967013835907e-02
2.600665763020515442e-02
2.600630372762680054e-02
2.600594796240329742e-02
2.600559964776039124e-02
2.600524574518203735e-02
2.600488811731338501e-02
2.600453607738018036e-02
2.600418031215667725e-02
2.600382827222347260e-02
2.600346878170967102e-02
2.600311674177646637e-02
2.600276656448841095e-02
2.600241079926490784e-02
2.600205689668655396e-02
2.600170671939849854e-02
2.600135095417499542e-02
2.600100077688694000e-02
2.600064501166343689e-02
2.600029483437538147e-02
2.599993720650672913e-02
2.599958144128322601e-02
2.599923498928546906e-02
2.599887736141681671e-02
2.599852345883846283e-02
2.599817514419555664e-02
2.599781937897205353e-02
2.599746175110340118e-02
2.599711157381534576e-02
2.599675580859184265e-02
2.599640376865863800e-02
2.599605359137058258e-02
2.599569968879222870e-02
2.599534578621387482e-02
2.599499188363552094e-02
2.599463984370231628e-02
2.599428780376911163e-02
2.599393203854560852e-02
2.599358186125755310e-02
2.599322423338890076e-02
2.599287405610084534e-02
2.599252201616764069e-02
2.599216811358928680e-02
2.599181048572063446e-02
2.599146030843257904e-02
2.599110826849937439e-02
2.599075436592102051e-02
2.599040232598781586e-02
2.599005028605461121e-02
2.598969452083110809e-02
2.598934248089790344e-02
2.598899230360984802e-02
2.598863653838634491e-02
2.598828449845314026e-02
2.598793432116508484e-02
2.598758228123188019e-02
2.598722837865352631e-02
2.598687261343002319e-02
2.598651871085166931e-02
2.598617039620876312e-02
2.598581835627555847e-02
2.598546631634235382e-02
2.598511613905429840e-02
2.598476037383079529e-02
2.598441019654273987e-02
2.598405815660953522e-02
2.598370239138603210e-02
2.598335221409797668e-02
2.598300017416477203e-02
2.598264440894126892e-02
2.598229236900806427e-02
2.598194219172000885e-02
2.598159201443195343e-02
2.598123624920845032e-02
2.598088607192039490e-02
2.598053403198719025e-02
2.598018199205398560e-02
2.597982622683048248e-02
2.597947791218757629e-02
2.597912400960922241e-02
2.597877383232116699e-02
2.597841992974281311e-02
2.597806788980960846e-02
2.597771212458610535e-02
2.597736194729804993e-02
2.597701363265514374e-02
2.597666345536708832e-02
2.597630769014358521e-02
2.597595751285552979e-02
2.597560547292232513e-02
2.597524970769882202e-02
2.597489953041076660e-02
2.597454749047756195e-02
2.597419358789920807e-02
2.597384527325630188e-02
2.597349509596824646e-02
2.597314119338989258e-02
2.597278729081153870e-02
2.597243711352348328e-02
2.597208321094512939e-02
2.597173117101192474e-02
2.597138099372386932e-02
2.597102522850036621e-02
2.597067877650260925e-02
2.597032859921455383e-02
2.596997655928134918e-02
2.596962638199329376e-02
2.596927434206008911e-02
2.596892416477203369e-02
2.596856839954853058e-02
2.596822194755077362e-02
2.596786804497241974e-02
2.596751600503921509e-02
2.596716769039630890e-02
2.596681565046310425e-02
2.596646361052989960e-02
2.596611529588699341e-02
2.596576325595378876e-02
2.596541121602058411e-02
2.596506103873252869e-02
2.596471086144447327e-02
2.596435509622097015e-02
2.596400305628776550e-02
2.596365101635456085e-02
2.596330270171165466e-02
2.596294693648815155e-02
2.596259675920009613e-02
2.596224471926689148e-02
2.596189826726913452e-02
2.596154808998107910e-02
2.596119605004787445e-02
2.596084587275981903e-02
2.596049569547176361e-02
2.596014179289340973e-02
2.595979534089565277e-02
2.595944516360759735e-02
2.595909312367439270e-02
2.595874108374118805e-02
2.595839090645313263e-02
2.595804072916507721e-02
2.595768496394157410e-02
2.595733851194381714e-02
2.595698460936546326e-02
2.595663443207740784e-02
2.595628239214420319e-02
2.595593780279159546e-02
2.595558203756809235e-02
2.595523558557033539e-02
2.595488354563713074e-02
2.595453523099422455e-02
2.595418319106101990e-02
2.595383301377296448e-02
2.595348097383975983e-02
2.595313265919685364e-02
2.595278248190879822e-02
2.595243416726589203e-02
2.595208026468753815e-02
2.595173008739948273e-02
2.595137991011142731e-02
2.595103159546852112e-02
2.595068141818046570e-02
2.595033310353755951e-02
2.594998106360435486e-02
2.594963088631629944e-02
2.594928070902824402e-02
2.594893053174018860e-02
2.594858035445213318e-02
2.594822831451892853e-02
2.594787813723087311e-02
2.594753168523311615e-02
2.594718150794506073e-02
2.594682946801185608e-02
2.594648115336894989e-02
2.594612911343574524e-02
2.594578266143798828e-02
2.594543434679508209e-02
2.594508230686187744e-02
2.594473212957382202e-02
2.594438754022121429e-02
2.594403550028800964e-02
2.594368532299995422e-02
2.594333514571189880e-02
2.594298310577869415e-02
2.594263479113578796e-02
2.594228833913803101e-02
2.594194002449512482e-02
2.594158984720706940e-02
2.594124153256416321e-02
2.594088762998580933e-02
2.594053745269775391e-02
2.594019286334514618e-02
2.593983896076679230e-02
2.593949064612388611e-02
2.593914419412612915e-02
2.593879215419292450e-02
2.593844197690486908e-02
2.593809179961681366e-02
2.593774162232875824e-02
2.593739703297615051e-02
2.593704499304294586e-02
2.593669481575489044e-02
2.593634650111198425e-02
2.593599632382392883e-02
2.593564987182617188e-02
2.593529969453811646e-02
2.593495324254035950e-02
2.593460306525230408e-02
2.593425102531909943e-02
2.593390271067619324e-02
2.593355625867843628e-02
2.593320235610008240e-02
2.593285590410232544e-02
2.593250945210456848e-02
2.593216113746166229e-02
2.593180909752845764e-02
2.593145892024040222e-02
2.593111246824264526e-02
2.593076415359973907e-02
2.593041211366653442e-02
2.593006379902362823e-02
2.592971734702587128e-02
2.592936716973781586e-02
2.592901699244976044e-02
2.592867054045200348e-02
2.592832595109939575e-02
2.592797577381134033e-02
2.592762373387813568e-02
2.592728100717067719e-02
2.592692896723747253e-02
2.592657878994941711e-02
2.592623420059680939e-02
2.592588774859905243e-02
2.592553943395614624e-02
2.592518739402294159e-02
2.592483907938003540e-02
2.592449262738227844e-02
2.592414245009422302e-02
2.592379227280616760e-02
2.592344582080841064e-02
2.592309750616550446e-02
2.592275477945804596e-02
2.592240087687969208e-02
2.592205628752708435e-02
2.592170983552932739e-02
2.592135779559612274e-02
2.592100948095321655e-02
2.592065930366516113e-02
2.592031471431255341e-02
2.591996453702449799e-02
2.591961808502674103e-02
2.591927163302898407e-02
2.591892331838607788e-02
2.591857127845287323e-02
2.591822296380996704e-02
2.591787837445735931e-02
2.591753192245960236e-02
2.591718174517154694e-02
2.591683715581893921e-02
2.591648511588573456e-02
2.591613307595252991e-02
2.591579034924507141e-02
2.591544575989246368e-02
