2.379201352596282959e-01
2.379200756549835205e-01
2.379200458526611328e-01
2.379199862480163574e-01
2.379199415445327759e-01
2.379199266433715820e-01
2.379198968410491943e-01
2.379198372364044189e-01
2.379198074340820312e-01
2.379197478294372559e-01
2.379197329282760620e-01
2.379196882247924805e-01
2.379195988178253174e-01
2.379195690155029297e-01
2.379195243120193481e-01
2.379194945096969604e-01
2.379194200038909912e-01
2.379194051027297974e-01
2.379193603992462158e-01
2.379193156957626343e-01
2.379192858934402466e-01
2.379192560911178589e-01
2.379191666841506958e-01
2.379191666841506958e-01
2.379190921783447266e-01
2.379190474748611450e-01
2.379190325736999512e-01
2.379189878702163696e-01
2.379189431667327881e-01
2.379188984632492065e-01
2.379188388586044312e-01
2.379188090562820435e-01
2.379187643527984619e-01
2.379187494516372681e-01
2.379187047481536865e-01
2.379186600446701050e-01
2.379186153411865234e-01
2.379186004400253296e-01
2.379185557365417480e-01
2.379185110330581665e-01
2.379184514284133911e-01
2.379183769226074219e-01
2.379183322191238403e-01
2.379183173179626465e-01
2.379182875156402588e-01
2.379182577133178711e-01
2.379181832075119019e-01
2.379181385040283203e-01
2.379180938005447388e-01
2.379180788993835449e-01
2.379180341958999634e-01
2.379179447889328003e-01
2.379179447889328003e-01
2.379178553819656372e-01
2.379178553819656372e-01
2.379178106784820557e-01
2.379177808761596680e-01
2.379177361726760864e-01
2.379176914691925049e-01
2.379176169633865356e-01
2.379176020622253418e-01
2.379175573587417603e-01
2.379174679517745972e-01
2.379174232482910156e-01
2.379174083471298218e-01
2.379173785448074341e-01
2.379173338413238525e-01
2.379172891378402710e-01
2.379172593355178833e-01
2.379172146320343018e-01
2.379171848297119141e-01
2.379171401262283325e-01
2.379170805215835571e-01
2.379170507192611694e-01
2.379170358180999756e-01
2.379170209169387817e-01
2.379169464111328125e-01
2.379168570041656494e-01
2.379168421030044556e-01
2.379168123006820679e-01
2.379167824983596802e-01
2.379167526960372925e-01
2.379166930913925171e-01
2.379166036844253540e-01
2.379166036844253540e-01
2.379165589809417725e-01
2.379164993762969971e-01
2.379164248704910278e-01
2.379164099693298340e-01
2.379163652658462524e-01
2.379163354635238647e-01
2.379162907600402832e-01
2.379162609577178955e-01
2.379162311553955078e-01
2.379162162542343140e-01
2.379161417484283447e-01
2.379160970449447632e-01
2.379160523414611816e-01
2.379160374402999878e-01
2.379159480333328247e-01
2.379159480333328247e-01
2.379158884286880493e-01
2.379158437252044678e-01
2.379157990217208862e-01
2.379157543182373047e-01
2.379157394170761108e-01
2.379156947135925293e-01
2.379156202077865601e-01
2.379155755043029785e-01
2.379155308008193970e-01
2.379154562950134277e-01
2.379154711961746216e-01
2.379154115915298462e-01
2.379153817892074585e-01
2.379153370857238770e-01
2.379152923822402954e-01
2.379152774810791016e-01
2.379152178764343262e-01
2.379151731729507446e-01
2.379151433706283569e-01
2.379150837659835815e-01
2.379150539636611938e-01
2.379150390625000000e-01
2.379149943590164185e-01
2.379149347543716431e-01
2.379148900508880615e-01
2.379148006439208984e-01
2.379148006439208984e-01
2.379147857427597046e-01
2.379146963357925415e-01
2.379146516323089600e-01
2.379146218299865723e-01
2.379145771265029907e-01
2.379145175218582153e-01
2.379144728183746338e-01
2.379144579172134399e-01
2.379144132137298584e-01
2.379143387079238892e-01
2.379143238067626953e-01
2.379142791032791138e-01
2.379142642021179199e-01
2.379142343997955322e-01
2.379141449928283691e-01
2.379141002893447876e-01
2.379140853881835938e-01
2.379140257835388184e-01
2.379140257835388184e-01
2.379139810800552368e-01
2.379139065742492676e-01
2.379138469696044922e-01
2.379138171672821045e-01
2.379138022661209106e-01
2.379137873649597168e-01
2.379137128591537476e-01
2.379137128591537476e-01
2.379136234521865845e-01
2.379135638475418091e-01
2.379135489463806152e-01
2.379135042428970337e-01
2.379134595394134521e-01
2.379134595394134521e-01
2.379133850336074829e-01
2.379133403301239014e-01
2.379132956266403198e-01
2.379132360219955444e-01
2.379132211208343506e-01
2.379131764173507690e-01
2.379131019115447998e-01
2.379130572080612183e-01
2.379130274057388306e-01
2.379129976034164429e-01
2.379129379987716675e-01
2.379129081964492798e-01
2.379128634929656982e-01
2.379128187894821167e-01
2.379127889871597290e-01
2.379127591848373413e-01
2.379126995801925659e-01
2.379126697778701782e-01
2.379126250743865967e-01
2.379126101732254028e-01
2.379125207662582397e-01
2.379124611616134644e-01
2.379124164581298828e-01
2.379123866558074951e-01
2.379123866558074951e-01
2.379123419523239136e-01
2.379122823476791382e-01
2.379122674465179443e-01
2.379121780395507812e-01
2.379121333360671997e-01
2.379121482372283936e-01
2.379120588302612305e-01
2.379120290279388428e-01
2.379119843244552612e-01
2.379119545221328735e-01
2.379118949174880981e-01
2.379118502140045166e-01
2.379118204116821289e-01
2.379118055105209351e-01
2.379117459058761597e-01
2.379117012023925781e-01
2.379116714000701904e-01
2.379116266965866089e-01
2.379115819931030273e-01
2.379115521907806396e-01
2.379114776849746704e-01
2.379114180803298950e-01
2.379114180803298950e-01
2.379113733768463135e-01
2.379113286733627319e-01
2.379112839698791504e-01
2.379112392663955688e-01
2.379111796617507935e-01
2.379111349582672119e-01
2.379111051559448242e-01
2.379110604524612427e-01
2.379110008478164673e-01
2.379109561443328857e-01
2.379109412431716919e-01
2.379109114408493042e-01
2.379108518362045288e-01
2.379108071327209473e-01
2.379107624292373657e-01
2.379107475280761719e-01
2.379106730222702026e-01
2.379106730222702026e-01
2.379106283187866211e-01
2.379105538129806519e-01
2.379105538129806519e-01
2.379104793071746826e-01
2.379104644060134888e-01
2.379103899002075195e-01
2.379103451967239380e-01
2.379102855920791626e-01
2.379102408885955811e-01
2.379101961851119995e-01
2.379101812839508057e-01
2.379101067781448364e-01
2.379100918769836426e-01
2.379100620746612549e-01
2.379100322723388672e-01
2.379099577665328979e-01
2.379099428653717041e-01
2.379098683595657349e-01
2.379098534584045410e-01
2.379098087549209595e-01
2.379097640514373779e-01
2.379097491502761841e-01
2.379097193479537964e-01
2.379097044467926025e-01
2.379096299409866333e-01
2.379095852375030518e-01
2.379095554351806641e-01
2.379095107316970825e-01
2.379094809293746948e-01
2.379094213247299194e-01
2.379093915224075317e-01
2.379093319177627563e-01
2.379093170166015625e-01
2.379092425107955933e-01
2.379091978073120117e-01
2.379091531038284302e-01
2.379091531038284302e-01
2.379090785980224609e-01
2.379090487957000732e-01
2.379090040922164917e-01
2.379089593887329102e-01
2.379089146852493286e-01
2.379088699817657471e-01
2.379088252782821655e-01
2.379087954759597778e-01
2.379087507724761963e-01
2.379086762666702271e-01
2.379086315631866455e-01
2.379086315631866455e-01
2.379085868597030640e-01
2.379085719585418701e-01
2.379085123538970947e-01
2.379084676504135132e-01
2.379084229469299316e-01
2.379083782434463501e-01
2.379083484411239624e-01
2.379082888364791870e-01
2.379082292318344116e-01
2.379081994295120239e-01
2.379081547260284424e-01
2.379081398248672485e-01
2.379080951213836670e-01
2.379080504179000854e-01
2.379079908132553101e-01
2.379080057144165039e-01
2.379079163074493408e-01
2.379078716039657593e-01
2.379078567028045654e-01
2.379077970981597900e-01
2.379077523946762085e-01
2.379077225923538208e-01
2.379076629877090454e-01
2.379076182842254639e-01
2.379075735807418823e-01
2.379075288772583008e-01
2.379074692726135254e-01
2.379074245691299438e-01
2.379073798656463623e-01
2.379073500633239746e-01
2.379073202610015869e-01
2.379072904586791992e-01
2.379072457551956177e-01
2.379071861505508423e-01
2.379071563482284546e-01
2.379071116447448730e-01
2.379070520401000977e-01
2.379070520401000977e-01
2.379070073366165161e-01
2.379069179296493530e-01
2.379068732261657715e-01
2.379068583250045776e-01
2.379068136215209961e-01
2.379067987203598022e-01
2.379067540168762207e-01
2.379067093133926392e-01
2.379066646099090576e-01
2.379066348075866699e-01
2.379065752029418945e-01
2.379065603017807007e-01
2.379064857959747314e-01
2.379064410924911499e-01
2.379063814878463745e-01
2.379063516855239868e-01
2.379063367843627930e-01
2.379062920808792114e-01
2.379062473773956299e-01
2.379061877727508545e-01
2.379061579704284668e-01
2.379061430692672729e-01
2.379060983657836914e-01
2.379060387611389160e-01
2.379060089588165283e-01
2.379059642553329468e-01
2.379059195518493652e-01
2.379058748483657837e-01
2.379058450460433960e-01
2.379058003425598145e-01
2.379057258367538452e-01
2.379057258367538452e-01
2.379056662321090698e-01
2.379055917263031006e-01
2.379056215286254883e-01
2.379055619239807129e-01
2.379054725170135498e-01
2.379054725170135498e-01
2.379054278135299683e-01
2.379053831100463867e-01
2.379053235054016113e-01
2.379053235054016113e-01
2.379052788019180298e-01
2.379052042961120605e-01
2.379051893949508667e-01
2.379051148891448975e-01
2.379050850868225098e-01
2.379050105810165405e-01
2.379049658775329590e-01
2.379049509763717651e-01
2.379049211740493774e-01
2.379048615694046021e-01
2.379048466682434082e-01
2.379047721624374390e-01
2.379047572612762451e-01
2.379047572612762451e-01
2.379046678543090820e-01
2.379045933485031128e-01
2.379045784473419189e-01
2.379045337438583374e-01
2.379044890403747559e-01
2.379044741392135620e-01
2.379043996334075928e-01
2.379043847322463989e-01
2.379043400287628174e-01
2.379043251276016235e-01
2.379042506217956543e-01
2.379042357206344604e-01
2.379041910171508789e-01
2.379041016101837158e-01
2.379041165113449097e-01
2.379040420055389404e-01
2.379039973020553589e-01
2.379039674997329712e-01
2.379039227962493896e-01
2.379038780927658081e-01
2.379038482904434204e-01
2.379038035869598389e-01
2.379037737846374512e-01
2.379037141799926758e-01
2.379036843776702881e-01
2.379036396741867065e-01
2.379036098718643188e-01
2.379035651683807373e-01
2.379034906625747681e-01
2.379034906625747681e-01
2.379034459590911865e-01
2.379033863544464111e-01
2.379033565521240234e-01
2.379033267498016357e-01
2.379032820463180542e-01
2.379032373428344727e-01
2.379031479358673096e-01
2.379031479358673096e-01
2.379031181335449219e-01
2.379030138254165649e-01
2.379030138254165649e-01
2.379029691219329834e-01
2.379029691219329834e-01
2.379028797149658203e-01
2.379028499126434326e-01
2.379027754068374634e-01
2.379028052091598511e-01
2.379027307033538818e-01
2.379026710987091064e-01
2.379026263952255249e-01
2.379026263952255249e-01
2.379025369882583618e-01
2.379025369882583618e-01
2.379024922847747803e-01
2.379024326801300049e-01
2.379023581743240356e-01
2.379023432731628418e-01
2.379022985696792603e-01
2.379022538661956787e-01
2.379022389650344849e-01
2.379021644592285156e-01
2.379021495580673218e-01
2.379021197557449341e-01
2.379020601511001587e-01
2.379020452499389648e-01
2.379020005464553833e-01
2.379019558429718018e-01
2.379018813371658325e-01
2.379018515348434448e-01
2.379018217325210571e-01
2.379017770290374756e-01
2.379017174243927002e-01
2.379016727209091187e-01
2.379016727209091187e-01
2.379016131162643433e-01
2.379015833139419556e-01
2.379014939069747925e-01
2.379014939069747925e-01
2.379014343023300171e-01
2.379013597965240479e-01
2.379013448953628540e-01
2.379013001918792725e-01
2.379012852907180786e-01
2.379012554883956909e-01
2.379011958837509155e-01
2.379011511802673340e-01
2.379011064767837524e-01
2.379010915756225586e-01
2.379010468721389771e-01
2.379010021686553955e-01
2.379009276628494263e-01
2.379008829593658447e-01
2.379008531570434570e-01
2.379008084535598755e-01
2.379007637500762939e-01
2.379007637500762939e-01
2.379007190465927124e-01
2.379006296396255493e-01
2.379006296396255493e-01
2.379005700349807739e-01
2.379005253314971924e-01
2.379004806280136108e-01
2.379004359245300293e-01
2.379003912210464478e-01
2.379003763198852539e-01
2.379003316164016724e-01
2.379002869129180908e-01
2.379002571105957031e-01
2.379002124071121216e-01
2.379001528024673462e-01
2.379001528024673462e-01
2.379000633955001831e-01
2.379000633955001831e-01
2.379000186920166016e-01
2.378999739885330200e-01
2.378999143838882446e-01
2.378998845815658569e-01
2.378998547792434692e-01
2.378998100757598877e-01
2.378997653722763062e-01
2.378997355699539185e-01
2.378996759653091431e-01
2.378996312618255615e-01
2.378995865583419800e-01
2.378995269536972046e-01
2.378995269536972046e-01
2.378994822502136230e-01
2.378993779420852661e-01
2.378993779420852661e-01
2.378993332386016846e-01
