3.695174306631088257e-02
3.695156425237655640e-02
3.695137798786163330e-02
3.695119172334671021e-02
3.695100545883178711e-02
3.695081919431686401e-02
3.695063292980194092e-02
3.695045039057731628e-02
3.695026412606239319e-02
3.695007786154747009e-02
3.694989159703254700e-02
3.694970533251762390e-02
3.694951906800270081e-02
3.694932907819747925e-02
3.694915026426315308e-02
3.694896027445793152e-02
3.694877773523330688e-02
3.694859147071838379e-02
3.694840520620346069e-02
3.694821894168853760e-02
3.694803267717361450e-02
3.694784268736839294e-02
3.694765642285346985e-02
3.694747388362884521e-02
3.694729134440422058e-02
3.694710135459899902e-02
3.694691136479377747e-02
3.694673255085945129e-02
3.694653511047363281e-02
3.694634884595870972e-02
3.694615885615348816e-02
3.694597631692886353e-02
3.694578632712364197e-02
3.694560378789901733e-02
3.694541752338409424e-02
3.694522753357887268e-02
3.694504499435424805e-02
3.694484755396842957e-02
3.694466501474380493e-02
3.694447875022888184e-02
3.694429248571395874e-02
3.694410994648933411e-02
3.694391623139381409e-02
3.694372624158859253e-02
3.694354370236396790e-02
3.694334626197814941e-02
3.694316372275352478e-02
3.694297000765800476e-02
3.694278746843338013e-02
3.694259747862815857e-02
3.694240748882293701e-02
3.694222122430801392e-02
3.694203123450279236e-02
3.694184124469757080e-02
3.694165498018264771e-02
3.694146499037742615e-02
3.694127872586250305e-02
3.694108501076698303e-02
3.694089502096176147e-02
3.694070503115653992e-02
3.694051504135131836e-02
3.694032505154609680e-02
3.694013506174087524e-02
3.693994879722595215e-02
3.693975880742073059e-02
3.693956881761550903e-02
3.693937510251998901e-02
3.693919256329536438e-02
3.693900257349014282e-02
3.693881258368492126e-02
3.693861886858940125e-02
3.693843260407447815e-02
3.693824633955955505e-02
3.693804144859313965e-02
3.693785518407821655e-02
3.693766891956329346e-02
3.693747520446777344e-02
3.693728521466255188e-02
3.693709522485733032e-02
3.693690150976181030e-02
3.693670779466629028e-02
3.693651780486106873e-02
3.693632408976554871e-02
3.693613782525062561e-02
3.693594038486480713e-02
3.693575784564018250e-02
3.693556413054466248e-02
3.693537041544914246e-02
3.693517297506332397e-02
3.693498671054840088e-02
3.693478927016258240e-02
3.693459928035736084e-02
3.693441301584243774e-02
3.693422302603721619e-02
3.693402558565139771e-02
3.693383187055587769e-02
3.693364188075065613e-02
3.693344071507453918e-02
3.693325445055961609e-02
3.693306446075439453e-02
3.693286702036857605e-02
3.693267703056335449e-02
3.693247959017753601e-02
3.693228587508201599e-02
3.693209215998649597e-02
3.693189844489097595e-02
3.693170100450515747e-02
3.693150728940963745e-02
3.693131729960441589e-02
3.693112358450889587e-02
3.693092241883277893e-02
3.693073242902755737e-02
3.693054616451263428e-02
3.693034872412681580e-02
3.693015500903129578e-02
3.692995756864547729e-02
3.692976012825965881e-02
3.692957013845443726e-02
3.692936897277832031e-02
3.692918270826339722e-02
3.692898154258728027e-02
3.692878410220146179e-02
3.692858293652534485e-02
3.692838922142982483e-02
3.692819178104400635e-02
3.692800179123878479e-02
3.692779690027236938e-02
3.692761063575744629e-02
3.692740947008132935e-02
3.692721202969551086e-02
3.692701458930969238e-02
3.692681714892387390e-02
3.692662343382835388e-02
3.692642599344253540e-02
3.692622855305671692e-02
3.692603111267089844e-02
3.692583367228507996e-02
3.692563995718955994e-02
3.692543134093284607e-02
3.692523762583732605e-02
3.692502900958061218e-02
3.692484274506568909e-02
3.692463785409927368e-02
3.692443668842315674e-02
3.692423924803733826e-02
3.692404925823211670e-02
3.692384064197540283e-02
3.692364320158958435e-02
3.692343831062316895e-02
3.692324087023735046e-02
3.692303970456123352e-02
3.692284226417541504e-02
3.692264482378959656e-02
3.692243993282318115e-02
3.692224249243736267e-02
3.692203760147094727e-02
3.692184016108512878e-02
3.692164272069931030e-02
3.692144155502319336e-02
3.692123293876647949e-02
3.692103549838066101e-02
3.692083805799484253e-02
3.692062944173812866e-02
3.692042455077171326e-02
3.692023083567619324e-02
3.692003339529037476e-02
3.691982850432395935e-02
3.691962733864784241e-02
3.691942244768142700e-02
3.691922128200531006e-02
3.691901266574859619e-02
3.691881150007247925e-02
3.691861033439636230e-02
3.691840544342994690e-02
3.691819682717323303e-02
3.691799566149711609e-02
3.691779449582099915e-02
3.691758587956428528e-02
3.691738098859786987e-02
3.691717982292175293e-02
3.691697865724563599e-02
3.691677749156951904e-02
3.691656515002250671e-02
3.691636770963668823e-02
3.691616281867027283e-02
3.691595047712326050e-02
3.691574558615684509e-02
3.691554442048072815e-02
3.691533207893371582e-02
3.691512718796730042e-02
3.691491857171058655e-02
3.691471368074417114e-02
3.691450878977775574e-02
3.691430389881134033e-02
3.691409528255462646e-02
3.691388294100761414e-02
3.691367432475090027e-02
3.691346943378448486e-02
3.691326454281806946e-02
3.691305220127105713e-02
3.691285103559494019e-02
3.691263869404792786e-02
3.691242635250091553e-02
3.691222146153450012e-02
3.691201284527778625e-02
3.691180050373077393e-02
3.691159561276435852e-02
3.691138699650764465e-02
3.691117092967033386e-02
3.691096231341362000e-02
3.691074997186660767e-02
3.691054135560989380e-02
3.691032528877258301e-02
3.691012412309646606e-02
3.690991178154945374e-02
3.690970689058303833e-02
3.690949082374572754e-02
3.690928220748901367e-02
3.690906614065170288e-02
3.690885752439498901e-02
3.690864518284797668e-02
3.690843284130096436e-02
3.690821677446365356e-02
3.690800443291664124e-02
3.690779209136962891e-02
3.690757602453231812e-02
3.690735995769500732e-02
3.690715506672859192e-02
3.690693899989128113e-02
3.690672293305397034e-02
3.690651059150695801e-02
3.690629824995994568e-02
3.690608218312263489e-02
3.690586984157562256e-02
3.690565750002861023e-02
3.690544515848159790e-02
3.690522909164428711e-02
3.690501675009727478e-02
3.690479323267936707e-02
3.690458461642265320e-02
3.690436854958534241e-02
3.690415248274803162e-02
3.690393269062042236e-02
3.690372034907341003e-02
3.690350428223609924e-02
3.690328449010848999e-02
3.690306842327117920e-02
3.690284863114356995e-02
3.690263256430625916e-02
3.690241649746894836e-02
3.690219670534133911e-02
3.690198436379432678e-02
3.690176829695701599e-02
3.690154850482940674e-02
3.690132871270179749e-02
3.690111264586448669e-02
3.690089285373687744e-02
3.690067306160926819e-02
3.690045326948165894e-02
3.690023347735404968e-02
3.690001741051673889e-02
3.689979761838912964e-02
3.689958155155181885e-02
3.689935803413391113e-02
3.689913451671600342e-02
3.689891844987869263e-02
3.689869493246078491e-02
3.689847886562347412e-02
3.689825534820556641e-02
3.689803183078765869e-02
3.689781576395034790e-02
3.689758479595184326e-02
3.689736872911453247e-02
3.689715266227722168e-02
3.689692541956901550e-02
3.689670562744140625e-02
3.689648583531379700e-02
3.689626231789588928e-02
3.689603507518768311e-02
3.689580783247947693e-02
3.689558804035186768e-02
3.689536452293395996e-02
3.689513728022575378e-02
3.689492121338844299e-02
3.689469769597053528e-02
3.689446300268173218e-02
3.689424321055412292e-02
3.689401969313621521e-02
3.689379245042800903e-02
3.689356148242950439e-02
3.689333423972129822e-02
3.689311444759368896e-02
3.689289093017578125e-02
3.689266368746757507e-02
3.689243644475936890e-02
3.689221292734146118e-02
3.689199313521385193e-02
3.689175844192504883e-02
3.689153119921684265e-02
3.689131513237953186e-02
3.689108416438102722e-02
3.689085692167282104e-02
3.689062967896461487e-02
3.689039871096611023e-02
3.689017519354820251e-02
3.688995167613029480e-02
3.688972070813179016e-02
3.688949719071388245e-02
3.688926622271537781e-02
3.688903898000717163e-02
3.688880801200866699e-02
3.688858076930046082e-02
3.688835352659225464e-02
3.688811883330345154e-02
3.688789531588554382e-02
3.688766434788703918e-02
3.688743337988853455e-02
3.688720241189002991e-02
3.688697144389152527e-02
3.688674420118331909e-02
3.688650950789451599e-02
3.688627853989601135e-02
3.688605502247810364e-02
3.688582405447959900e-02
3.688559308648109436e-02
3.688535839319229126e-02
3.688512742519378662e-02
3.688490018248558044e-02
3.688466548919677734e-02
3.688443452119827271e-02
3.688420727849006653e-02
3.688396513462066650e-02
3.688373416662216187e-02
3.688350692391395569e-02
3.688326850533485413e-02
3.688304126262664795e-02
3.688280656933784485e-02
3.688257932662963867e-02
3.688234090805053711e-02
3.688210994005203247e-02
3.688187152147293091e-02
3.688164427876472473e-02
3.688140958547592163e-02
3.688117861747741699e-02
3.688094019889831543e-02
3.688070923089981079e-02
3.688047453761100769e-02
3.688024729490280151e-02
3.688000887632369995e-02
3.687977418303489685e-02
3.687953948974609375e-02
3.687930479645729065e-02
3.687906637787818909e-02
3.687882795929908752e-02
3.687859326601028442e-02
3.687836229801177979e-02
3.687812387943267822e-02
3.687788546085357666e-02
3.687765449285507202e-02
3.687741979956626892e-02
3.687718138098716736e-02
3.687695041298866272e-02
3.687671571969985962e-02
3.687647357583045959e-02
3.687623515725135803e-02
3.687600046396255493e-02
3.687576577067375183e-02
3.687552362680435181e-02
3.687528520822525024e-02
3.687505051493644714e-02
3.687481209635734558e-02
3.687457367777824402e-02
3.687433898448944092e-02
3.687410429120063782e-02
3.687386959791183472e-02
3.687362745404243469e-02
3.687338903546333313e-02
3.687315434217453003e-02
3.687290847301483154e-02
3.687267005443572998e-02
3.687243163585662842e-02
3.687219694256782532e-02
3.687195852398872375e-02
3.687172010540962219e-02
3.687147796154022217e-02
3.687124699354171753e-02
3.687100112438201904e-02
3.687076643109321594e-02
3.687052428722381592e-02
3.687028586864471436e-02
3.687004745006561279e-02
3.686981275677680969e-02
3.686957433819770813e-02
3.686932846903800964e-02
3.686909005045890808e-02
3.686885535717010498e-02
3.686861321330070496e-02
3.686838224530220032e-02
3.686812892556190491e-02
3.686789050698280334e-02
3.686765208840370178e-02
3.686741366982460022e-02
3.686716780066490173e-02
3.686692938208580017e-02
3.686669096350669861e-02
3.686645254492759705e-02
3.686621040105819702e-02
3.686596825718879700e-02
3.686572611331939697e-02
3.686548024415969849e-02
3.686524555087089539e-02
3.686500340700149536e-02
3.686476498842239380e-02
3.686452284455299377e-02
3.686428070068359375e-02
3.686404228210449219e-02
3.686379641294479370e-02
3.686355799436569214e-02
3.686331585049629211e-02
3.686307370662689209e-02
3.686284273862838745e-02
3.686259314417839050e-02
3.686235472559928894e-02
3.686211258172988892e-02
3.686187043786048889e-02
3.686163201928138733e-02
3.686139360070228577e-02
3.686115145683288574e-02
3.686090186238288879e-02
3.686066716909408569e-02
3.686042875051498413e-02
3.686018288135528564e-02
3.685994446277618408e-02
3.685970231890678406e-02
3.685946390032768250e-02
3.685921803116798401e-02
3.685897588729858398e-02
3.685873374342918396e-02
3.685849532485008240e-02
3.685825318098068237e-02
3.685800731182098389e-02
3.685776889324188232e-02
3.685752674937248230e-02
3.685728088021278381e-02
3.685703873634338379e-02
3.685678914189338684e-02
3.685655072331428528e-02
3.685631230473518372e-02
3.685607016086578369e-02
3.685583174228668213e-02
3.685558959841728210e-02
3.685534372925758362e-02
3.685509786009788513e-02
3.685486316680908203e-02
3.685462474822998047e-02
3.685437887907028198e-02
3.685413300991058350e-02
3.685389459133148193e-02
3.685364499688148499e-02
3.685341030359268188e-02
3.685316443443298340e-02
3.685292601585388184e-02
3.685268387198448181e-02
3.685243427753448486e-02
3.685219585895538330e-02
3.685195744037628174e-02
3.685170784592628479e-02
3.685146942734718323e-02
3.685123100876808167e-02
3.685099259018898010e-02
3.685074672102928162e-02
3.685050085186958313e-02
3.685026243329048157e-02
3.685002028942108154e-02
3.684977814555168152e-02
3.684954345226287842e-02
3.684929758310317993e-02
3.684905543923377991e-02
3.684880957007408142e-02
3.684857487678527832e-02
3.684832900762557983e-02
3.684808686375617981e-02
3.684784471988677979e-02
3.684760257601737976e-02
3.684735670685768127e-02
3.684711456298828125e-02
3.684687986969947815e-02
3.684663400053977966e-02
3.684639185667037964e-02
3.684615343809127808e-02
3.684591501951217651e-02
3.684567287564277649e-02
3.684543818235397339e-02
3.684518858790397644e-02
3.684495016932487488e-02
3.684470430016517639e-02
3.684446588158607483e-02
3.684422373771667480e-02
3.684398531913757324e-02
3.684374317526817322e-02
