1.650426268577575684e+00
9.597942233085632324e-01
-1.232625126838684082e+00
-1.552494168281555176e+00
-9.884997606277465820e-01
5.471308827400207520e-01
-1.137718334794044495e-01
-4.021490573883056641e+00
5.298637747764587402e-01
-1.639716148376464844e+00
7.038074135780334473e-01
-1.109342336654663086e+00
6.515823006629943848e-01
-1.007140994071960449e+00
3.181766033172607422e+00
2.041495323181152344e+00
-8.485416769981384277e-01
1.423891186714172363e+00
5.363609790802001953e-01
-6.878431439399719238e-01
-5.542798638343811035e-01
3.715720474720001221e-01
1.429514884948730469e+00
-2.851862609386444092e-01
-7.054145932197570801e-01
-8.148812502622604370e-02
6.656265854835510254e-01
8.902953863143920898e-01
-4.671198129653930664e-02
7.083415389060974121e-01
9.115743041038513184e-01
6.920477151870727539e-01
-4.658458232879638672e-01
-1.006985902786254883e+00
-9.625595211982727051e-01
-3.835200965404510498e-01
5.336744785308837891e-01
2.946812212467193604e-01
-6.374300122261047363e-01
-2.085462093353271484e+00
-4.153894484043121338e-01
-2.429250068962574005e-02
8.502657413482666016e-01
4.807408899068832397e-02
5.646301507949829102e-01
-2.801882326602935791e-01
9.882340580224990845e-02
4.137984275817871094e+00
5.712360739707946777e-01
-9.387402534484863281e-01
1.050264120101928711e+00
8.849701285362243652e-01
4.296350851655006409e-02
-1.675149440765380859e+00
4.982263147830963135e-01
-4.234767556190490723e-01
1.521292328834533691e-01
-3.290892243385314941e-01
-1.120827436447143555e+00
1.239768505096435547e+00
4.463687539100646973e-01
-4.048490151762962341e-02
7.809579372406005859e-01
-4.839755296707153320e-01
-3.533499240875244141e-01
-1.647849321365356445e+00
-1.947350353002548218e-01
-2.115183830261230469e+00
8.738026022911071777e-01
-3.399429023265838623e-01
-4.751641154289245605e-01
3.492796421051025391e-01
-7.184757292270660400e-02
3.397161066532135010e-01
-7.807898521423339844e-01
7.410539984703063965e-01
5.611323714256286621e-01
1.546781659126281738e+00
7.910110354423522949e-01
-1.893223285675048828e+00
8.564241528511047363e-01
6.428099870681762695e-01
5.204272866249084473e-01
9.902002811431884766e-01
-1.112930893898010254e+00
-4.725491404533386230e-01
7.220125794410705566e-01
1.375974655151367188e+00
1.256467849016189575e-01
-3.159039974212646484e+00
3.634171783924102783e-01
1.096938729286193848e+00
1.335788726806640625e+00
-3.137967884540557861e-01
-1.030055522918701172e+00
1.892766118049621582e+00
-5.180224180221557617e-01
3.603110313415527344e-01
1.620269298553466797e+00
-1.304983019828796387e+00
-1.241551414132118225e-01
2.529854476451873779e-01
3.316415250301361084e-01
1.695962250232696533e-01
1.818980097770690918e+00
-8.221722394227981567e-02
-1.989494562149047852e-01
7.458392530679702759e-02
8.629060387611389160e-01
-1.833121627569198608e-01
3.426430702209472656e+00
5.618519186973571777e-01
4.098979234695434570e-01
2.528508603572845459e-01
9.058464169502258301e-01
1.145855903625488281e+00
-4.723654091358184814e-01
-1.819249987602233887e-01
1.691022038459777832e+00
-2.349350214004516602e+00
6.357810497283935547e-01
-4.646131098270416260e-01
2.073817968368530273e+00
-3.011057376861572266e-01
3.312475383281707764e-01
2.716438472270965576e-02
3.861843049526214600e-01
-6.666421294212341309e-01
-1.256146073341369629e+00
-8.452881574630737305e-01
5.408923625946044922e-01
9.580155611038208008e-01
-1.493756294250488281e+00
2.198071956634521484e+00
1.045912876725196838e-02
1.432950377464294434e+00
-2.331232577562332153e-01
-3.682683408260345459e-01
9.922113418579101562e-01
7.264510542154312134e-02
3.057502806186676025e-01
3.435094356536865234e+00
-9.486476331949234009e-02
3.529443740844726562e-01
1.563321471214294434e+00
-2.314346469938755035e-02
7.435501813888549805e-01
-9.995113015174865723e-01
2.081993669271469116e-01
-5.571656823158264160e-01
-1.911996491253376007e-02
-3.597859144210815430e+00
1.041166782379150391e+00
-7.765331268310546875e-01
3.514366447925567627e-01
3.932867348194122314e-01
3.969607651233673096e-01
-1.108809828758239746e+00
1.469503283500671387e+00
-6.310088932514190674e-02
-8.406035304069519043e-01
2.460817694664001465e-01
-8.843700587749481201e-02
-3.349798321723937988e-01
-5.326123237609863281e-01
-6.100834012031555176e-01
-1.088343113660812378e-01
3.821735680103302002e-01
-1.803712993860244751e-01
4.461919665336608887e-01
1.600111365318298340e+00
-5.117505788803100586e-01
8.946930766105651855e-01
-1.955983996391296387e+00
7.020697593688964844e-01
-1.553082585334777832e+00
4.394628703594207764e-01
-1.597718715667724609e+00
-1.151528283953666687e-01
-2.430212050676345825e-01
-2.483536720275878906e+00
-9.957407712936401367e-01
5.806758999824523926e-01
-2.403636127710342407e-01
-1.478128284215927124e-01
-8.684074878692626953e-01
1.017792463302612305e+00
3.394985198974609375e-01
2.230063229799270630e-01
-8.420181274414062500e-01
-2.185386896133422852e+00
-6.667030453681945801e-01
3.641117334365844727e+00
-2.980010032653808594e+00
-8.330755233764648438e-01
-9.876059889793395996e-01
5.031710863113403320e-01
-3.408490657806396484e+00
6.228919029235839844e-01
4.709865748882293701e-01
