9.517475366592407227e-01
-3.429057896137237549e-01
-1.564035058021545410e+00
2.420219033956527710e-01
-4.818941056728363037e-01
7.832389324903488159e-02
3.342919349670410156e+00
-3.301287889480590820e-01
-5.060691237449645996e-01
-2.233051806688308716e-01
-1.372862815856933594e+00
5.440308526158332825e-02
-1.002572298049926758e+00
4.484813213348388672e-01
3.495459794998168945e+00
-4.878074526786804199e-01
3.573144972324371338e-01
2.450287818908691406e+00
-2.593273401260375977e+00
4.343652725219726562e+00
-4.829566478729248047e-01
-1.275649547576904297e+00
-9.348676800727844238e-01
2.225317478179931641e+00
-1.642066836357116699e+00
-4.198324680328369141e-01
-5.604957938194274902e-01
7.792760133743286133e-01
1.236523911356925964e-01
3.184547424316406250e-01
1.320229470729827881e-01
-4.105152130126953125e+00
3.955354690551757812e-01
1.432445645332336426e-01
2.012325048446655273e+00
-1.546795368194580078e-01
-8.177444338798522949e-01
-6.059317290782928467e-02
8.995445370674133301e-01
1.335826665163040161e-01
1.026649996638298035e-01
-2.431502640247344971e-01
3.557790756225585938e+00
-1.685679197311401367e+00
1.338399529457092285e+00
6.011167168617248535e-01
7.033870369195938110e-02
1.647858917713165283e-01
-2.896950960159301758e+00
-9.117326140403747559e-01
1.154308557510375977e+00
6.152945160865783691e-01
-2.582556307315826416e-01
3.018955176230520010e-04
-2.414069026708602905e-01
4.856357574462890625e-01
-5.102860927581787109e-01
4.257239401340484619e-01
9.408888220787048340e-01
5.176289081573486328e-01
-8.396289944648742676e-01
1.275141984224319458e-01
3.761577308177947998e-01
-3.022835493087768555e+00
-4.720822274684906006e-01
6.025073528289794922e-01
-4.376031085848808289e-02
-3.667573630809783936e-01
-1.353147268295288086e+00
-1.006499052047729492e+00
-2.280614137649536133e+00
-1.390678286552429199e+00
6.113098859786987305e-01
-1.804968833923339844e+00
1.653781086206436157e-01
-8.845779299736022949e-01
8.923570513725280762e-01
1.467138648033142090e+00
5.925545468926429749e-02
-1.147623419761657715e+00
1.659889340400695801e+00
-5.038216114044189453e+00
1.068990111351013184e+00
1.004384994506835938e+00
-6.017016172409057617e-01
-1.205875575542449951e-01
-3.102889657020568848e-01
4.482960104942321777e-01
-3.464932203292846680e+00
1.116477012634277344e+00
-1.740399003028869629e+00
-1.766363233327865601e-01
-9.248217940330505371e-01
-1.297810394316911697e-02
6.394445151090621948e-02
-3.010888099670410156e-01
3.340078890323638916e-02
-9.878572821617126465e-01
1.820617467164993286e-01
1.720896124839782715e+00
