-6.734681129455566406e-01
1.219663619995117188e-01
2.610735222697257996e-02
-4.236763477325439453e+00
-2.504718780517578125e+00
-9.147624373435974121e-01
2.172632366418838501e-01
3.189839124679565430e+00
-2.973889410495758057e-01
-2.806865215301513672e+00
4.826435446739196777e-02
-8.246477246284484863e-01
-7.181665301322937012e-02
5.179543495178222656e-01
-4.329058825969696045e-01
-6.794533729553222656e-01
3.342648267745971680e+00
1.012027040123939514e-01
3.990112617611885071e-02
-8.606790564954280853e-03
-9.046880602836608887e-01
6.670715332031250000e+00
-1.752990007400512695e+00
-2.970094680786132812e-01
1.372459292411804199e+00
-1.717847883701324463e-01
8.308947831392288208e-02
-7.798639535903930664e-01
-1.111807703971862793e+00
-4.904767990112304688e+00
-2.319860935211181641e+00
2.006233930587768555e-01
-1.070427417755126953e+00
5.845453143119812012e-01
-3.066862225532531738e-01
5.563688755035400391e+00
7.182989597320556641e+00
-5.222727298736572266e+00
1.820483654737472534e-01
-8.194692134857177734e-01
-5.606704950332641602e-01
-5.673108100891113281e-01
-4.586408734321594238e-01
-1.706759445369243622e-02
-1.960767209529876709e-01
9.575881958007812500e-01
6.102599620819091797e+00
9.455102086067199707e-01
-5.697916984558105469e+00
1.843667030334472656e-01
