-5.641857981681823730e-01 1.746668577194213867e+00 3.036840200424194336e+00 -1.006218075752258301e+00 5.243259429931640625e+00 1.638472080230712891e+00 -8.991447277367115021e-03 3.874409914016723633e+00 -3.915963888168334961e+00 -1.759433448314666748e-01
-6.167393326759338379e-01 1.096852183341979980e+00 -1.344718933105468750e+00 5.736132264137268066e-01 3.964337408542633057e-01 -2.296971976757049561e-01 -2.539638280868530273e-01 -3.576841592788696289e+00 1.218065470457077026e-01 -2.001979589462280273e+00
5.839902400970458984e+00 1.393221616744995117e+00 -2.526046633720397949e-01 1.087712049484252930e+00 2.076393961906433105e-01 -2.034012794494628906e+00 6.663170456886291504e-01 1.625969171524047852e+00 1.362020969390869141e+00 -6.765639781951904297e-01
5.749889612197875977e-01 1.130175948143005371e+00 1.921756625175476074e+00 6.340922117233276367e-01 -5.366490840911865234e+00 -5.202642917633056641e+00 6.178620457649230957e-01 -4.480391502380371094e+00 1.191139221191406250e+00 -3.291943788528442383e+00
-2.534264802932739258e+00 4.792757630348205566e-01 9.106840938329696655e-02 -2.724477648735046387e-01 1.093838453292846680e+00 1.744541972875595093e-01 -1.257970929145812988e-01 1.912118077278137207e+00 3.524158298969268799e-01 -1.259322762489318848e-01
4.459485709667205811e-01 -9.678166508674621582e-01 -3.619705438613891602e+00 1.384706143289804459e-02 2.644644975662231445e-01 -7.325158715248107910e-01 -3.651379048824310303e-01 -6.784766167402267456e-02 -1.649245500564575195e+00 5.120362758636474609e+00
2.192285209894180298e-01 3.716914951801300049e-01 1.074401259422302246e+00 -2.261341571807861328e+00 -1.077325463294982910e+00 6.067850440740585327e-02 1.289088428020477295e-01 -1.091582253575325012e-01 -1.111362576484680176e+00 9.822899848222732544e-02
-1.739013552665710449e+00 5.398198604583740234e+00 9.522213339805603027e-01 -4.870378375053405762e-01 -8.549104928970336914e-01 -3.696016311645507812e+00 2.920289278030395508e+00 1.846524000167846680e+00 -1.209189295768737793e+00 -8.355082944035530090e-03
-5.152111053466796875e+00 5.911273881793022156e-02 8.619119524955749512e-01 -5.360479950904846191e-01 1.207476019859313965e+00 -6.257226467132568359e-01 9.137316048145294189e-02 1.566619515419006348e+00 -3.172140717506408691e-01 -3.032024860382080078e+00
4.102804064750671387e-01 -4.103192687034606934e-01 3.088576793670654297e-01 4.462633430957794189e-01 8.076450228691101074e-01 6.990262269973754883e-01 -8.323711156845092773e-02 1.399912983179092407e-01 -4.181968048214912415e-02 -5.109356045722961426e-01
-3.142001628875732422e-01 -2.359399795532226562e+00 -2.003442525863647461e+00 -2.472387105226516724e-01 2.640646219253540039e+00 4.489385485649108887e-01 2.797220706939697266e+00 -5.596357822418212891e+00 8.489658832550048828e-01 4.753394126892089844e-01
-3.330996036529541016e-01 6.251900196075439453e-01 -8.990849852561950684e-01 -1.306524753570556641e+00 7.328421473503112793e-01 9.230777621269226074e-01 1.018561482429504395e+00 -8.236351609230041504e-01 -2.948015630245208740e-01 -2.878527879714965820e+00
-7.569541335105895996e-01 6.221235990524291992e-01 1.425881743431091309e+00 -1.366783738136291504e+00 -1.034171223640441895e+00 -1.177882313728332520e+00 -2.698882818222045898e+00 -1.255012631416320801e+00 6.242816925048828125e+00 1.690051198005676270e+00
-4.253130778670310974e-02 2.742619276046752930e+00 2.786700248718261719e+00 4.289508819580078125e+00 6.898690462112426758e-01 -4.504768848419189453e-01 7.914876937866210938e-01 -2.824690341949462891e-01 -2.364307165145874023e+00 -5.486982345581054688e+00
1.103935316205024719e-01 1.972219824790954590e+00 -8.959542512893676758e-01 6.241770386695861816e-01 -4.505248546600341797e+00 5.102533340454101562e+00 3.015485763549804688e+00 1.585969209671020508e+00 -2.961774766445159912e-01 2.470456600189208984e+00
-2.230616211891174316e-01 -3.069268941879272461e+00 4.439615249633789062e+00 1.206747889518737793e+00 3.799186468124389648e+00 -5.355717182159423828e+00 1.825546503067016602e+00 5.006440162658691406e+00 -3.319576263427734375e+00 6.218832135200500488e-01
2.499766588211059570e+00 5.214798450469970703e+00 4.974347054958343506e-01 1.885896325111389160e+00 -4.070260047912597656e+00 5.069940567016601562e+00 -9.804301857948303223e-01 7.358750104904174805e-01 2.423075199127197266e+00 1.269314169883728027e+00
-5.617169380187988281e+00 -9.749778360128402710e-02 -3.833802223205566406e+00 -1.101568698883056641e+00 -1.549822092056274414e+00 1.335894703865051270e+00 -1.753011465072631836e+00 -8.878973722457885742e-01 -1.460252761840820312e+00 -4.052702903747558594e+00
8.086497783660888672e-01 -4.856388568878173828e+00 3.389841020107269287e-01 5.168493270874023438e+00 2.107691913843154907e-01 -1.446363568305969238e+00 -3.098384439945220947e-01 1.081097006797790527e+00 -1.362361107021570206e-02 2.174089290201663971e-02
2.107706218957901001e-01 1.494272232055664062e+00 8.131517767906188965e-01 -1.258053779602050781e-01 1.249001920223236084e-01 1.078499078750610352e+00 -1.080616489052772522e-01 1.477193951606750488e+00 -3.899507820606231689e-01 -1.155054122209548950e-01
-4.725571632385253906e+00 -3.893858432769775391e+00 -3.041703224182128906e+00 5.661602020263671875e-01 -9.423005580902099609e-01 -7.755428552627563477e-01 -5.520780086517333984e+00 -5.293061733245849609e+00 3.383865952491760254e-01 8.933154940605163574e-01
-2.592189073562622070e+00 -4.632711410522460938e+00 -9.354934096336364746e-02 -1.658050298690795898e+00 -4.147636413574218750e+00 -1.631250791251659393e-02 1.734335064888000488e+00 -1.362170219421386719e+00 5.965492725372314453e+00 -4.769035577774047852e-01
4.790224432945251465e-01 5.765186309814453125e+00 -5.770471319556236267e-02 -4.435666084289550781e+00 -9.438152909278869629e-01 -1.290254831314086914e+00 -2.533238410949707031e+00 2.158358335494995117e+00 4.657206058502197266e+00 5.189589262008666992e-01
1.415341377258300781e+00 -1.302654504776000977e+00 -3.255542218685150146e-01 -8.543837666511535645e-01 -3.407835721969604492e+00 4.667937755584716797e-01 -5.226756572723388672e+00 -3.612383008003234863e-01 -2.708659410476684570e+00 -5.917587876319885254e-01
-5.771929398179054260e-02 -6.791377067565917969e-01 -4.500514507293701172e+00 3.256441056728363037e-01 4.506504535675048828e+00 -4.103802680969238281e+00 -5.432083606719970703e+00 1.300880461931228638e-01 3.531208932399749756e-01 -4.274112880229949951e-01
3.426600217819213867e+00 4.516514778137207031e+00 -4.493789196014404297e+00 8.683658838272094727e-01 1.599047064781188965e+00 -1.950367569923400879e+00 1.055829286575317383e+00 1.696141004562377930e+00 1.042087912559509277e+00 4.204623699188232422e+00
4.843392670154571533e-01 -2.156390905380249023e+00 -8.347335457801818848e-01 4.982791095972061157e-02 -4.867736816406250000e+00 4.223808765411376953e+00 5.461030960083007812e+00 -3.822381496429443359e-01 1.889317393302917480e+00 2.308706998825073242e+00
8.903983980417251587e-02 4.517198204994201660e-01 2.230186223983764648e+00 4.885804176330566406e+00 -4.738804996013641357e-01 5.282281398773193359e+00 2.129781007766723633e+00 2.986072778701782227e+00 -5.705901384353637695e-01 1.063552618026733398e+00
-3.056943893432617188e+00 4.632354974746704102e-01 1.912920176982879639e-02 -4.389485359191894531e+00 -2.065937042236328125e+00 -1.321451544761657715e+00 2.232019454240798950e-01 -2.504417419433593750e+00 4.872924387454986572e-01 -5.303804874420166016e+00
-1.862616688013076782e-01 -1.851254403591156006e-01 -2.731384515762329102e+00 2.458501815795898438e+00 -2.591591835021972656e+00 3.680010437965393066e-01 -3.848792314529418945e-01 5.552522659301757812e+00 -2.516117095947265625e+00 -1.899102330207824707e-01
6.588220596313476562e-01 2.950452089309692383e+00 5.162766575813293457e-01 5.239182472229003906e+00 8.436120152473449707e-01 4.267233848571777344e+00 2.638969421386718750e+00 -5.250749588012695312e+00 -5.333315581083297729e-02 -5.644926428794860840e-01
1.215079665184020996e+00 -6.174069881439208984e+00 2.362899065017700195e+00 -1.351835608482360840e+00 -6.315612196922302246e-01 -3.834578990936279297e+00 9.111450910568237305e-01 1.222358703613281250e+00 1.108263373374938965e+00 -5.146755836904048920e-03
3.338093459606170654e-01 -1.262724399566650391e+00 -4.351398944854736328e+00 3.785661756992340088e-01 3.430909633636474609e+00 3.572862625122070312e+00 -4.309734404087066650e-01 -5.888105183839797974e-02 7.067636251449584961e-01 1.653278946876525879e+00
5.662663578987121582e-01 5.525158643722534180e-01 -5.259034037590026855e-01 -7.192661166191101074e-01 3.153510689735412598e-01 -4.943559169769287109e-01 5.397003889083862305e-01 4.434747099876403809e-01 -3.213449418544769287e-01 -1.008919477462768555e+00
4.241858959197998047e+00 1.756092905998229980e-02 -2.511821269989013672e+00 7.011763006448745728e-02 -7.703460454940795898e-01 -1.197604760527610779e-01 -5.263103008270263672e+00 7.157875299453735352e-01 -4.661960124969482422e+00 -1.584630459547042847e-02
-4.458602368831634521e-01 -2.418015599250793457e-01 -7.068241238594055176e-01 -8.988958001136779785e-01 1.124982118606567383e+00 -7.469851970672607422e-01 -1.579762578010559082e+00 1.336006402969360352e+00 7.745722774416208267e-03 4.583658277988433838e-01
5.708737373352050781e-01 6.564012765884399414e-01 8.270929455757141113e-01 5.705405473709106445e-01 5.038247704505920410e-01 2.363170236349105835e-01 4.235422134399414062e+00 -2.959122359752655029e-01 2.051725089550018311e-01 2.101455479860305786e-01
1.333228707313537598e+00 2.070688962936401367e+00 4.797319889068603516e+00 -1.271022796630859375e+00 1.056882381439208984e+00 4.160013675689697266e+00 2.685044705867767334e-01 7.215289473533630371e-01 6.731560230255126953e-01 -1.729305505752563477e+00
1.775740861892700195e+00 -7.198421359062194824e-01 4.274385929107666016e+00 -3.305315971374511719e+00 -2.341944217681884766e+00 5.010490417480468750e-01 -5.446397066116333008e-01 9.365828037261962891e-01 -1.460778594017028809e+00 -4.681412220001220703e+00
-1.014798760414123535e+00 -3.974191904067993164e+00 -2.129953622817993164e+00 -1.900131225585937500e+00 -2.753063678741455078e+00 2.027450561523437500e+00 -5.474998950958251953e+00 3.619127035140991211e+00 3.267233967781066895e-01 -4.941648960113525391e+00
2.037051200866699219e+00 3.590809345245361328e+00 5.763413906097412109e+00 -1.066171050071716309e+00 -1.359386324882507324e+00 3.893404304981231689e-01 3.940629363059997559e-01 -6.277718544006347656e-01 7.416134476661682129e-01 4.962621688842773438e+00
5.436012744903564453e+00 1.849856615066528320e+00 1.415255427360534668e+00 5.003136157989501953e+00 5.298448801040649414e-01 3.182675540447235107e-01 9.117978215217590332e-01 1.873353958129882812e+00 3.891233354806900024e-02 -1.580523014068603516e+00
3.016677856445312500e+00 -2.812781631946563721e-01 4.354915142059326172e+00 -2.774525165557861328e+00 8.544927239418029785e-01 5.359427452087402344e+00 -4.898608624935150146e-01 -4.736407756805419922e+00 -1.686996102333068848e+00 -4.363725662231445312e+00
2.030652523040771484e+00 2.792767584323883057e-01 6.511388301849365234e+00 7.491365075111389160e-01 1.220439791679382324e+00 1.345447748899459839e-01 -1.750919222831726074e+00 3.356616199016571045e-01 4.606259822845458984e+00 7.533552646636962891e-01
1.001027941703796387e+00 -5.518673419952392578e+00 4.933667182922363281e-01 -1.480525970458984375e+00 -2.370058536529541016e+00 2.508111715316772461e+00 -2.424130678176879883e+00 -1.424977481365203857e-01 -5.696929693222045898e-01 -2.415986955165863037e-01
4.573850631713867188e+00 -1.063427329063415527e+00 5.394164919853210449e-01 3.941848516464233398e+00 -3.186138346791267395e-02 3.036594390869140625e-01 -1.577198356389999390e-01 -4.533262729644775391e+00 -2.953581333160400391e+00 -1.634904861450195312e+00
-2.443344116210937500e+00 2.941009402275085449e-01 3.614725768566131592e-01 -1.531263738870620728e-01 6.649847626686096191e-01 1.674609422683715820e+00 -1.340987831354141235e-01 8.551490902900695801e-01 7.514561414718627930e-01 5.023029327392578125e+00
2.483143806457519531e+00 2.635945975780487061e-01 -2.085962772369384766e+00 -4.863860607147216797e+00 -8.134819269180297852e-01 -5.010744571685791016e+00 -2.984693944454193115e-01 1.183689758181571960e-01 1.362943463027477264e-02 2.162292242050170898e+00
2.217179775238037109e+00 9.038085937500000000e-01 -3.604806184768676758e+00 3.339722633361816406e+00 -3.274774789810180664e+00 -8.809002041816711426e-01 -1.696130514144897461e+00 -6.087242960929870605e-01 5.452618598937988281e+00 5.066771030426025391e+00
1.168791174888610840e+00 1.693187117576599121e+00 -4.604731559753417969e+00 -3.065975606441497803e-01 -3.620112240314483643e-01 -5.403849124908447266e+00 8.080558478832244873e-02 1.973135590553283691e+00 4.143528938293457031e+00 -2.400527715682983398e+00
7.217860314995050430e-03 1.903888434171676636e-01 2.561968564987182617e-01 -2.972730994224548340e-01 -1.813428103923797607e-01 -2.305627241730690002e-02 -2.115124762058258057e-01 2.831590771675109863e-01 -7.904596924781799316e-01 -1.437879502773284912e-01
-3.995310783386230469e+00 3.215606451034545898e+00 4.726936668157577515e-02 -4.690090656280517578e+00 4.757152080535888672e+00 -5.050714969635009766e+00 1.400311470031738281e+00 -4.594450294971466064e-01 -3.513614177703857422e+00 4.911948204040527344e+00
-1.281221985816955566e+00 6.699299812316894531e-01 4.663317203521728516e-01 -1.960965543985366821e-01 3.826957345008850098e-01 -5.645246803760528564e-02 1.758761107921600342e-01 2.244793891906738281e+00 -2.061709994450211525e-03 -8.194065093994140625e-01
-2.563733100891113281e+00 -2.405660867691040039e+00 4.569041252136230469e+00 5.178833961486816406e+00 -4.497272491455078125e+00 4.106146097183227539e-01 -9.094938039779663086e-01 -1.297984123229980469e-01 -3.322954475879669189e-02 4.420080184936523438e+00
1.815126776695251465e+00 3.465809583663940430e+00 -2.374497413635253906e+00 -3.318292498588562012e-01 1.260494142770767212e-01 9.832428097724914551e-01 1.674699544906616211e+00 7.833476662635803223e-01 1.288366876542568207e-02 4.830937862396240234e+00
5.717472434043884277e-01 4.915045261383056641e+00 3.400289714336395264e-01 -3.261011600494384766e+00 8.356434106826782227e-01 -3.168172240257263184e-01 -3.310696482658386230e-01 -2.313641548156738281e+00 -1.219767928123474121e+00 -1.832178473472595215e+00
1.400297582149505615e-01 3.283452987670898438e+00 -4.173070937395095825e-02 7.425028085708618164e-01 4.833902359008789062e+00 5.038239002227783203e+00 -7.368645668029785156e-01 3.317975521087646484e+00 9.612466096878051758e-01 -4.253918230533599854e-01
-5.043147563934326172e+00 3.257551789283752441e-01 -1.281600236892700195e+00 1.474564820528030396e-01 -7.843289971351623535e-01 -8.299100399017333984e-01 1.577943921089172363e+00 1.508954524993896484e+00 -1.153029203414916992e+00 -1.115147709846496582e+00
-1.995602808892726898e-02 1.419283747673034668e+00 5.440932750701904297e+00 -5.270006656646728516e-01 -4.420530319213867188e+00 -1.021761775016784668e+00 -1.636344671249389648e+00 3.221711516380310059e-01 -5.078794002532958984e+00 4.696749210357666016e+00
1.616808295249938965e+00 5.060914039611816406e+00 2.908565998077392578e-01 -2.139404773712158203e+00 -9.669924154877662659e-03 -1.224745631217956543e+00 -3.877992630004882812e+00 -4.502620398998260498e-01 2.573597908020019531e+00 -1.606472253799438477e+00
-2.997187972068786621e-01 -1.760659813880920410e+00 2.055766582489013672e+00 -1.176240205764770508e+00 -1.045803651213645935e-01 -2.162917137145996094e+00 2.167950391769409180e+00 -2.908334732055664062e+00 2.792278528213500977e-01 -1.035694241523742676e+00
-7.246301770210266113e-01 -1.134893536567687988e+00 -9.759070277214050293e-01 4.424092292785644531e+00 -1.074504971504211426e+00 -2.641465365886688232e-01 -5.077034473419189453e+00 -4.390794038772583008e-02 1.304848492145538330e-01 1.058461070060729980e+00
-3.874406218528747559e-01 -9.763510823249816895e-01 1.550697237253189087e-01 -5.254772901535034180e-01 -2.246834188699722290e-01 -4.795066416263580322e-01 4.514337703585624695e-02 6.419810056686401367e-01 -4.603719115257263184e-01 -7.944610714912414551e-01
1.957198530435562134e-01 -2.157868146896362305e-01 -2.526799678802490234e+00 -7.365345954895019531e-01 1.584017515182495117e+00 -1.086338996887207031e+00 -1.045481190085411072e-01 -2.623041272163391113e-01 2.416792631149291992e+00 -2.607391178607940674e-01
4.730462431907653809e-01 -4.277244508266448975e-01 9.767870903015136719e-01 -1.701156616210937500e+00 -6.114408969879150391e-01 -2.846087932586669922e+00 3.317373692989349365e-01 -5.639460086822509766e-01 -1.757530868053436279e-01 -7.247512936592102051e-01
-4.161630868911743164e-01 -7.308408617973327637e-01 -1.241431713104248047e+00 -7.027077078819274902e-01 -8.346256613731384277e-01 3.274084031581878662e-01 4.264287650585174561e-01 -9.657262563705444336e-01 -4.370487928390502930e-01 -5.830785259604454041e-02
-1.181141376495361328e+00 1.471438050270080566e+00 -1.876523852348327637e+00 5.673928260803222656e+00 -4.801063537597656250e+00 -6.862282752990722656e-01 -1.478131413459777832e+00 -2.160713434219360352e+00 1.904153972864151001e-01 2.322088181972503662e-01
5.952864289283752441e-01 7.309651970863342285e-01 -3.109605550765991211e+00 1.025996088981628418e+00 3.489736914634704590e-01 -2.191781759262084961e+00 5.479320049285888672e+00 -9.567035734653472900e-02 -1.081846714019775391e+00 -6.194159016013145447e-02
9.694933891296386719e-01 1.502490490674972534e-01 3.383647501468658447e-01 1.133789062500000000e+00 5.645290374755859375e+00 7.829284667968750000e-02 1.024768352508544922e+00 -3.121308684349060059e-01 2.085662603378295898e+00 -8.345098495483398438e-01
-5.291423201560974121e-01 -3.626183748245239258e+00 -3.664676845073699951e-01 4.242842197418212891e-01 4.227300643920898438e+00 4.408312797546386719e+00 5.082207679748535156e+00 -1.644336819648742676e+00 1.611760854721069336e+00 1.780340433120727539e+00
5.125373840332031250e+00 9.054403752088546753e-02 2.237651050090789795e-01 6.894586682319641113e-01 4.929970741271972656e+00 -7.174308896064758301e-01 5.820174217224121094e-01 4.891381740570068359e+00 1.696347236633300781e+00 1.590865969657897949e+00
-1.492893815040588379e+00 -2.389057874679565430e+00 5.611846923828125000e+00 -1.044918894767761230e+00 2.007703065872192383e+00 -6.481756567955017090e-01 -3.291076898574829102e+00 -1.304126739501953125e+00 5.481825351715087891e+00 -1.108970999717712402e+00
-2.041780710220336914e+00 -1.120765089988708496e+00 -1.011775612831115723e+00 -4.892024517059326172e+00 1.995144367218017578e+00 3.313492774963378906e+00 -4.921969413757324219e+00 -1.156862735748291016e+00 9.259982705116271973e-01 2.274045467376708984e+00
-5.784666538238525391e+00 1.436403512954711914e+00 2.262578010559082031e+00 1.262581706047058105e+00 5.107606887817382812e+00 6.282409429550170898e-01 -5.730380117893218994e-02 2.481717109680175781e+00 1.608397841453552246e+00 2.993839979171752930e+00
4.557291984558105469e+00 1.623013734817504883e+00 4.554204046726226807e-01 -5.911542177200317383e-01 3.120631694793701172e+00 -6.051574349403381348e-01 -1.085420727729797363e+00 -3.673217892646789551e-01 -8.113052695989608765e-02 4.838282108306884766e+00
1.577315181493759155e-01 -5.787962079048156738e-01 4.939416944980621338e-01 4.665723145008087158e-01 -6.817943453788757324e-01 -5.203709006309509277e-01 -5.485227704048156738e-01 3.083585202693939209e-01 5.491925477981567383e-01 3.650678992271423340e-01
4.125226020812988281e+00 -3.771034777164459229e-01 4.005329608917236328e+00 -2.734210252761840820e+00 -1.378377676010131836e-01 1.296030044555664062e+00 2.343357086181640625e+00 2.456768512725830078e+00 -7.510090470314025879e-01 5.178393721580505371e-01
-6.183105707168579102e-02 6.747003793716430664e-01 -4.357209682464599609e+00 -4.473844051361083984e+00 7.434144616127014160e-02 8.605908155441284180e-01 4.521028995513916016e+00 1.497620701789855957e+00 -1.655444502830505371e+00 -1.333876967430114746e+00
-1.876812577247619629e+00 -1.633862495422363281e+00 -4.000933170318603516e-01 -5.385848999023437500e+00 -1.671953558921813965e+00 -6.372961997985839844e-01 7.408563494682312012e-01 7.879684567451477051e-01 3.804850876331329346e-01 3.649601340293884277e-01
8.462367653846740723e-01 -7.333681732416152954e-02 -1.949010193347930908e-01 1.301762104034423828e+00 5.214518070220947266e+00 7.232655584812164307e-02 2.457296997308731079e-01 -2.630514800548553467e-01 5.815016627311706543e-01 -4.306136164814233780e-03
-1.185245513916015625e-01 -1.336032748222351074e+00 -4.460297107696533203e+00 -2.862883329391479492e+00 1.142538905143737793e+00 3.147983551025390625e+00 -1.571194678544998169e-01 -4.978395462036132812e+00 -4.894451141357421875e+00 4.448742389678955078e+00
-2.173089742660522461e+00 -8.552973717451095581e-02 3.579358816146850586e+00 1.263216376304626465e+00 2.354719191789627075e-01 -5.489614963531494141e+00 7.830240726470947266e-01 -5.592700839042663574e-01 -1.705400586128234863e+00 4.624701023101806641e+00
8.962114453315734863e-01 9.162266552448272705e-02 -1.155621886253356934e+00 -4.891735911369323730e-01 -1.784581661224365234e+00 -1.189377903938293457e+00 -4.228857994079589844e+00 -3.936115503311157227e-01 -2.594547033309936523e+00 -3.528268933296203613e-01
5.988080978393554688e+00 -1.343326210975646973e+00 3.907315731048583984e-01 -5.289014816284179688e+00 -9.516558796167373657e-02 4.892413914203643799e-01 -1.683639764785766602e+00 3.029114305973052979e-01 -1.072992205619812012e+00 -1.449644923210144043e+00
3.604503870010375977e-01 -8.622062802314758301e-01 -1.493794918060302734e+00 5.394339084625244141e+00 4.522515773773193359e+00 -3.636706769466400146e-01 -7.271752357482910156e-01 -1.353619098663330078e+00 -1.445252895355224609e+00 -4.103311061859130859e+00
-2.072114795446395874e-01 5.112536549568176270e-01 -4.337667942047119141e+00 2.269129157066345215e-01 -4.336049079895019531e+00 6.950489282608032227e-01 2.404561340808868408e-01 -1.084729671478271484e+00 1.019985318183898926e+00 -2.729797363281250000e-01
8.226131796836853027e-01 5.182848572731018066e-01 -7.512797117233276367e-01 -2.014646232128143311e-01 2.850670516490936279e-01 2.311253398656845093e-01 4.289066493511199951e-01 4.718465209007263184e-01 7.862409353256225586e-01 -2.215854451060295105e-02
-2.559836387634277344e+00 -1.223285436630249023e+00 -5.381280779838562012e-01 7.771826931275427341e-04 4.282019566744565964e-03 -4.852228164672851562e-01 4.267957508563995361e-01 1.152311444282531738e+00 -6.286779046058654785e-01 -9.027349352836608887e-01
-4.825642585754394531e+00 -2.135377526283264160e-01 -4.069665074348449707e-01 2.279087305068969727e+00 2.614424824714660645e-01 -5.919272303581237793e-01 1.135242938995361328e+00 5.654084205627441406e+00 6.311752200126647949e-01 -1.786852598190307617e+00
-1.131073951721191406e+00 -2.335418462753295898e-01 4.302655220031738281e+00 -7.269661128520965576e-02 9.457874298095703125e-01 8.823159337043762207e-01 -1.271345853805541992e+00 -2.791014671325683594e+00 -3.988377332687377930e+00 3.028733968734741211e+00
2.439025044441223145e-01 -4.322517871856689453e+00 -1.356007814407348633e+00 1.095875620841979980e+00 -2.211888074874877930e+00 -1.009935259819030762e+00 4.462975978851318359e+00 8.592575788497924805e-01 4.388596057891845703e+00 2.063963174819946289e+00
-4.720762729644775391e+00 5.227315425872802734e-01 2.073023319244384766e+00 -1.352764725685119629e+00 1.424239873886108398e+00 -6.920079588890075684e-01 -5.028967261314392090e-01 -1.829277038574218750e+00 -4.660793304443359375e+00 -3.800477683544158936e-01
-7.583927512168884277e-01 -5.392948150634765625e+00 -1.300711035728454590e+00 2.030448198318481445e+00 5.542324781417846680e-01 -2.992074966430664062e+00 -1.653167247772216797e+00 -4.370275020599365234e+00 -8.458967804908752441e-01 -5.472838878631591797e+00
-2.855774760246276855e-01 -2.059758186340332031e+00 8.794885277748107910e-01 -2.005909085273742676e-01 -2.726858854293823242e+00 -3.856245279312133789e+00 6.197756528854370117e-01 1.100687146186828613e+00 -2.471164464950561523e+00 -3.666718721389770508e+00
1.594540029764175415e-01 -5.123366355895996094e+00 7.873999476432800293e-01 -5.048719406127929688e+00 -1.050088882446289062e+00 4.380025863647460938e+00 5.134023666381835938e+00 8.456088900566101074e-01 -2.188415050506591797e+00 -3.520732402801513672e+00
-1.790016055107116699e+00 1.338099718093872070e+00 -1.002871751785278320e+00 4.634624347090721130e-02 1.843701481819152832e+00 -2.379368543624877930e-01 5.649823188781738281e+00 -4.833120346069335938e+00 7.212307304143905640e-02 -1.239838957786560059e+00
2.700439989566802979e-01 -3.288714885711669922e-01 1.619820833206176758e+00 7.565688490867614746e-01 -5.539810284972190857e-02 -5.565788269042968750e+00 3.155321359634399414e+00 -2.018358469009399414e+00 -4.890323638916015625e+00 2.561574935913085938e+00
-1.192209362983703613e+00 3.488507568836212158e-01 8.738681077957153320e-01 6.127873808145523071e-02 9.986119866371154785e-01 9.556452631950378418e-01 1.596261858940124512e-01 -5.478717684745788574e-01 3.041479110717773438e+00 -6.225913763046264648e-01
-1.265479028224945068e-01 -7.248265743255615234e-01 -4.708372354507446289e-01 5.640522241592407227e-01 -3.264309763908386230e-01 5.226585268974304199e-02 7.799952477216720581e-02 4.676520824432373047e-01 -3.407214879989624023e-01 1.452459245920181274e-01
-2.158650875091552734e+00 1.653636574745178223e+00 -2.144959688186645508e+00 5.797184109687805176e-01 -4.437508583068847656e+00 -1.217725038528442383e+00 -2.647437810897827148e+00 -4.556967258453369141e+00 -5.675166606903076172e+00 -1.987064480781555176e+00
