1.586350947618484497e-01
1.586340218782424927e-01
1.586329787969589233e-01
1.586319059133529663e-01
1.586308777332305908e-01
1.586297899484634399e-01
1.586287766695022583e-01
1.586277186870574951e-01
1.586266458034515381e-01
1.586256176233291626e-01
1.586245745420455933e-01
1.586235463619232178e-01
1.586225181818008423e-01
1.586214601993560791e-01
1.586204022169113159e-01
1.586193293333053589e-01
1.586182564496994019e-01
1.586172282695770264e-01
1.586161851882934570e-01
1.586151570081710815e-01
1.586140692234039307e-01
1.586130559444427490e-01
1.586119979619979858e-01
1.586109846830368042e-01
1.586099117994308472e-01
1.586088687181472778e-01
1.586078554391860962e-01
1.586067974567413330e-01
1.586057394742965698e-01
1.586046963930130005e-01
1.586036235094070435e-01
1.586025953292846680e-01
1.586015671491622925e-01
1.586005091667175293e-01
1.585994660854339600e-01
1.585984081029891968e-01
1.585973948240280151e-01
1.585963070392608643e-01
1.585952788591384888e-01
1.585942208766937256e-01
1.585932075977325439e-01
1.585921496152877808e-01
1.585910916328430176e-01
1.585900634527206421e-01
1.585890203714370728e-01
1.585879474878311157e-01
1.585869193077087402e-01
1.585859060287475586e-01
1.585848778486251831e-01
1.585838049650192261e-01
1.585827767848968506e-01
1.585817188024520874e-01
1.585807055234909058e-01
1.585796326398849487e-01
1.585786044597625732e-01
1.585775166749954224e-01
1.585765182971954346e-01
1.585754454135894775e-01
1.585744321346282959e-01
1.585733592510223389e-01
1.585723459720611572e-01
1.585713326930999756e-01
1.585702449083328247e-01
1.585692167282104492e-01
1.585681736469268799e-01
1.585671603679656982e-01
1.585660874843597412e-01
1.585650444030761719e-01
1.585640013217926025e-01
1.585629582405090332e-01
1.585619300603866577e-01
1.585609018802642822e-01
1.585598587989807129e-01
1.585588157176971436e-01
1.585578024387359619e-01
1.585567295551300049e-01
1.585557013750076294e-01
1.585546582937240601e-01
1.585536450147628784e-01
1.585525870323181152e-01
1.585515290498733521e-01
1.585505157709121704e-01
1.585494279861450195e-01
1.585483998060226440e-01
1.585473567247390747e-01
1.585462987422943115e-01
1.585452705621719360e-01
1.585442572832107544e-01
1.585432142019271851e-01
1.585421860218048096e-01
1.585411429405212402e-01
1.585401147603988647e-01
1.585390716791152954e-01
1.585380285978317261e-01
1.585370302200317383e-01
1.585359722375869751e-01
1.585348993539810181e-01
1.585338562726974487e-01
1.585328280925750732e-01
1.585317850112915039e-01
1.585307568311691284e-01
1.585297286510467529e-01
1.585287004709243774e-01
1.585275977849960327e-01
1.585265994071960449e-01
1.585255265235900879e-01
1.585245430469512939e-01
1.585234552621841431e-01
1.585224717855453491e-01
1.585213840007781982e-01
1.585203856229782104e-01
1.585193276405334473e-01
1.585183143615722656e-01
1.585172712802886963e-01
1.585162431001663208e-01
1.585152000188827515e-01
1.585141420364379883e-01
1.585131287574768066e-01
1.585120856761932373e-01
1.585110723972320557e-01
1.585099846124649048e-01
1.585090160369873047e-01
1.585079580545425415e-01
1.585069149732589722e-01
1.585058569908142090e-01
1.585048288106918335e-01
1.585038006305694580e-01
1.585027575492858887e-01
1.585017144680023193e-01
1.585007160902023315e-01
1.584996879100799561e-01
1.584986001253128052e-01
1.584976017475128174e-01
1.584965586662292480e-01
1.584955006837844849e-01
1.584944874048233032e-01
1.584934741258621216e-01
1.584924012422561646e-01
1.584914028644561768e-01
1.584904044866561890e-01
1.584893763065338135e-01
1.584883183240890503e-01
1.584873199462890625e-01
1.584862321615219116e-01
1.584852188825607300e-01
1.584842205047607422e-01
1.584831476211547852e-01
1.584821343421936035e-01
1.584811061620712280e-01
1.584800630807876587e-01
1.584790349006652832e-01
1.584779918193817139e-01
1.584769636392593384e-01
1.584759503602981567e-01
1.584748923778533936e-01
1.584738492965698242e-01
1.584728509187698364e-01
1.584718078374862671e-01
1.584707796573638916e-01
1.584697365760803223e-01
1.584687083959579468e-01
1.584676653146743774e-01
1.584666669368743896e-01
1.584656387567520142e-01
1.584646105766296387e-01
1.584635376930236816e-01
1.584625393152236938e-01
1.584615111351013184e-01
1.584604680538177490e-01
1.584594398736953735e-01
1.584584265947341919e-01
1.584573984146118164e-01
1.584563702344894409e-01
1.584552973508834839e-01
1.584542691707611084e-01
1.584532707929611206e-01
1.584522575139999390e-01
1.584511995315551758e-01
1.584501713514328003e-01
1.584491282701492310e-01
1.584481000900268555e-01
1.584470719099044800e-01
1.584460437297821045e-01
1.584450304508209229e-01
1.584439724683761597e-01
1.584429740905761719e-01
1.584419608116149902e-01
1.584409624338150024e-01
1.584398895502090454e-01
1.584389060735702515e-01
1.584378480911254883e-01
1.584368497133255005e-01
1.584357917308807373e-01
1.584347933530807495e-01
1.584337651729583740e-01
1.584327220916748047e-01
1.584317088127136230e-01
1.584306806325912476e-01
1.584296375513076782e-01
1.584286093711853027e-01
1.584275960922241211e-01
1.584265679121017456e-01
1.584255099296569824e-01
1.584244966506958008e-01
1.584235131740570068e-01
1.584224849939346313e-01
1.584214568138122559e-01
1.584204435348510742e-01
1.584193855524063110e-01
1.584183424711227417e-01
1.584173291921615601e-01
1.584163159132003784e-01
1.584152877330780029e-01
1.584142446517944336e-01
1.584132015705108643e-01
1.584121882915496826e-01
1.584111452102661133e-01
1.584101617336273193e-01
1.584091037511825562e-01
1.584081202745437622e-01
1.584070771932601929e-01
1.584060788154602051e-01
1.584050655364990234e-01
1.584040075540542603e-01
1.584029793739318848e-01
1.584019660949707031e-01
1.584009826183319092e-01
1.583999097347259521e-01
1.583988964557647705e-01
1.583978682756423950e-01
1.583968549966812134e-01
1.583958566188812256e-01
1.583947986364364624e-01
1.583937853574752808e-01
1.583927869796752930e-01
1.583917289972305298e-01
1.583907008171081543e-01
1.583897173404693604e-01
1.583886593580245972e-01
1.583876311779022217e-01
1.583866477012634277e-01
1.583856046199798584e-01
1.583845764398574829e-01
1.583835631608963013e-01
1.583825647830963135e-01
1.583815366029739380e-01
1.583804935216903687e-01
1.583795100450515747e-01
1.583784669637680054e-01
1.583774387836456299e-01
1.583764553070068359e-01
1.583754271268844604e-01
1.583744138479232788e-01
1.583733558654785156e-01
1.583723425865173340e-01
1.583713293075561523e-01
1.583703309297561646e-01
1.583692878484725952e-01
1.583682596683502197e-01
1.583672761917114258e-01
1.583662182092666626e-01
1.583652198314666748e-01
1.583641767501831055e-01
1.583631336688995361e-01
1.583621352910995483e-01
1.583611518144607544e-01
1.583601236343383789e-01
1.583591103553771973e-01
1.583580374717712402e-01
1.583570241928100586e-01
1.583560258150100708e-01
1.583550125360488892e-01
1.583539843559265137e-01
1.583529710769653320e-01
1.583519726991653442e-01
1.583509892225265503e-01
1.583499461412429810e-01
1.583489030599594116e-01
1.583478897809982300e-01
1.583468765020370483e-01
1.583458483219146729e-01
1.583448201417922974e-01
1.583437919616699219e-01
1.583428084850311279e-01
1.583417803049087524e-01
1.583407670259475708e-01
1.583397239446640015e-01
1.583387106657028198e-01
1.583376675844192505e-01
1.583366692066192627e-01
1.583356708288192749e-01
1.583346724510192871e-01
1.583336293697357178e-01
1.583326458930969238e-01
1.583315730094909668e-01
1.583305597305297852e-01
1.583295762538909912e-01
1.583285778760910034e-01
1.583275496959686279e-01
1.583265066146850586e-01
1.583255380392074585e-01
1.583245396614074707e-01
1.583234965801239014e-01
1.583224833011627197e-01
1.583214700222015381e-01
1.583204716444015503e-01
1.583194285631179810e-01
1.583184450864791870e-01
1.583174169063568115e-01
1.583163887262344360e-01
1.583153754472732544e-01
1.583143472671508789e-01
1.583133488893508911e-01
1.583123654127120972e-01
1.583113223314285278e-01
1.583102792501449585e-01
1.583093106746673584e-01
1.583083122968673706e-01
1.583072692155838013e-01
1.583062559366226196e-01
1.583052575588226318e-01
1.583042442798614502e-01
1.583032160997390747e-01
1.583022028207778931e-01
1.583011895418167114e-01
1.583001762628555298e-01
1.582991629838943481e-01
1.582981795072555542e-01
1.582971364259719849e-01
1.582961231470108032e-01
1.582951098680496216e-01
1.582940816879272461e-01
1.582930833101272583e-01
1.582920849323272705e-01
1.582910716533660889e-01
1.582900583744049072e-01
1.582890599966049194e-01
1.582880169153213501e-01
1.582870036363601685e-01
1.582859903573989868e-01
1.582849919795989990e-01
1.582839936017990112e-01
1.582829803228378296e-01
1.582819670438766479e-01
1.582809388637542725e-01
1.582799255847930908e-01
1.582789123058319092e-01
1.582778990268707275e-01
1.582768708467483521e-01
1.582758724689483643e-01
1.582748740911483765e-01
1.582738906145095825e-01
1.582728922367095947e-01
1.582718938589096069e-01
1.582708656787872314e-01
1.582698822021484375e-01
1.582688838243484497e-01
1.582678407430648804e-01
1.582668274641036987e-01
1.582658290863037109e-01
1.582648009061813354e-01
1.582637727260589600e-01
1.582627892494201660e-01
1.582617610692977905e-01
1.582607328891754150e-01
1.582597345113754272e-01
1.582587808370590210e-01
1.582577228546142578e-01
1.582567095756530762e-01
1.582557111978530884e-01
1.582547128200531006e-01
1.582536846399307251e-01
1.582527011632919312e-01
1.582516729831695557e-01
1.582506895065307617e-01
1.582496762275695801e-01
1.582486778497695923e-01
1.582476496696472168e-01
1.582466363906860352e-01
1.582456231117248535e-01
1.582446098327636719e-01
1.582435816526412964e-01
1.582426428794860840e-01
1.582416296005249023e-01
1.582405865192413330e-01
1.582395881414413452e-01
1.582385748624801636e-01
1.582376211881637573e-01
1.582365632057189941e-01
1.582355797290802002e-01
1.582345813512802124e-01
1.582335978746414185e-01
1.582325547933578491e-01
1.582315564155578613e-01
1.582305580377578735e-01
1.582295596599578857e-01
1.582285314798355103e-01
1.582275629043579102e-01
1.582265347242355347e-01
1.582255065441131592e-01
1.582244932651519775e-01
1.582235395908355713e-01
1.582224965095520020e-01
1.582215130329132080e-01
1.582204997539520264e-01
1.582194566726684570e-01
1.582184880971908569e-01
1.582174301147460938e-01
1.582164317369461060e-01
1.582154482603073120e-01
1.582144945859909058e-01
1.582134813070297241e-01
1.582124829292297363e-01
1.582114696502685547e-01
1.582104563713073730e-01
1.582094281911849976e-01
1.582084596157073975e-01
1.582074314355850220e-01
1.582064479589462280e-01
1.582054495811462402e-01
1.582044363021850586e-01
1.582034230232238770e-01
1.582024395465850830e-01
1.582014113664627075e-01
1.582004278898239136e-01
1.581994444131851196e-01
1.581984311342239380e-01
1.581974178552627563e-01
1.581964343786239624e-01
1.581954061985015869e-01
1.581943929195404053e-01
1.581933945417404175e-01
1.581923663616180420e-01
1.581913977861404419e-01
1.581903696060180664e-01
1.581893861293792725e-01
1.581883728504180908e-01
1.581873595714569092e-01
1.581864058971405029e-01
1.581853926181793213e-01
1.581843942403793335e-01
1.581833511590957642e-01
1.581823825836181641e-01
1.581814140081405640e-01
1.581804007291793823e-01
1.581793874502182007e-01
1.581784039735794067e-01
1.581774055957794189e-01
1.581763774156570435e-01
1.581753641366958618e-01
1.581743955612182617e-01
1.581733822822570801e-01
1.581723988056182861e-01
1.581714004278182983e-01
1.581703573465347290e-01
1.581693887710571289e-01
1.581683754920959473e-01
1.581673771142959595e-01
1.581663787364959717e-01
1.581653505563735962e-01
1.581643968820571899e-01
1.581633985042572021e-01
1.581623703241348267e-01
1.581613719463348389e-01
1.581603735685348511e-01
1.581593751907348633e-01
1.581583768129348755e-01
1.581573933362960815e-01
1.581563800573348999e-01
1.581554114818572998e-01
1.581544131040573120e-01
1.581533998250961304e-01
1.581523865461349487e-01
1.581513881683349609e-01
1.581503748893737793e-01
1.581494063138961792e-01
1.581483781337738037e-01
1.581474393606185913e-01
1.581464260816574097e-01
1.581454277038574219e-01
1.581444740295410156e-01
1.581434160470962524e-01
1.581424623727798462e-01
1.581414043903350830e-01
1.581404060125350952e-01
1.581393927335739136e-01
1.581384241580963135e-01
1.581374406814575195e-01
1.581364572048187256e-01
1.581354588270187378e-01
1.581344306468963623e-01
1.581334322690963745e-01
1.581324636936187744e-01
1.581314504146575928e-01
1.581304967403411865e-01
1.581294685602188110e-01
1.581284850835800171e-01
1.581274867057800293e-01
1.581264585256576538e-01
1.581255197525024414e-01
