7.602889090776443481e-03
7.601668592542409897e-03
7.600447162985801697e-03
7.599227130413055420e-03
7.598008029162883759e-03
7.596787065267562866e-03
7.595570292323827744e-03
7.594352588057518005e-03
7.593133486807346344e-03
7.591917645186185837e-03
7.590699940919876099e-03
7.589485961943864822e-03
7.588269654661417007e-03
7.587056607007980347e-03
7.585840765386819839e-03
7.584628183394670486e-03
7.583416067063808441e-03
7.582204416394233704e-03
7.580990437418222427e-03
7.579779252409934998e-03
7.578569930046796799e-03
7.577359210699796677e-03
7.576149888336658478e-03
7.574939634650945663e-03
7.573733571916818619e-03
7.572524249553680420e-03
7.571317255496978760e-03
7.570110261440277100e-03
7.568904664367437363e-03
7.567699532955884933e-03
7.566493004560470581e-03
7.565286941826343536e-03
7.564083673059940338e-03
7.562879938632249832e-03
7.561677601188421249e-03
7.560475263744592667e-03
7.559274323284626007e-03
7.558072451502084732e-03
7.556871976703405380e-03
7.555672433227300644e-03
7.554472424089908600e-03
7.553273811936378479e-03
7.552073802798986435e-03
7.550876587629318237e-03
7.549680303782224655e-03
7.548483088612556458e-03
7.547286804765462875e-03
7.546092849224805832e-03
7.544896565377712250e-03
7.543702144175767899e-03
7.542506325989961624e-03
7.541313767433166504e-03
7.540122140198945999e-03
7.538929581642150879e-03
7.537737488746643066e-03
7.536547258496284485e-03
7.535356096923351288e-03
7.534165866672992706e-03
7.532975636422634125e-03
7.531787268817424774e-03
7.530599366873502731e-03
7.529410533607006073e-03
7.528224028646945953e-03
7.527036126703023911e-03
7.525850087404251099e-03
7.524664513766765594e-03
7.523478008806705475e-03
7.522292435169219971e-03
7.521109655499458313e-03
7.519925478845834732e-03
7.518743164837360382e-03
7.517562247812747955e-03
7.516379468142986298e-03
7.515198551118373871e-03
7.514016702771186829e-03
7.512836251407861710e-03
7.511656731367111206e-03
7.510477676987648010e-03
7.509298156946897507e-03
7.508120499551296234e-03
7.506943307816982269e-03
7.505766116082668304e-03
7.504588924348354340e-03
7.503413595259189606e-03
7.502238266170024872e-03
7.501063402742147446e-03
7.499889470636844635e-03
7.498715072870254517e-03
7.497541606426239014e-03
7.496369071304798126e-03
7.495196536183357239e-03
7.494026329368352890e-03
7.492854259908199310e-03
7.491684053093194962e-03
7.490514311939477921e-03
7.489344105124473572e-03
7.488174363970756531e-03
7.487006485462188721e-03
7.485840003937482834e-03
7.484670262783765793e-03
7.483504712581634521e-03
7.482337299734354019e-03
7.481172215193510056e-03
7.480006199330091476e-03
7.478842046111822128e-03
7.477676961570978165e-03
7.476513739675283432e-03
7.475350052118301392e-03
7.474188227206468582e-03
7.473025470972061157e-03
7.471864111721515656e-03
7.470703218132257462e-03
7.469542790204286575e-03
7.468382827937602997e-03
7.467221934348344803e-03
7.466063834726810455e-03
7.464905735105276108e-03
7.463748101145029068e-03
7.462591398507356644e-03
7.461434230208396912e-03
7.460278458893299103e-03
7.459123153239488602e-03
7.457968313246965408e-03
7.456812076270580292e-03
7.455658633261919022e-03
7.454505190253257751e-03
7.453350815922021866e-03
7.452197838574647903e-03
7.451046723872423172e-03
7.449895609170198441e-03
7.448744028806686401e-03
7.447592914104461670e-03
7.446442265063524246e-03
7.445292547345161438e-03
7.444143760949373245e-03
7.442995440214872360e-03
7.441847119480371475e-03
7.440701127052307129e-03
7.439553271979093552e-03
7.438407745212316513e-03
7.437262684106826782e-03
7.436116691678762436e-03
7.434970699250698090e-03
7.433827035129070282e-03
7.432684302330017090e-03
7.431539706885814667e-03
7.430398371070623398e-03
7.429256569594144821e-03
7.428113371133804321e-03
7.426973897963762283e-03
7.425833027809858322e-03
7.424692623317241669e-03
7.423552684485912323e-03
7.422413676977157593e-03
7.421275135129690170e-03
7.420137990266084671e-03
7.419000379741191864e-03
7.417863234877586365e-03
7.416727486997842789e-03
7.415590807795524597e-03
7.414455991238355637e-03
7.413320709019899368e-03
7.412186358124017715e-03
7.411052007228136063e-03
7.409916725009679794e-03
7.408784702420234680e-03
7.407653145492076874e-03
7.406520191580057144e-03
7.405388634651899338e-03
7.404258940368890762e-03
7.403127383440732956e-03
7.401997223496437073e-03
7.400867994874715805e-03
7.399739697575569153e-03
7.398611400276422501e-03
7.397484034299850464e-03
7.396355271339416504e-03
7.395229302346706390e-03
7.394103333353996277e-03
7.392977830022573471e-03
7.391853258013725281e-03
7.390728220343589783e-03
7.389603648334741592e-03
7.388479076325893402e-03
7.387355901300907135e-03
7.386232726275920868e-03
7.385111413896083832e-03
7.383989635854959488e-03
7.382868789136409760e-03
7.381747476756572723e-03
7.380625698715448380e-03
7.379507645964622498e-03
7.378388196229934692e-03
7.377270609140396118e-03
7.376153022050857544e-03
7.375034503638744354e-03
7.373915985226631165e-03
7.372801192104816437e-03
7.371683605015277863e-03
7.370569743216037750e-03
7.369453553110361099e-03
7.368338759988546371e-03
7.367223966866731644e-03
7.366109639406204224e-03
7.364997640252113342e-03
7.363883778452873230e-03
7.362771779298782349e-03
7.361659314483404160e-03
7.360547780990600586e-03
7.359438110142946243e-03
7.358328904956579208e-03
7.357217371463775635e-03
7.356108631938695908e-03
7.355001289397478104e-03
7.353892549872398376e-03
7.352783810347318649e-03
7.351676933467388153e-03
7.350571453571319580e-03
7.349463645368814468e-03
7.348359096795320511e-03
7.347254082560539246e-03
7.346149999648332596e-03
7.345044054090976715e-03
7.343941368162631989e-03
7.342838216572999954e-03
7.341735064983367920e-03
7.340633310377597809e-03
7.339530158787965775e-03
7.338429335504770279e-03
7.337328977882862091e-03
7.336229551583528519e-03
7.335127796977758408e-03
7.334029302000999451e-03
7.332930807024240494e-03
7.331830449402332306e-03
7.330735679715871811e-03
7.329636253416538239e-03
7.328540086746215820e-03
7.327443920075893402e-03
7.326346356421709061e-03
7.325252518057823181e-03
7.324156817048788071e-03
7.323062047362327576e-03
7.321968208998441696e-03
7.320874836295843124e-03
7.319780532270669937e-03
7.318688090890645981e-03
7.317597046494483948e-03
7.316505536437034607e-03
7.315415423363447189e-03
7.314324378967285156e-03
7.313234731554985046e-03
7.312143687158823013e-03
7.311055902391672134e-03
7.309967186301946640e-03
7.308879867196083069e-03
7.307791151106357574e-03
7.306703832000494003e-03
7.305616978555917740e-03
7.304530125111341476e-03
7.303445599973201752e-03
7.302359677851200104e-03
7.301274687051773071e-03
7.300190627574920654e-03
7.299106568098068237e-03
7.298023905605077744e-03
7.296940777450799942e-03
7.295858580619096756e-03
7.294776849448680878e-03
7.293696515262126923e-03
7.292614784091711044e-03
7.291533052921295166e-03
7.290453184396028519e-03
7.289373781532049179e-03
7.288295775651931763e-03
7.287215441465377808e-03
7.286139763891696930e-03
7.285059429705142975e-03
7.283983752131462097e-03
7.282906211912631989e-03
7.281831465661525726e-03
7.280754856765270233e-03
7.279679179191589355e-03
7.278604898601770401e-03
7.277530618011951447e-03
7.276457268744707108e-03
7.275383919477462769e-03
7.274309638887643814e-03
7.273237686604261398e-03
7.272165734320878983e-03
7.271094713360071182e-03
7.270022761076688766e-03
7.268952205777168274e-03
7.267883513122797012e-03
7.266813889145851135e-03
7.265744730830192566e-03
7.264675106853246689e-03
7.263606879860162735e-03
7.262539118528366089e-03
7.261471357196569443e-03
7.260405924171209335e-03
7.259340025484561920e-03
7.258275523781776428e-03
7.257208228111267090e-03
7.256145589053630829e-03
7.255078759044408798e-03
7.254015188664197922e-03
7.252953480929136276e-03
7.251889910548925400e-03
7.250826340168714523e-03
7.249764166772365570e-03
7.248702924698591232e-03
7.247641682624816895e-03
7.246581371873617172e-03
7.245520129799842834e-03
7.244461216032505035e-03
7.243402302265167236e-03
7.242341525852680206e-03
7.241285871714353561e-03
7.240226026624441147e-03
7.239169441163539886e-03
7.238111924380064011e-03
7.237055804580450058e-03
7.235999219119548798e-03
7.234943564981222153e-03
7.233888376504182816e-03
7.232834585011005402e-03
7.231780793517827988e-03
7.230726536363363266e-03
7.229674607515335083e-03
7.228619419038295746e-03
7.227567955851554871e-03
7.226516027003526688e-03
7.225465495139360428e-03
7.224414031952619553e-03
7.223363500088453293e-03
7.222313899546861649e-03
7.221263833343982697e-03
7.220214698463678360e-03
7.219167426228523254e-03
7.218118291348218918e-03
7.217070553451776505e-03
7.216022349894046783e-03
7.214977405965328217e-03
7.213931065052747726e-03
7.212884724140167236e-03
7.211837917566299438e-03
7.210791576653718948e-03
7.209748029708862305e-03
7.208704482764005661e-03
7.207660004496574402e-03
7.206617854535579681e-03
7.205573841929435730e-03
7.204531691968441010e-03
7.203490473330020905e-03
7.202448323369026184e-03
7.201408501714468002e-03
7.200367748737335205e-03
7.199326530098915100e-03
7.198287174105644226e-03
7.197248283773660660e-03
7.196208927780389786e-03
7.195171900093555450e-03
7.194133009761571884e-03
7.193097844719886780e-03
7.192059885710477829e-03
7.191023323684930801e-03
7.189987227320671082e-03
7.188953459262847900e-03
7.187918294221162796e-03
7.186882663518190384e-03
7.185848429799079895e-03
7.184814661741256714e-03
7.183782756328582764e-03
7.182748522609472275e-03
7.181716151535511017e-03
7.180683780461549759e-03
7.179653272032737732e-03
7.178622297942638397e-03
7.177591789513826370e-03
7.176561746746301651e-03
7.175531703978776932e-03
7.174501661211252213e-03
7.173472549766302109e-03
7.172445766627788544e-03
7.171416655182838440e-03
7.170389406383037567e-03
7.169361691921949387e-03
7.168335840106010437e-03
7.167310453951358795e-03
7.166284136474132538e-03
7.165258750319480896e-03
7.164234295487403870e-03
7.163210306316614151e-03
7.162185851484537125e-03
7.161162793636322021e-03
7.160139270126819611e-03
7.159116212278604507e-03
7.158095017075538635e-03
7.157073356211185455e-03
7.156052626669406891e-03
7.155031431466341019e-03
7.154010701924562454e-03
7.152991369366645813e-03
7.151972036808729172e-03
7.150952704250812531e-03
7.149932906031608582e-03
7.148914970457553864e-03
7.147897966206073761e-03
7.146880961954593658e-03
7.145863957703113556e-03
7.144847884774208069e-03
7.143832277506589890e-03
7.142815273255109787e-03
7.141801528632640839e-03
7.140785921365022659e-03
7.139771245419979095e-03
7.138757966458797455e-03
7.137744221836328506e-03
7.136732339859008789e-03
7.135721389204263687e-03
7.134706247597932816e-03
7.133695762604475021e-03
7.132684346288442612e-03
7.131672464311122894e-03
7.130662444978952408e-03
7.129652425646781921e-03
7.128642871975898743e-03
7.127635180950164795e-03
7.126625627279281616e-03
7.125617936253547668e-03
7.124609313905239105e-03
7.123602088540792465e-03
7.122595794498920441e-03
7.121589500457048416e-03
7.120584137737751007e-03
7.119578775018453598e-03
7.118572015315294266e-03
7.117568980902433395e-03
7.116565015166997910e-03
7.115559186786413193e-03
7.114557083696126938e-03
7.113553583621978760e-03
7.112551946192979813e-03
7.111550308763980865e-03
7.110546808689832687e-03
7.109546568244695663e-03
7.108545862138271332e-03
7.107546087354421616e-03
7.106544449925422668e-03
7.105545606464147568e-03
7.104547228664159775e-03
7.103547453880310059e-03
7.102549541741609573e-03
7.101552560925483704e-03
7.100554648786783218e-03
7.099558133631944656e-03
7.098560221493244171e-03
7.097563706338405609e-03
7.096567656844854355e-03
7.095573469996452332e-03
7.094578351825475693e-03
7.093584630638360977e-03
7.092590909451246262e-03
7.091596256941556931e-03
7.090603001415729523e-03
7.089610211551189423e-03
7.088619284331798553e-03
7.087626494467258453e-03
7.086634170264005661e-03
7.085642777383327484e-03
7.084654178470373154e-03
7.083663251250982285e-03
7.082672324031591415e-03
7.081682793796062469e-03
7.080693729221820831e-03
7.079705595970153809e-03
7.078717928379774094e-03
7.077729795128107071e-03
7.076743990182876587e-03
7.075755391269922256e-03
7.074768655002117157e-03
7.073783315718173981e-03
7.072797976434230804e-03
7.071811705827713013e-03
7.070828229188919067e-03
7.069844286888837814e-03
7.068861275911331177e-03
7.067877333611249924e-03
7.066892459988594055e-03
7.065911311656236649e-03
7.064927835017442703e-03
7.063947152346372604e-03
7.062965538352727890e-03
7.061982527375221252e-03
7.061003707349300385e-03
7.060024421662092209e-03
7.059043273329734802e-03
7.058062590658664703e-03
7.057084701955318451e-03
