6.637911498546600342e-02
6.637809425592422485e-02
6.637707352638244629e-02
6.637604534626007080e-02
6.637503951787948608e-02
6.637400388717651367e-02
6.637300550937652588e-02
6.637197732925415039e-02
6.637094914913177490e-02
6.636993587017059326e-02
6.636891514062881470e-02
6.636788696050643921e-02
6.636688113212585449e-02
6.636585295200347900e-02
6.636483967304229736e-02
6.636381149291992188e-02
6.636279821395874023e-02
6.636178493499755859e-02
6.636075675487518311e-02
6.635973602533340454e-02
6.635871529579162598e-02
6.635770201683044434e-02
6.635668873786926270e-02
6.635566800832748413e-02
6.635463982820510864e-02
6.635363399982452393e-02
6.635261327028274536e-02
6.635159254074096680e-02
6.635057181119918823e-02
6.634955853223800659e-02
6.634853780269622803e-02
6.634751707315444946e-02
6.634648144245147705e-02
6.634546816349029541e-02
6.634445488452911377e-02
6.634344905614852905e-02
6.634241342544555664e-02
6.634140014648437500e-02
6.634037196636199951e-02
6.633936613798141479e-02
6.633833795785903931e-02
6.633732467889785767e-02
6.633632630109786987e-02
6.633529067039489746e-02
6.633427739143371582e-02
6.633324921131134033e-02
6.633223593235015869e-02
6.633123010396957397e-02
6.633021682500839233e-02
6.632919609546661377e-02
6.632816791534423828e-02
6.632715463638305664e-02
6.632613390684127808e-02
6.632512062788009644e-02
6.632410734891891479e-02
6.632308661937713623e-02
6.632205098867416382e-02
6.632105261087417603e-02
6.632003188133239746e-02
6.631901115179061890e-02
6.631799042224884033e-02
6.631698459386825562e-02
6.631595641374588013e-02
6.631494313478469849e-02
6.631392985582351685e-02
6.631290912628173828e-02
6.631188839673995972e-02
6.631086766719818115e-02
6.630985438823699951e-02
6.630884855985641479e-02
6.630782037973403931e-02
6.630680710077285767e-02
6.630579382181167603e-02
6.630477309226989746e-02
6.630375236272811890e-02
6.630273163318634033e-02
6.630172580480575562e-02
6.630069762468338013e-02
6.629968434572219849e-02
6.629866361618041992e-02
6.629765778779983521e-02
6.629663705825805664e-02
6.629561632871627808e-02
6.629461050033569336e-02
6.629359722137451172e-02
6.629256904125213623e-02
6.629155576229095459e-02
6.629054248332977295e-02
6.628952175378799438e-02
6.628850102424621582e-02
6.628750264644622803e-02
6.628648191690444946e-02
6.628546118736267090e-02
6.628444790840148926e-02
6.628342717885971069e-02
6.628240644931793213e-02
6.628140807151794434e-02
6.628038734197616577e-02
6.627936661243438721e-02
6.627835333347320557e-02
6.627734005451202393e-02
6.627631932497024536e-02
6.627530604600906372e-02
6.627429276704788208e-02
6.627327203750610352e-02
6.627225130796432495e-02
6.627123802900314331e-02
6.627021729946136475e-02
6.626921147108078003e-02
6.626819074153900146e-02
6.626717746257781982e-02
6.626616418361663818e-02
6.626515090465545654e-02
6.626413762569427490e-02
6.626312434673309326e-02
6.626211106777191162e-02
6.626109778881072998e-02
6.626008450984954834e-02
6.625906378030776978e-02
6.625805050134658813e-02
6.625704467296600342e-02
6.625602394342422485e-02
6.625501066446304321e-02
6.625398993492126465e-02
6.625297665596008301e-02
6.625196337699890137e-02
6.625095754861831665e-02
6.624993681907653809e-02
6.624892354011535645e-02
6.624789535999298096e-02
6.624688953161239624e-02
6.624589115381240845e-02
6.624486297369003296e-02
6.624384969472885132e-02
6.624283641576766968e-02
6.624182313680648804e-02
6.624080240726470947e-02
6.623979657888412476e-02
6.623878329992294312e-02
6.623777747154235840e-02
6.623676419258117676e-02
6.623575091361999512e-02
6.623473018407821655e-02
6.623371690511703491e-02
6.623269617557525635e-02
6.623169779777526855e-02
6.623067706823348999e-02
6.622965633869171143e-02
6.622865051031112671e-02
6.622763723134994507e-02
6.622662395238876343e-02
6.622561067342758179e-02
6.622458994388580322e-02
6.622359156608581543e-02
6.622256338596343994e-02
6.622155010700225830e-02
6.622053682804107666e-02
6.621953099966049194e-02
6.621852517127990723e-02
6.621750444173812866e-02
6.621649116277694702e-02
6.621548533439636230e-02
6.621447205543518066e-02
6.621345132589340210e-02
6.621243804693222046e-02
6.621143966913223267e-02
6.621041893959045410e-02
6.620940566062927246e-02
6.620839238166809082e-02
6.620738655328750610e-02
6.620637327432632446e-02
6.620535254478454590e-02
6.620434671640396118e-02
6.620333343744277954e-02
6.620232015848159790e-02
6.620131433010101318e-02
6.620028614997863770e-02
6.619928032159805298e-02
6.619827449321746826e-02
6.619725376367568970e-02
6.619624793529510498e-02
6.619524210691452026e-02
6.619422137737274170e-02
6.619321554899215698e-02
6.619219481945037842e-02
6.619118899106979370e-02
6.619018316268920898e-02
6.618916243314743042e-02
6.618816405534744263e-02
6.618714332580566406e-02
6.618613749742507935e-02
6.618510931730270386e-02
6.618411093950271606e-02
6.618309766054153442e-02
6.618208438158035278e-02
6.618107855319976807e-02
6.618006527423858643e-02
6.617905199527740479e-02
6.617803871631622314e-02
6.617703288793563843e-02
6.617601960897445679e-02
6.617501378059387207e-02
6.617399305105209351e-02
6.617299467325210571e-02
6.617198139429092407e-02
6.617096066474914551e-02
6.616993248462677002e-02
6.616894155740737915e-02
6.616792827844619751e-02
6.616692245006561279e-02
6.616590917110443115e-02
6.616491079330444336e-02
6.616389006376266479e-02
6.616287678480148315e-02
6.616186350584030151e-02
6.616085767745971680e-02
6.615984439849853516e-02
6.615883111953735352e-02
6.615782529115676880e-02
6.615681201219558716e-02
6.615579873323440552e-02
6.615479290485382080e-02
6.615377962589263916e-02
6.615278124809265137e-02
6.615177541971206665e-02
6.615075469017028809e-02
6.614974141120910645e-02
6.614872813224792480e-02
6.614772230386734009e-02
6.614672392606735229e-02
6.614569574594497681e-02
6.614469736814498901e-02
6.614368408918380737e-02
6.614267826080322266e-02
6.614167988300323486e-02
6.614066660404205322e-02
6.613966077566146851e-02
6.613864749670028687e-02
6.613761931657791138e-02
6.613662093877792358e-02
6.613560765981674194e-02
6.613459438085556030e-02
6.613358855247497559e-02
6.613257527351379395e-02
6.613157689571380615e-02
6.613056361675262451e-02
6.612955033779144287e-02
6.612855941057205200e-02
6.612754613161087036e-02
6.612653285264968872e-02
6.612552702426910400e-02
6.612451374530792236e-02
6.612350791692733765e-02
6.612250208854675293e-02
6.612148880958557129e-02
6.612047553062438965e-02
6.611947715282440186e-02
6.611846387386322021e-02
6.611745804548263550e-02
6.611644476652145386e-02
6.611543148756027222e-02
6.611443310976028442e-02
6.611341983079910278e-02
6.611240655183792114e-02
6.611140817403793335e-02
6.611040234565734863e-02
6.610938906669616699e-02
6.610839068889617920e-02
6.610736995935440063e-02
6.610636413097381592e-02
6.610535830259323120e-02
6.610435992479324341e-02
6.610334664583206177e-02
6.610234081745147705e-02
6.610133498907089233e-02
6.610032916069030762e-02
6.609932333230972290e-02
6.609831005334854126e-02
6.609729677438735962e-02
6.609629094600677490e-02
6.609528511762619019e-02
6.609427928924560547e-02
6.609326601028442383e-02
6.609226018190383911e-02
6.609124690294265747e-02
6.609024852514266968e-02
6.608923524618148804e-02
6.608822941780090332e-02
6.608721613883972168e-02
6.608621776103973389e-02
6.608520448207855225e-02
6.608419865369796753e-02
6.608320027589797974e-02
6.608219444751739502e-02
6.608118116855621338e-02
6.608017534017562866e-02
6.607916951179504395e-02
6.607815623283386230e-02
6.607715040445327759e-02
6.607614457607269287e-02
6.607514619827270508e-02
6.607412546873092651e-02
6.607312709093093872e-02
6.607212126255035400e-02
6.607110798358917236e-02
6.607010215520858765e-02
6.606910377740859985e-02
6.606808304786682129e-02
6.606708467006683350e-02
6.606607884168624878e-02
6.606508046388626099e-02
6.606406718492507935e-02
6.606306135654449463e-02
6.606205552816390991e-02
6.606104969978332520e-02
6.606003642082214355e-02
6.605904549360275269e-02
6.605803221464157104e-02
6.605703383684158325e-02
6.605601310729980469e-02
6.605501472949981689e-02
6.605400145053863525e-02
6.605300307273864746e-02
6.605200469493865967e-02
6.605099141597747803e-02
6.604998558759689331e-02
6.604897230863571167e-02
6.604797393083572388e-02
6.604697555303573608e-02
6.604596227407455444e-02
6.604496389627456665e-02
6.604395806789398193e-02
6.604295223951339722e-02
6.604194641113281250e-02
6.604094058275222778e-02
6.603994220495223999e-02
6.603892892599105835e-02
6.603793054819107056e-02
6.603692471981048584e-02
6.603591889142990112e-02
6.603490561246871948e-02
6.603391468524932861e-02
6.603290140628814697e-02
6.603188812732696533e-02
6.603088974952697754e-02
6.602988392114639282e-02
6.602888554334640503e-02
6.602787226438522339e-02
6.602687388658523560e-02
6.602586805820465088e-02
6.602486222982406616e-02
6.602385640144348145e-02
6.602284312248229980e-02
6.602184474468231201e-02
6.602084636688232422e-02
6.601984053850173950e-02
6.601884216070175171e-02
6.601783633232116699e-02
6.601681560277938843e-02
6.601582467555999756e-02
6.601481884717941284e-02
6.601382046937942505e-02
6.601282209157943726e-02
6.601180881261825562e-02
6.601080298423767090e-02
6.600980460643768311e-02
6.600879877805709839e-02
6.600779294967651367e-02
6.600679457187652588e-02
6.600578874349594116e-02
6.600479036569595337e-02
6.600377708673477173e-02
6.600278615951538086e-02
6.600177288055419922e-02
6.600078195333480835e-02
6.599976867437362671e-02
6.599877029657363892e-02
6.599775701761245728e-02
6.599675863981246948e-02
6.599576026201248169e-02
6.599476188421249390e-02
6.599374860525131226e-02
6.599275022745132446e-02
6.599174439907073975e-02
6.599075347185134888e-02
6.598973274230957031e-02
6.598873436450958252e-02
6.598773598670959473e-02
6.598673015832901001e-02
6.598573923110961914e-02
6.598471850156784058e-02
6.598372757434844971e-02
6.598271429538726807e-02
6.598172336816787720e-02
6.598071008920669556e-02
6.597971171140670776e-02
6.597871333360671997e-02
6.597770005464553833e-02
6.597670167684555054e-02
6.597570329904556274e-02
6.597470492124557495e-02
6.597369164228439331e-02
6.597270071506500244e-02
6.597168743610382080e-02
6.597068905830383301e-02
6.596968322992324829e-02
6.596869230270385742e-02
6.596768647432327271e-02
6.596668809652328491e-02
6.596568226814270020e-02
6.596467643976211548e-02
6.596367806196212769e-02
6.596266478300094604e-02
6.596166640520095825e-02
6.596066802740097046e-02
6.595966219902038574e-02
6.595866382122039795e-02
6.595766544342041016e-02
6.595666706562042236e-02
6.595566123723983765e-02
6.595466285943984985e-02
6.595366448163986206e-02
6.595266610383987427e-02
6.595166027545928955e-02
6.595066189765930176e-02
6.594965606927871704e-02
6.594865769147872925e-02
6.594765931367874146e-02
6.594666093587875366e-02
6.594564765691757202e-02
6.594465672969818115e-02
6.594365090131759644e-02
6.594265997409820557e-02
6.594165414571762085e-02
6.594065576791763306e-02
6.593965739011764526e-02
6.593865156173706055e-02
6.593763828277587891e-02
6.593664735555648804e-02
6.593565642833709717e-02
6.593465059995651245e-02
6.593364477157592773e-02
6.593265384435653687e-02
6.593164056539535522e-02
6.593064963817596436e-02
6.592964380979537964e-02
6.592863798141479492e-02
6.592763960361480713e-02
6.592664867639541626e-02
6.592564284801483154e-02
6.592464447021484375e-02
6.592363864183425903e-02
6.592264026403427124e-02
6.592164933681488037e-02
6.592065095901489258e-02
6.591964513063430786e-02
6.591864675283432007e-02
6.591764837503433228e-02
6.591664999723434448e-02
6.591564416885375977e-02
6.591464579105377197e-02
6.591364741325378418e-02
6.591264903545379639e-02
6.591165810823440552e-02
6.591065227985382080e-02
6.590965390205383301e-02
6.590865552425384521e-02
6.590764969587326050e-02
6.590665876865386963e-02
6.590565294027328491e-02
6.590466201305389404e-02
6.590366363525390625e-02
6.590267270803451538e-02
6.590165942907333374e-02
6.590066105127334595e-02
6.589966267347335815e-02
6.589865684509277344e-02
6.589766591787338257e-02
6.589667499065399170e-02
6.589566916227340698e-02
6.589466333389282227e-02
6.589366495609283447e-02
6.589268147945404053e-02
6.589167565107345581e-02
6.589066982269287109e-02
6.588967889547348022e-02
6.588868051767349243e-02
6.588768959045410156e-02
6.588668376207351685e-02
6.588569283485412598e-02
6.588468700647354126e-02
6.588368862867355347e-02
6.588268280029296875e-02
6.588169187307357788e-02
6.588068604469299316e-02
6.587969511747360229e-02
6.587869673967361450e-02
6.587769836187362671e-02
6.587669998407363892e-02
6.587570905685424805e-02
