2.122927010059356689e-01
2.122915238142013550e-01
2.122903764247894287e-01
2.122893035411834717e-01
2.122881114482879639e-01
2.122870385646820068e-01
2.122858613729476929e-01
2.122847437858581543e-01
2.122835963964462280e-01
2.122824937105178833e-01
2.122813463211059570e-01
2.122801989316940308e-01
2.122790813446044922e-01
2.122779786586761475e-01
2.122768312692642212e-01
2.122756838798522949e-01
2.122745066881179810e-01
2.122734338045120239e-01
2.122722864151000977e-01
2.122711688280105591e-01
2.122700512409210205e-01
2.122689187526702881e-01
2.122677564620971680e-01
2.122666537761688232e-01
2.122655510902404785e-01
2.122644037008285522e-01
2.122632265090942383e-01
2.122621387243270874e-01
2.122610658407211304e-01
2.122598886489868164e-01
2.122587710618972778e-01
2.122576385736465454e-01
2.122565209865570068e-01
2.122553735971450806e-01
2.122542709112167358e-01
2.122531533241271973e-01
2.122520208358764648e-01
2.122509032487869263e-01
2.122497558593750000e-01
2.122486829757690430e-01
2.122475802898406982e-01
2.122464179992675781e-01
2.122452408075332642e-01
2.122441679239273071e-01
2.122430354356765747e-01
2.122418880462646484e-01
2.122407704591751099e-01
2.122396975755691528e-01
2.122385799884796143e-01
2.122374475002288818e-01
2.122363001108169556e-01
2.122352123260498047e-01
2.122341096401214600e-01
2.122330069541931152e-01
2.122318297624588013e-01
2.122307121753692627e-01
2.122295945882797241e-01
2.122284919023513794e-01
2.122274190187454224e-01
2.122262418270111084e-01
2.122251391410827637e-01
2.122240215539932251e-01
2.122229486703872681e-01
2.122218310832977295e-01
2.122206985950469971e-01
2.122195810079574585e-01
2.122184783220291138e-01
2.122173607349395752e-01
2.122162580490112305e-01
2.122151404619216919e-01
2.122140377759933472e-01
2.122129350900650024e-01
2.122117727994918823e-01
2.122106999158859253e-01
2.122095972299575806e-01
2.122084200382232666e-01
2.122072726488113403e-01
2.122061997652053833e-01
2.122051566839218140e-01
2.122039496898651123e-01
2.122029066085815430e-01
2.122018039226531982e-01
2.122007012367248535e-01
2.121995389461517334e-01
2.121984660625457764e-01
2.121973633766174316e-01
2.121962606906890869e-01
2.121951729059219360e-01
2.121940404176712036e-01
2.121929377317428589e-01
2.121918499469757080e-01
2.121907472610473633e-01
2.121896445751190186e-01
2.121884971857070923e-01
2.121874094009399414e-01
2.121863216161727905e-01
2.121851742267608643e-01
2.121841013431549072e-01
2.121830284595489502e-01
2.121818363666534424e-01
2.121807634830474854e-01
2.121796607971191406e-01
2.121786177158355713e-01
2.121774852275848389e-01
2.121763378381729126e-01
2.121752947568893433e-01
2.121741473674774170e-01
2.121730297803878784e-01
2.121719717979431152e-01
2.121708542108535767e-01
2.121697813272476196e-01
2.121686488389968872e-01
2.121676057577133179e-01
2.121664285659790039e-01
2.121653556823730469e-01
2.121642380952835083e-01
2.121632099151611328e-01
2.121620625257492065e-01
2.121609896421432495e-01
2.121598869562149048e-01
2.121587693691253662e-01
2.121576666831970215e-01
2.121565937995910645e-01
2.121555209159851074e-01
2.121543735265731812e-01
2.121533006429672241e-01
2.121521979570388794e-01
2.121511548757553101e-01
2.121500223875045776e-01
2.121489495038986206e-01
2.121477723121643066e-01
2.121467292308807373e-01
2.121456563472747803e-01
2.121445536613464355e-01
2.121434509754180908e-01
2.121423631906509399e-01
2.121412903070449829e-01
2.121401876211166382e-01
2.121390551328659058e-01
2.121380120515823364e-01
2.121368646621704102e-01
2.121358960866928101e-01
2.121347188949584961e-01
2.121336460113525391e-01
2.121325433254241943e-01
2.121315151453018188e-01
2.121303677558898926e-01
2.121292650699615479e-01
2.121282219886779785e-01
2.121271193027496338e-01
2.121260315179824829e-01
2.121248990297317505e-01
2.121238559484481812e-01
2.121227234601974487e-01
2.121216803789138794e-01
2.121205627918243408e-01
2.121195346117019653e-01
2.121184021234512329e-01
2.121173143386840820e-01
2.121162116527557373e-01
2.121151685714721680e-01
2.121140807867050171e-01
2.121129930019378662e-01
2.121118903160095215e-01
2.121108174324035645e-01
2.121097147464752197e-01
2.121086716651916504e-01
2.121075689792633057e-01
2.121064960956573486e-01
2.121054232120513916e-01
2.121043205261230469e-01
2.121032476425170898e-01
2.121021449565887451e-01
2.121010571718215942e-01
2.120999991893768311e-01
2.120988965034484863e-01
2.120978236198425293e-01
2.120967805385589600e-01
2.120956331491470337e-01
2.120945751667022705e-01
2.120935022830963135e-01
2.120925039052963257e-01
2.120913267135620117e-01
2.120903283357620239e-01
2.120892107486724854e-01
2.120881527662277222e-01
2.120870351791381836e-01
2.120859622955322266e-01
2.120849192142486572e-01
2.120838314294815063e-01
2.120827436447143555e-01
2.120816707611083984e-01
2.120806127786636353e-01
2.120795696973800659e-01
2.120784223079681396e-01
2.120773643255233765e-01
2.120762765407562256e-01
2.120752632617950439e-01
2.120741158723831177e-01
2.120730727910995483e-01
2.120719999074935913e-01
2.120708972215652466e-01
2.120698243379592896e-01
2.120687514543533325e-01
2.120676934719085693e-01
2.120666801929473877e-01
2.120655775070190430e-01
2.120645046234130859e-01
2.120634466409683228e-01
2.120623737573623657e-01
2.120612859725952148e-01
2.120601981878280640e-01
2.120591551065444946e-01
2.120581120252609253e-01
2.120569795370101929e-01
2.120559364557266235e-01
2.120549082756042480e-01
2.120538353919982910e-01
2.120527029037475586e-01
2.120516896247863770e-01
2.120506316423416138e-01
2.120495289564132690e-01
2.120484411716461182e-01
2.120473831892013550e-01
2.120463401079177856e-01
2.120452821254730225e-01
2.120441943407058716e-01
2.120431214570999146e-01
2.120420932769775391e-01
2.120410650968551636e-01
2.120398879051208496e-01
2.120389193296432495e-01
2.120378166437149048e-01
2.120367884635925293e-01
2.120356708765029907e-01
2.120346426963806152e-01
2.120335400104522705e-01
2.120325267314910889e-01
2.120314687490463257e-01
2.120303660631179810e-01
2.120293229818344116e-01
2.120282649993896484e-01
2.120271921157836914e-01
2.120261490345001221e-01
2.120250761508941650e-01
2.120240479707717896e-01
2.120229750871658325e-01
2.120219469070434570e-01
2.120208442211151123e-01
2.120197713375091553e-01
2.120186984539031982e-01
2.120176702737808228e-01
2.120166271924972534e-01
2.120155692100524902e-01
2.120145261287689209e-01
2.120134234428405762e-01
2.120123803615570068e-01
2.120113074779510498e-01
2.120102345943450928e-01
2.120092064142227173e-01
2.120081484317779541e-01
2.120070755481719971e-01
2.120060026645660400e-01
2.120049297809600830e-01
2.120039612054824829e-01
2.120028734207153320e-01
2.120018303394317627e-01
2.120007276535034180e-01
2.119997143745422363e-01
2.119986861944198608e-01
2.119976282119750977e-01
2.119965404272079468e-01
2.119954824447631836e-01
2.119944393634796143e-01
2.119934260845184326e-01
2.119923532009124756e-01
2.119912803173065186e-01
2.119902372360229492e-01
2.119892537593841553e-01
2.119881659746170044e-01
2.119870781898498535e-01
2.119860649108886719e-01
2.119850069284439087e-01
2.119840085506439209e-01
2.119829058647155762e-01
2.119818627834320068e-01
2.119808048009872437e-01
2.119797915220260620e-01
2.119787037372589111e-01
2.119776308536529541e-01
2.119766324758529663e-01
2.119756340980529785e-01
2.119745165109634399e-01
2.119734883308410645e-01
2.119724303483963013e-01
2.119714170694351196e-01
2.119702845811843872e-01
2.119693160057067871e-01
2.119682431221008301e-01
2.119672894477844238e-01
2.119661569595336914e-01
2.119651436805725098e-01
2.119640856981277466e-01
2.119630128145217896e-01
2.119620144367218018e-01
2.119609415531158447e-01
2.119598835706710815e-01
2.119589149951934814e-01
2.119578421115875244e-01
2.119567692279815674e-01
2.119557559490203857e-01
2.119547128677368164e-01
2.119536846876144409e-01
2.119526118040084839e-01
2.119515687227249146e-01
2.119505554437637329e-01
2.119495570659637451e-01
2.119484692811965942e-01
2.119474112987518311e-01
2.119464129209518433e-01
2.119453847408294678e-01
2.119443416595458984e-01
2.119432836771011353e-01
2.119421809911727905e-01
2.119412124156951904e-01
2.119401842355728149e-01
2.119391113519668579e-01
2.119380831718444824e-01
2.119370400905609131e-01
2.119360417127609253e-01
2.119350135326385498e-01
2.119339555501937866e-01
2.119329124689102173e-01
2.119319140911102295e-01
2.119308561086654663e-01
2.119297832250595093e-01
2.119287550449371338e-01
2.119277417659759521e-01
2.119266837835311890e-01
2.119256854057312012e-01
2.119246572256088257e-01
2.119236141443252563e-01
2.119225859642028809e-01
2.119215279817581177e-01
2.119205296039581299e-01
2.119194865226745605e-01
2.119184583425521851e-01
2.119174301624298096e-01
2.119164019823074341e-01
2.119154036045074463e-01
2.119143307209014893e-01
2.119133472442626953e-01
2.119122743606567383e-01
2.119112610816955566e-01
2.119102329015731812e-01
2.119092047214508057e-01
2.119081318378448486e-01
2.119071483612060547e-01
2.119061499834060669e-01
2.119050770998001099e-01
2.119040340185165405e-01
2.119030207395553589e-01
2.119020223617553711e-01
2.119010239839553833e-01
2.118999212980270386e-01
2.118989080190658569e-01
2.118979245424270630e-01
2.118968814611434937e-01
2.118958681821823120e-01
2.118947803974151611e-01
2.118938267230987549e-01
2.118927687406539917e-01
2.118918001651763916e-01
2.118907272815704346e-01
2.118897289037704468e-01
2.118886709213256836e-01
2.118877023458480835e-01
2.118866741657257080e-01
2.118856161832809448e-01
2.118845880031585693e-01
2.118835747241973877e-01
2.118825912475585938e-01
2.118815928697586060e-01
2.118805348873138428e-01
2.118795216083526611e-01
2.118784934282302856e-01
2.118774950504302979e-01
2.118764668703079224e-01
2.118754386901855469e-01
2.118744105100631714e-01
2.118734121322631836e-01
2.118724137544631958e-01
2.118713557720184326e-01
2.118703573942184448e-01
2.118693143129348755e-01
2.118683159351348877e-01
2.118672877550125122e-01
2.118663042783737183e-01
2.118652313947677612e-01
2.118642330169677734e-01
2.118632048368453979e-01
2.118622362613677979e-01
2.118612080812454224e-01
2.118602544069290161e-01
2.118591815233230591e-01
2.118581831455230713e-01
2.118571847677230835e-01
2.118561714887619019e-01
2.118550986051559448e-01
2.118541002273559570e-01
2.118531018495559692e-01
2.118521183729171753e-01
2.118510454893112183e-01
2.118500769138336182e-01
2.118490785360336304e-01
2.118480652570724487e-01
2.118470668792724609e-01
2.118460237979888916e-01
2.118450254201889038e-01
2.118439972400665283e-01
2.118430435657501221e-01
2.118419855833053589e-01
2.118410170078277588e-01
2.118399590253829956e-01
2.118389606475830078e-01
2.118379920721054077e-01
2.118369340896606445e-01
2.118359655141830444e-01
2.118349820375442505e-01
2.118339091539382935e-01
2.118329405784606934e-01
2.118319123983383179e-01
2.118309140205383301e-01
2.118299305438995361e-01
2.118289321660995483e-01
2.118279039859771729e-01
2.118268758058547974e-01
2.118259072303771973e-01
2.118249535560607910e-01
2.118238806724548340e-01
2.118229269981384277e-01
2.118218690156936646e-01
2.118209004402160645e-01
2.118198722600936890e-01
2.118188440799713135e-01
2.118178904056549072e-01
2.118168920278549194e-01
2.118158936500549316e-01
2.118148654699325562e-01
2.118138968944549561e-01
2.118128389120101929e-01
2.118118852376937866e-01
2.118108868598937988e-01
2.118099182844161987e-01
2.118089050054550171e-01
2.118078917264938354e-01
2.118068784475326538e-01
2.118059098720550537e-01
2.118049114942550659e-01
2.118039280176162720e-01
2.118028849363327026e-01
2.118019014596939087e-01
2.118009030818939209e-01
2.117999494075775146e-01
2.117989212274551392e-01
2.117979228496551514e-01
2.117968946695327759e-01
2.117959260940551758e-01
2.117949277162551880e-01
2.117939442396163940e-01
2.117929458618164062e-01
2.117918878793716431e-01
2.117909640073776245e-01
2.117899954319000244e-01
2.117889672517776489e-01
2.117879390716552734e-01
2.117869853973388672e-01
2.117860168218612671e-01
2.117850035429000854e-01
2.117840051651000977e-01
2.117830067873001099e-01
2.117820084095001221e-01
2.117810994386672974e-01
2.117800563573837280e-01
2.117790728807449341e-01
2.117781043052673340e-01
2.117771059274673462e-01
2.117760926485061646e-01
2.117750495672225952e-01
2.117740958929061890e-01
2.117731422185897827e-01
2.117721438407897949e-01
2.117711454629898071e-01
2.117701470851898193e-01
2.117691636085510254e-01
2.117681652307510376e-01
2.117671668529510498e-01
2.117662131786346436e-01
2.117652297019958496e-01
2.117642611265182495e-01
