2.571898996829986572e-01
2.571148276329040527e-01
2.570404410362243652e-01
2.569667100906372070e-01
2.568936645984649658e-01
2.568213343620300293e-01
2.567494809627532959e-01
2.566784620285034180e-01
2.566080391407012939e-01
2.565381824970245361e-01
2.564690709114074707e-01
2.564005255699157715e-01
2.563325762748718262e-01
2.562653124332427979e-01
2.561985254287719727e-01
2.561324834823608398e-01
2.560669779777526855e-01
2.560020387172698975e-01
2.559377253055572510e-01
2.558739781379699707e-01
2.558108270168304443e-01
2.557482719421386719e-01
2.556862533092498779e-01
2.556247711181640625e-01
2.555638849735260010e-01
2.555034756660461426e-01
2.554436922073364258e-01
2.553843855857849121e-01
2.553256750106811523e-01
2.552674114704132080e-01
2.552098035812377930e-01
2.551526725292205811e-01
2.550959885120391846e-01
2.550399005413055420e-01
2.549842596054077148e-01
2.549291551113128662e-01
2.548744976520538330e-01
2.548203468322753906e-01
2.547666728496551514e-01
2.547135651111602783e-01
2.546608150005340576e-01
2.546086907386779785e-01
2.545568645000457764e-01
2.545055747032165527e-01
2.544547617435455322e-01
2.544043958187103271e-01
2.543544769287109375e-01
2.543049752712249756e-01
2.542559802532196045e-01
2.542073428630828857e-01
2.541592121124267578e-01
2.541114985942840576e-01
2.540642023086547852e-01
2.540173232555389404e-01
2.539708614349365234e-01
2.539248168468475342e-01
2.538791894912719727e-01
2.538339793682098389e-01
2.537891566753387451e-01
2.537446618080139160e-01
2.537007033824920654e-01
2.536570429801940918e-01
2.536137700080871582e-01
2.535708844661712646e-01
2.535284459590911865e-01
2.534863352775573730e-01
2.534445524215698242e-01
2.534032166004180908e-01
2.533622384071350098e-01
2.533215880393981934e-01
2.532813251018524170e-01
2.532414495944976807e-01
2.532018721103668213e-01
2.531626820564270020e-01
2.531238198280334473e-01
2.530852556228637695e-01
2.530470788478851318e-01
2.530092597007751465e-01
2.529717087745666504e-01
2.529345154762268066e-01
2.528977096080780029e-01
2.528611719608306885e-01
2.528249919414520264e-01
2.527891695499420166e-01
2.527535557746887207e-01
2.527183294296264648e-01
2.526834011077880859e-01
2.526487708091735840e-01
2.526144385337829590e-01
2.525805234909057617e-01
2.525467872619628906e-01
2.525133490562438965e-01
2.524802386760711670e-01
2.524474263191223145e-01
2.524149417877197266e-01
2.523827254772186279e-01
2.523507177829742432e-01
2.523190677165985107e-01
2.522876858711242676e-01
2.522566318511962891e-01
2.522258162498474121e-01
2.521952688694000244e-01
2.521649599075317383e-01
2.521349787712097168e-01
2.521052658557891846e-01
2.520757913589477539e-01
2.520466148853302002e-01
2.520177662372589111e-01
2.519890666007995605e-01
2.519606053829193115e-01
2.519324421882629395e-01
2.519045770168304443e-01
2.518769204616546631e-01
2.518494725227355957e-01
2.518223524093627930e-01
2.517955005168914795e-01
2.517688274383544922e-01
2.517423331737518311e-01
2.517162263393402100e-01
2.516902983188629150e-01
2.516646385192871094e-01
2.516391277313232422e-01
2.516139745712280273e-01
2.515889406204223633e-01
2.515642046928405762e-01
2.515397071838378906e-01
2.515154182910919189e-01
2.514913678169250488e-01
2.514674663543701172e-01
2.514438331127166748e-01
2.514203786849975586e-01
2.513972520828247070e-01
2.513743042945861816e-01
2.513515055179595947e-01
2.513290047645568848e-01
2.513065934181213379e-01
2.512845098972320557e-01
2.512626647949218750e-01
2.512409985065460205e-01
2.512194514274597168e-01
2.511981427669525146e-01
2.511770427227020264e-01
2.511562407016754150e-01
2.511355578899383545e-01
2.511151134967803955e-01
2.510947585105895996e-01
2.510746419429779053e-01
2.510548233985900879e-01
2.510350942611694336e-01
2.510155737400054932e-01
2.509963214397430420e-01
2.509772181510925293e-01
2.509582638740539551e-01
2.509395480155944824e-01
2.509209513664245605e-01
2.509025931358337402e-01
2.508843839168548584e-01
2.508664131164550781e-01
2.508486211299896240e-01
2.508308887481689453e-01
2.508134245872497559e-01
2.507961094379425049e-01
2.507789731025695801e-01
2.507620453834533691e-01
2.507452368736267090e-01
2.507286369800567627e-01
2.507121264934539795e-01
2.506958544254302979e-01
2.506797909736633301e-01
2.506638169288635254e-01
2.506480216979980469e-01
2.506324350833892822e-01
2.506170272827148438e-01
2.506016790866851807e-01
2.505865097045898438e-01
2.505715191364288330e-01
2.505567371845245361e-01
2.505419850349426270e-01
2.505275309085845947e-01
2.505131363868713379e-01
2.504988908767700195e-01
2.504847943782806396e-01
2.504708468914031982e-01
2.504570484161376953e-01
2.504434585571289062e-01
2.504299581050872803e-01
2.504166066646575928e-01
2.504034340381622314e-01
2.503903508186340332e-01
2.503774166107177734e-01
2.503646016120910645e-01
2.503519952297210693e-01
2.503394484519958496e-01
2.503270804882049561e-01
2.503148317337036133e-01
2.503027021884918213e-01
2.502906918525695801e-01
2.502788305282592773e-01
2.502670884132385254e-01
2.502554059028625488e-01
2.502439618110656738e-01
2.502325177192687988e-01
2.502213418483734131e-01
2.502101957798004150e-01
2.501992285251617432e-01
2.501883506774902344e-01
2.501775920391082764e-01
2.501669228076934814e-01
2.501564323902130127e-01
2.501459419727325439e-01
2.501356303691864014e-01
2.501254677772521973e-01
2.501153349876403809e-01
2.501054108142852783e-01
2.500955164432525635e-01
2.500857710838317871e-01
2.500760853290557861e-01
2.500665187835693359e-01
2.500570416450500488e-01
2.500477433204650879e-01
2.500384449958801270e-01
2.500293254852294922e-01
2.500202953815460205e-01
2.500113546848297119e-01
2.500024437904357910e-01
2.499936372041702271e-01
2.499849647283554077e-01
2.499764263629913330e-01
2.499679923057556152e-01
2.499595731496810913e-01
2.499512732028961182e-01
2.499430775642395020e-01
2.499348968267440796e-01
2.499268949031829834e-01
2.499189227819442749e-01
2.499110698699951172e-01
2.499033361673355103e-01
2.498956173658370972e-01
2.498880028724670410e-01
2.498804628849029541e-01
2.498730421066284180e-01
2.498656511306762695e-01
2.498583495616912842e-01
2.498511224985122681e-01
2.498439699411392212e-01
2.498369067907333374e-01
2.498299032449722290e-01
2.498229891061782837e-01
2.498161941766738892e-01
2.498094141483306885e-01
2.498027086257934570e-01
2.497960776090621948e-01
2.497895359992980957e-01
2.497830241918563843e-01
2.497766315937042236e-01
2.497702687978744507e-01
2.497639507055282593e-01
2.497577220201492310e-01
2.497515678405761719e-01
2.497454434633255005e-01
2.497394531965255737e-01
2.497334480285644531e-01
2.497275173664093018e-01
2.497216612100601196e-01
2.497158646583557129e-01
2.497101277112960815e-01
2.497044652700424194e-01
2.496988773345947266e-01
2.496933192014694214e-01
2.496877610683441162e-01
2.496823072433471680e-01
2.496769130229949951e-01
2.496715486049652100e-01
2.496662586927413940e-01
2.496609985828399658e-01
2.496558427810668945e-01
2.496507018804550171e-01
2.496456205844879150e-01
2.496405541896820068e-01
2.496355623006820679e-01
2.496306896209716797e-01
2.496257573366165161e-01
2.496209144592285156e-01
2.496161311864852905e-01
2.496114075183868408e-01
2.496066689491271973e-01
2.496020346879959106e-01
2.495974004268646240e-01
2.495928108692169189e-01
2.495882958173751831e-01
2.495838552713394165e-01
2.495793551206588745e-01
2.495749294757843018e-01
2.495706230401992798e-01
2.495663017034530640e-01
2.495620250701904297e-01
2.495577484369277954e-01
2.495535314083099365e-01
2.495493441820144653e-01
2.495452761650085449e-01
2.495411932468414307e-01
2.495371252298355103e-01
2.495331615209579468e-01
2.495291680097579956e-01
2.495252639055252075e-01
2.495213747024536133e-01
2.495175302028656006e-01
2.495137006044387817e-01
2.495098710060119629e-01
2.495061904191970825e-01
2.495024949312210083e-01
2.494987994432449341e-01
2.494951635599136353e-01
2.494915425777435303e-01
2.494879513978958130e-01
2.494844198226928711e-01
2.494808882474899292e-01
2.494773864746093750e-01
2.494739145040512085e-01
2.494705021381378174e-01
2.494671195745468140e-01
2.494637817144393921e-01
2.494603991508483887e-01
2.494570910930633545e-01
2.494538426399230957e-01
2.494505792856216431e-01
2.494473755359649658e-01
2.494441866874694824e-01
2.494410425424575806e-01
2.494379132986068726e-01
2.494347840547561646e-01
2.494316995143890381e-01
2.494287043809890747e-01
2.494256347417831421e-01
2.494226843118667603e-01
2.494197040796279907e-01
2.494167536497116089e-01
2.494138032197952271e-01
2.494109570980072021e-01
2.494080513715744019e-01
2.494052350521087646e-01
2.494024038314819336e-01
2.493996024131774902e-01
2.493968307971954346e-01
2.493941187858581543e-01
2.493913918733596802e-01
2.493887096643447876e-01
2.493860721588134766e-01
2.493834346532821655e-01
2.493808567523956299e-01
2.493782490491867065e-01
2.493756711483001709e-01
2.493731379508972168e-01
2.493705749511718750e-01
2.493680268526077271e-01
2.493655830621719360e-01
2.493631094694137573e-01
2.493606805801391602e-01
2.493582516908645630e-01
2.493558526039123535e-01
2.493535131216049194e-01
2.493511289358139038e-01
2.493487894535064697e-01
2.493464648723602295e-01
2.493441849946975708e-01
2.493419200181961060e-01
2.493396848440170288e-01
2.493374943733215332e-01
2.493353039026260376e-01
2.493330687284469604e-01
2.493309676647186279e-01
2.493288218975067139e-01
2.493266910314559937e-01
2.493245899677276611e-01
2.493225038051605225e-01
2.493204623460769653e-01
2.493184208869934082e-01
2.493164241313934326e-01
2.493144273757934570e-01
2.493124604225158691e-01
2.493104338645935059e-01
2.493085265159606934e-01
2.493065744638442993e-01
2.493046820163726807e-01
2.493028044700622559e-01
2.493008971214294434e-01
2.492990195751190186e-01
2.492972463369369507e-01
2.492953985929489136e-01
2.492936253547668457e-01
2.492918372154235840e-01
2.492900788784027100e-01
2.492883056402206421e-01
2.492866069078445435e-01
2.492848336696624756e-01
2.492831796407699585e-01
2.492815107107162476e-01
2.492797970771789551e-01
2.492781728506088257e-01
2.492765188217163086e-01
2.492749094963073730e-01
2.492733448743820190e-01
2.492717206478118896e-01
2.492701858282089233e-01
2.492685914039611816e-01
2.492671012878417969e-01
2.492655813694000244e-01
2.492640912532806396e-01
2.492625862360000610e-01
2.492610663175582886e-01
2.492596507072448730e-01
2.492582052946090698e-01
2.492567747831344604e-01
2.492553889751434326e-01
2.492539882659912109e-01
2.492526322603225708e-01
2.492512315511703491e-01
2.492498904466629028e-01
2.492485642433166504e-01
2.492472231388092041e-01
2.492459267377853394e-01
2.492446154356002808e-01
2.492433339357376099e-01
2.492420524358749390e-01
2.492408156394958496e-01
2.492395341396331787e-01
2.492383271455764771e-01
2.492371052503585815e-01
2.492359429597854614e-01
2.492347061634063721e-01
2.492335736751556396e-01
2.492323815822601318e-01
2.492312341928482056e-01
2.492301017045974731e-01
2.492289692163467407e-01
2.492278367280960083e-01
2.492267191410064697e-01
2.492256313562393188e-01
2.492245435714721680e-01
2.492235004901885986e-01
2.492224425077438354e-01
2.492214143276214600e-01
2.492203712463378906e-01
2.492192983627319336e-01
2.492183148860931396e-01
2.492173016071319580e-01
2.492163479328155518e-01
2.492153644561767578e-01
2.492143660783767700e-01
2.492133826017379761e-01
2.492124289274215698e-01
2.492115199565887451e-01
2.492105662822723389e-01
2.492096424102783203e-01
2.492087632417678833e-01
2.492078542709350586e-01
2.492070049047470093e-01
2.492060959339141846e-01
2.492052316665649414e-01
2.492044121026992798e-01
2.492035627365112305e-01
2.492027282714843750e-01
2.492018640041351318e-01
2.492010593414306641e-01
2.492002397775650024e-01
2.491994500160217285e-01
2.491986602544784546e-01
2.491979002952575684e-01
2.491970956325531006e-01
2.491963505744934082e-01
2.491956204175949097e-01
2.491948753595352173e-01
2.491941154003143311e-01
2.491933852434158325e-01
2.491926401853561401e-01
2.491919994354248047e-01
2.491912543773651123e-01
2.491905540227890015e-01
2.491899132728576660e-01
2.491892427206039429e-01
2.491885572671890259e-01
2.491879165172576904e-01
2.491872757673263550e-01
2.491866052150726318e-01
2.491859346628189087e-01
2.491853535175323486e-01
2.491846978664398193e-01
2.491841167211532593e-01
2.491835057735443115e-01
2.491828948259353638e-01
2.491822987794876099e-01
2.491816878318786621e-01
2.491811364889144897e-01
2.491805553436279297e-01
2.491799741983413696e-01
2.491794079542160034e-01
2.491788566112518311e-01
2.491783350706100464e-01
2.491777837276458740e-01
2.491772621870040894e-01
