2.529601156711578369e-01
2.529304623603820801e-01
2.529011368751525879e-01
2.528720796108245850e-01
2.528434097766876221e-01
2.528150379657745361e-01
2.527869045734405518e-01
2.527590394020080566e-01
2.527315020561218262e-01
2.527042329311370850e-01
2.526772916316986084e-01
2.526504695415496826e-01
2.526240348815917969e-01
2.525979280471801758e-01
2.525720298290252686e-01
2.525463998317718506e-01
2.525210380554199219e-01
2.524958252906799316e-01
2.524709403514862061e-01
2.524463534355163574e-01
2.524220347404479980e-01
2.523978650569915771e-01
2.523739933967590332e-01
2.523503005504608154e-01
2.523269355297088623e-01
2.523037493228912354e-01
2.522808015346527100e-01
2.522580325603485107e-01
2.522355318069458008e-01
2.522132694721221924e-01
2.521912157535552979e-01
2.521693706512451172e-01
2.521477937698364258e-01
2.521263957023620605e-01
2.521051764488220215e-01
2.520841956138610840e-01
2.520633637905120850e-01
2.520427703857421875e-01
2.520223855972290039e-01
2.520022094249725342e-01
2.519821524620056152e-01
2.519623339176177979e-01
2.519426345825195312e-01
2.519232332706451416e-01
2.519040107727050781e-01
2.518849074840545654e-01
2.518660128116607666e-01
2.518472969532012939e-01
2.518287003040313721e-01
2.518103420734405518e-01
2.517921030521392822e-01
2.517740428447723389e-01
2.517561614513397217e-01
2.517384886741638184e-01
2.517208456993103027e-01
2.517034709453582764e-01
2.516861855983734131e-01
2.516691088676452637e-01
2.516521811485290527e-01
2.516354322433471680e-01
2.516187727451324463e-01
2.516022622585296631e-01
2.515859007835388184e-01
2.515696585178375244e-01
2.515535950660705566e-01
2.515376806259155273e-01
2.515219151973724365e-01
2.515062391757965088e-01
2.514907121658325195e-01
2.514753341674804688e-01
2.514600455760955811e-01
2.514449059963226318e-01
2.514299154281616211e-01
2.514149546623229980e-01
2.514002919197082520e-01
2.513855993747711182e-01
2.513710856437683105e-01
2.513566911220550537e-01
2.513424158096313477e-01
2.513282299041748047e-01
2.513141632080078125e-01
2.513001859188079834e-01
2.512863576412200928e-01
2.512726485729217529e-01
2.512590289115905762e-01
2.512454986572265625e-01
2.512320280075073242e-01
2.512187361717224121e-01
2.512055337429046631e-01
2.511923909187316895e-01
2.511793375015258789e-01
2.511664628982543945e-01
2.511535882949829102e-01
2.511408925056457520e-01
2.511282265186309814e-01
2.511156201362609863e-01
2.511031925678253174e-01
2.510908246040344238e-01
2.510785162448883057e-01
2.510662972927093506e-01
2.510541379451751709e-01
2.510421574115753174e-01
2.510302066802978516e-01
2.510183453559875488e-01
2.510065436363220215e-01
2.509948015213012695e-01
2.509831786155700684e-01
2.509716153144836426e-01
2.509601414203643799e-01
2.509487271308898926e-01
2.509374022483825684e-01
2.509261667728424072e-01
2.509149610996246338e-01
2.509038448333740234e-01
2.508928477764129639e-01
2.508819103240966797e-01
2.508710324764251709e-01
2.508601844310760498e-01
2.508493363857269287e-01
2.508386373519897461e-01
2.508280277252197266e-01
2.508174777030944824e-01
2.508069574832916260e-01
2.507964968681335449e-01
2.507860958576202393e-01
2.507757544517517090e-01
2.507654726505279541e-01
2.507552802562713623e-01
2.507450878620147705e-01
2.507350146770477295e-01
2.507249712944030762e-01
2.507149875164031982e-01
2.507050037384033203e-01
2.506951093673706055e-01
2.506852746009826660e-01
2.506755590438842773e-01
2.506658136844635010e-01
2.506561875343322754e-01
2.506465613842010498e-01
2.506369650363922119e-01
2.506274580955505371e-01
2.506179809570312500e-01
2.506085634231567383e-01
2.505991458892822266e-01
2.505898773670196533e-01
2.505806088447570801e-01
2.505713403224945068e-01
2.505621612071990967e-01
2.505530714988708496e-01
2.505439221858978271e-01
2.505349516868591309e-01
2.505259215831756592e-01
2.505169808864593506e-01
2.505080103874206543e-01
2.504991292953491211e-01
2.504902780055999756e-01
2.504815161228179932e-01
2.504727542400360107e-01
2.504640221595764160e-01
2.504553496837615967e-01
2.504467070102691650e-01
2.504380941390991211e-01
2.504295706748962402e-01
2.504211366176605225e-01
2.504125833511352539e-01
2.504041492938995361e-01
2.503957152366638184e-01
2.503873407840728760e-01
2.503790259361267090e-01
2.503707408905029297e-01
2.503624856472015381e-01
2.503542900085449219e-01
2.503461241722106934e-01
2.503379881381988525e-01
2.503298521041870117e-01
2.503217756748199463e-01
2.503137290477752686e-01
2.503057420253753662e-01
2.502977550029754639e-01
2.502898871898651123e-01
2.502820193767547607e-01
2.502741813659667969e-01
2.502663135528564453e-01
2.502584755420684814e-01
2.502507269382476807e-01
2.502429783344268799e-01
2.502353191375732422e-01
2.502276599407196045e-01
2.502200007438659668e-01
2.502123713493347168e-01
2.502048611640930176e-01
2.501973211765289307e-01
2.501898705959320068e-01
2.501823902130126953e-01
2.501749694347381592e-01
2.501675784587860107e-01
2.501601874828338623e-01
2.501528561115264893e-01
2.501456439495086670e-01
2.501383125782012939e-01
2.501310408115386963e-01
2.501238286495208740e-01
2.501166760921478271e-01
2.501095235347747803e-01
2.501024305820465088e-01
2.500953376293182373e-01
2.500882744789123535e-01
2.500812709331512451e-01
2.500742673873901367e-01
2.500673234462738037e-01
2.500604093074798584e-01
2.500534951686859131e-01
2.500466406345367432e-01
2.500398159027099609e-01
2.500330209732055664e-01
2.500262558460235596e-01
2.500195205211639404e-01
2.500128149986267090e-01
2.500061094760894775e-01
2.499994635581970215e-01
2.499928325414657593e-01
2.499862164258956909e-01
2.499796450138092041e-01
2.499731332063674927e-01
2.499666213989257812e-01
2.499601393938064575e-01
2.499537169933319092e-01
2.499472945928573608e-01
2.499409466981887817e-01
2.499346137046813965e-01
2.499282807111740112e-01
2.499220073223114014e-01
2.499157190322875977e-01
2.499095201492309570e-01
2.499033212661743164e-01
2.498971968889236450e-01
2.498910129070281982e-01
2.498849332332611084e-01
2.498788237571716309e-01
2.498727887868881226e-01
2.498667687177658081e-01
2.498607784509658813e-01
2.498548179864883423e-01
2.498489171266555786e-01
2.498430162668228149e-01
2.498371303081512451e-01
2.498313337564468384e-01
2.498254776000976562e-01
2.498197108507156372e-01
2.498139590024948120e-01
2.498083114624023438e-01
2.498025894165039062e-01
2.497969120740890503e-01
2.497913241386413574e-01
2.497857213020324707e-01
2.497801482677459717e-01
2.497746050357818604e-01
2.497691363096237183e-01
2.497636228799819946e-01
2.497581839561462402e-01
2.497527599334716797e-01
2.497473806142807007e-01
2.497419714927673340e-01
2.497366517782211304e-01
2.497313618659973145e-01
2.497260868549346924e-01
2.497208267450332642e-01
2.497156411409378052e-01
2.497104555368423462e-01
2.497052699327468872e-01
2.497001290321350098e-01
2.496950328350067139e-01
2.496900111436843872e-01
2.496849596500396729e-01
2.496799230575561523e-01
2.496749758720397949e-01
2.496700584888458252e-01
2.496651113033294678e-01
2.496602684259414673e-01
2.496554106473922729e-01
2.496505826711654663e-01
2.496457695960998535e-01
2.496409714221954346e-01
2.496362626552581787e-01
2.496315538883209229e-01
2.496268898248672485e-01
2.496222406625747681e-01
2.496176213026046753e-01
2.496130466461181641e-01
2.496084868907928467e-01
2.496039718389511108e-01
2.495994567871093750e-01
2.495949715375900269e-01
2.495905607938766479e-01
2.495861351490020752e-01
2.495817691087722778e-01
2.495774030685424805e-01
2.495731562376022339e-01
2.495688349008560181e-01
2.495646029710769653e-01
2.495603561401367188e-01
2.495561391115188599e-01
2.495519816875457764e-01
2.495478540658950806e-01
2.495437264442443848e-01
2.495396733283996582e-01
2.495356053113937378e-01
2.495315819978713989e-01
2.495276033878326416e-01
2.495236545801162720e-01
2.495196759700775146e-01
2.495158463716506958e-01
2.495119571685791016e-01
2.495081424713134766e-01
2.495043426752090454e-01
2.495005279779434204e-01
2.494967728853225708e-01
2.494930624961853027e-01
2.494893819093704224e-01
2.494857013225555420e-01
2.494820952415466309e-01
2.494784742593765259e-01
2.494748681783676147e-01
2.494713068008422852e-01
2.494678348302841187e-01
2.494643479585647583e-01
2.494609206914901733e-01
2.494575083255767822e-01
2.494540810585021973e-01
2.494507580995559692e-01
2.494473755359649658e-01
2.494440823793411255e-01
2.494408041238784790e-01
2.494375854730606079e-01
2.494343370199203491e-01
2.494311481714248657e-01
2.494279891252517700e-01
2.494248747825622559e-01
2.494217604398727417e-01
2.494186908006668091e-01
2.494156062602996826e-01
2.494125366210937500e-01
2.494095861911773682e-01
2.494065910577774048e-01
2.494036406278610229e-01
2.494007647037506104e-01
2.493978738784790039e-01
2.493950128555297852e-01
2.493921816349029541e-01
2.493894100189208984e-01
2.493866533041000366e-01
2.493838816881179810e-01
2.493811696767807007e-01
2.493784576654434204e-01
2.493757754564285278e-01
2.493730932474136353e-01
2.493704259395599365e-01
2.493678778409957886e-01
2.493653446435928345e-01
2.493627816438674927e-01
2.493602931499481201e-01
2.493577748537063599e-01
2.493552714586257935e-01
2.493528276681900024e-01
2.493504285812377930e-01
2.493480741977691650e-01
2.493456602096557617e-01
2.493433356285095215e-01
2.493410110473632812e-01
2.493387162685394287e-01
2.493364512920379639e-01
2.493342012166976929e-01
2.493319809436798096e-01
2.493297755718231201e-01
2.493275851011276245e-01
2.493254393339157104e-01
2.493232786655426025e-01
2.493211776018142700e-01
2.493191212415695190e-01
2.493170201778411865e-01
2.493150234222412109e-01
2.493129819631576538e-01
2.493109852075576782e-01
2.493089884519577026e-01
2.493070065975189209e-01
2.493050992488861084e-01
2.493031471967697144e-01
2.493012547492980957e-01
2.492994070053100586e-01
2.492975294589996338e-01
2.492956966161727905e-01
2.492938786745071411e-01
2.492920756340026855e-01
2.492903172969818115e-01
2.492885440587997437e-01
2.492868304252624512e-01
2.492851167917251587e-01
2.492834180593490601e-01
2.492817640304565430e-01
2.492800801992416382e-01
2.492784261703491211e-01
2.492768466472625732e-01
2.492752224206924438e-01
2.492736279964447021e-01
2.492720484733581543e-01
2.492704838514328003e-01
2.492689490318298340e-01
2.492674887180328369e-01
2.492659240961074829e-01
2.492644488811492920e-01
2.492630183696746826e-01
2.492615431547164917e-01
2.492601126432418823e-01
2.492586821317672729e-01
2.492572963237762451e-01
2.492558956146240234e-01
2.492545545101165771e-01
2.492531836032867432e-01
2.492518424987792969e-01
2.492505162954330444e-01
2.492492347955703735e-01
2.492479234933853149e-01
2.492466866970062256e-01
2.492453753948211670e-01
2.492441684007644653e-01
2.492429018020629883e-01
2.492416948080062866e-01
2.492404729127883911e-01
2.492392808198928833e-01
2.492380887269973755e-01
2.492369413375854492e-01
2.492357641458511353e-01
2.492345869541168213e-01
2.492334693670272827e-01
2.492323815822601318e-01
2.492312788963317871e-01
2.492301911115646362e-01
2.492290586233139038e-01
2.492280155420303345e-01
2.492269277572631836e-01
2.492258697748184204e-01
2.492248713970184326e-01
2.492238283157348633e-01
2.492227852344512939e-01
2.492217868566513062e-01
2.492208182811737061e-01
2.492198199033737183e-01
2.492188364267349243e-01
2.492179274559020996e-01
2.492169290781021118e-01
2.492160350084304810e-01
2.492151111364364624e-01
2.492141425609588623e-01
2.492132633924484253e-01
2.492123693227767944e-01
2.492114752531051636e-01
2.492105960845947266e-01
2.492097467184066772e-01
2.492088824510574341e-01
2.492079585790634155e-01
2.492071390151977539e-01
2.492063194513320923e-01
2.492054700851440430e-01
2.492047101259231567e-01
2.492038607597351074e-01
2.492031008005142212e-01
2.492022812366485596e-01
2.492014914751052856e-01
2.492007166147232056e-01
2.491999566555023193e-01
2.491992413997650146e-01
2.491984665393829346e-01
2.491977065801620483e-01
2.491969764232635498e-01
2.491962611675262451e-01
2.491955310106277466e-01
2.491948157548904419e-01
2.491941004991531372e-01
2.491934299468994141e-01
2.491927295923233032e-01
2.491920292377471924e-01
2.491913884878158569e-01
2.491907328367233276e-01
2.491900175809860229e-01
2.491893619298934937e-01
2.491887360811233521e-01
2.491880655288696289e-01
2.491874843835830688e-01
2.491868287324905396e-01
2.491862028837203979e-01
2.491855472326278687e-01
2.491849660873413086e-01
2.491843551397323608e-01
2.491837739944458008e-01
2.491831332445144653e-01
2.491825520992279053e-01
2.491820156574249268e-01
2.491814196109771729e-01
2.491808384656906128e-01
2.491802722215652466e-01
