1.438452582806348801e-02
1.438300777226686478e-02
1.438149251043796539e-02
1.437998004257678986e-02
1.437846943736076355e-02
1.437695603817701340e-02
1.437544543296098709e-02
1.437393948435783386e-02
1.437242887914180756e-02
1.437092758715152740e-02
1.436942163854837418e-02
1.436791848391294479e-02
1.436641998589038849e-02
1.436492148786783218e-02
1.436342298984527588e-02
1.436192821711301804e-02
1.436043437570333481e-02
1.435894425958395004e-02
1.435745041817426682e-02
1.435596309602260590e-02
1.435447204858064651e-02
1.435298658907413483e-02
1.435150112956762314e-02
1.435001846402883530e-02
1.434853859245777130e-02
1.434705965220928192e-02
1.434557791799306870e-02
1.434410084038972855e-02
1.434262376278638840e-02
1.434115413576364517e-02
1.433967892080545425e-02
1.433820836246013641e-02
1.433674152940511703e-02
1.433526724576950073e-02
1.433380320668220520e-02
1.433234103024005890e-02
1.433087605983018875e-02
1.432941108942031860e-02
1.432795450091362000e-02
1.432649418711662292e-02
1.432503480464220047e-02
1.432357914745807648e-02
1.432212721556425095e-02
1.432066969573497772e-02
1.431921869516372681e-02
1.431777048856019974e-02
1.431631948798894882e-02
1.431487407535314560e-02
1.431343052536249161e-02
1.431198604404926300e-02
1.431054249405860901e-02
1.430910173803567886e-02
1.430766098201274872e-02
1.430621929466724396e-02
1.430478226393461227e-02
1.430334895849227905e-02
1.430191472172737122e-02
1.430048048496246338e-02
1.429905090481042862e-02
1.429761853069067001e-02
1.429618988186120987e-02
1.429476588964462280e-02
1.429334096610546112e-02
1.429191604256629944e-02
1.429049391299486160e-02
1.428907457739114761e-02
1.428765244781970978e-02
1.428623311221599579e-02
1.428481563925743103e-02
1.428340282291173935e-02
1.428198534995317459e-02
1.428057719022035599e-02
1.427916437387466431e-02
1.427775714546442032e-02
1.427634712308645248e-02
1.427493896335363388e-02
1.427353359758853912e-02
1.427213102579116821e-02
1.427072752267122269e-02
1.426932495087385178e-02
1.426792796701192856e-02
1.426652818918228149e-02
1.426512468606233597e-02
1.426373142749071121e-02
1.426233630627393723e-02
1.426094677299261093e-02
1.425955817103385925e-02
1.425816677510738373e-02
1.425677631050348282e-02
1.425538957118988037e-02
1.425400376319885254e-02
1.425261795520782471e-02
1.425123307853937149e-02
1.424985378980636597e-02
1.424847450107336044e-02
1.424709334969520569e-02
1.424571219831705093e-02
1.424433942884206772e-02
1.424296386539936066e-02
1.424159202724695206e-02
1.424021646380424500e-02
1.423884741961956024e-02
1.423747558146715164e-02
1.423610374331474304e-02
1.423474121838808060e-02
1.423337217420339584e-02
1.423200964927673340e-02
1.423064898699522018e-02
1.422928925603628159e-02
1.422792207449674606e-02
1.422656513750553131e-02
1.422520726919174194e-02
1.422385219484567642e-02
1.422249618917703629e-02
1.422114390879869461e-02
1.421979349106550217e-02
1.421843841671943665e-02
1.421709172427654266e-02
1.421574223786592484e-02
1.421439833939075470e-02
1.421304885298013687e-02
1.421170495450496674e-02
1.421036198735237122e-02
1.420901902019977570e-02
1.420768164098262787e-02
1.420633960515260696e-02
1.420500315725803375e-02
1.420366391539573669e-02
1.420233119279146194e-02
1.420099660754203796e-02
1.419966388493776321e-02
1.419833209365606308e-02
1.419700123369693756e-02
1.419567596167325974e-02
1.419434696435928345e-02
1.419302169233560562e-02
1.419169455766677856e-02
1.419037207961082458e-02
1.418904680758714676e-02
1.418773178011178970e-02
1.418640743941068649e-02
1.418508868664503098e-02
1.418377272784709930e-02
1.418245583772659302e-02
1.418114174157381058e-02
1.417982671409845352e-02
1.417851448059082031e-02
1.417720504105091095e-02
1.417589560151100159e-02
1.417458802461624146e-02
1.417327765375375748e-02
1.417197380214929581e-02
1.417066995054483414e-02
1.416936609894037247e-02
1.416806317865848541e-02
1.416676491498947144e-02
1.416546478867530823e-02
1.416416466236114502e-02
1.416286733001470566e-02
1.416157372295856476e-02
1.416027639061212540e-02
1.415898464620113373e-02
1.415769010782241821e-02
1.415639836341142654e-02
1.415511127561330795e-02
1.415381953120231628e-02
1.415253430604934692e-02
1.415125001221895218e-02
1.414996478706598282e-02
1.414867863059043884e-02
1.414739806205034256e-02
1.414611842483282089e-02
1.414483599364757538e-02
1.414355728775262833e-02
1.414228044450283051e-02
1.414100173860788345e-02
1.413972768932580948e-02
1.413845643401145935e-02
1.413717959076166153e-02
1.413591112941503525e-02
1.413463708013296127e-02
1.413337141275405884e-02
1.413210295140743256e-02
1.413083542138338089e-02
1.412957161664962769e-02
1.412830688059329987e-02
1.412704586982727051e-02
1.412578299641609192e-02
1.412452198565006256e-02
1.412326190620660782e-02
1.412200182676315308e-02
1.412074733525514603e-02
1.411948725581169128e-02
1.411823555827140808e-02
1.411698106676340103e-02
1.411572843790054321e-02
1.411447767168283463e-02
1.411322783678770065e-02
1.411197986453771591e-02
1.411073189228773117e-02
1.410948671400547028e-02
1.410823967307806015e-02
1.410699728876352310e-02
1.410575211048126221e-02
1.410451065748929977e-02
1.410327013581991196e-02
1.410202961415052414e-02
1.410078909248113632e-02
1.409955415874719620e-02
1.409831736236810684e-02
1.409708522260189056e-02
1.409584935754537582e-02
1.409462001174688339e-02
1.409338694065809250e-02
1.409215386956930161e-02
1.409092545509338379e-02
1.408969610929489136e-02
1.408847328275442123e-02
1.408724486827850342e-02
1.408602297306060791e-02
1.408479455858469009e-02
1.408357359468936920e-02
1.408235169947147369e-02
1.408113259822130203e-02
1.407991629093885422e-02
1.407869439572095871e-02
1.407748088240623474e-02
1.407626457512378693e-02
1.407505199313163757e-02
1.407383382320404053e-02
1.407262310385704041e-02
1.407141424715518951e-02
1.407020445913076401e-02
1.406899280846118927e-02
1.406778395175933838e-02
1.406657975167036057e-02
1.406537462025880814e-02
1.406416762620210648e-02
1.406296715140342712e-02
1.406176295131444931e-02
1.406056247651576996e-02
1.405936107039451599e-02
1.405816338956356049e-02
1.405696757137775421e-02
1.405576895922422409e-02
1.405457314103841782e-02
1.405337825417518616e-02
1.405218802392482758e-02
1.405099313706159592e-02
1.404980290681123734e-02
1.404861267656087875e-02
1.404742617160081863e-02
1.404623594135046005e-02
1.404504664242267609e-02
1.404386293143033981e-02
1.404268015176057816e-02
1.404149457812309265e-02
1.404031366109848022e-02
1.403912995010614395e-02
1.403795275837182999e-02
1.403676904737949371e-02
1.403559371829032898e-02
1.403441466391086578e-02
1.403323933482170105e-02
1.403206307440996170e-02
1.403088867664337158e-02
1.402972079813480377e-02
1.402854733169078827e-02
1.402737386524677277e-02
1.402620691806077957e-02
1.402503810822963715e-02
1.402386929839849472e-02
1.402270235121250153e-02
1.402153819799423218e-02
1.402037497609853745e-02
1.401921361684799194e-02
1.401804946362972260e-02
1.401688996702432632e-02
1.401572860777378082e-02
1.401456911116838455e-02
1.401340682059526443e-02
1.401225291192531586e-02
1.401109620928764343e-02
1.400994230061769485e-02
1.400878746062517166e-02
1.400763262063264847e-02
1.400648523122072220e-02
1.400533132255077362e-02
1.400418113917112350e-02
1.400303468108177185e-02
1.400188449770212173e-02
1.400073990225791931e-02
1.399959530681371689e-02
1.399845164269208908e-02
1.399730704724788666e-02
1.399616245180368423e-02
1.399501971900463104e-02
1.399388164281845093e-02
1.399274170398712158e-02
1.399160269647836685e-02
1.399046462029218674e-02
1.398932840675115585e-02
1.398819591850042343e-02
1.398706249892711639e-02
1.398592721670866013e-02
1.398479286581277847e-02
1.398366410285234451e-02
1.398253161460161209e-02
1.398140378296375275e-02
1.398027502000331879e-02
1.397914718836545944e-02
1.397802121937274933e-02
1.397689338773488998e-02
1.397577393800020218e-02
1.397464890033006668e-02
1.397352758795022964e-02
1.397240720689296722e-02
1.397128403186798096e-02
1.397016458213329315e-02
1.396904606372117996e-02
1.396792940795421600e-02
1.396681368350982666e-02
1.396569702774286270e-02
1.396458130329847336e-02
1.396347023546695709e-02
1.396235823631286621e-02
1.396124903112649918e-02
1.396013610064983368e-02
1.395902968943119049e-02
1.395791769027709961e-02
1.395681034773588181e-02
1.395570486783981323e-02
1.395460218191146851e-02
1.395349390804767609e-02
1.395239215344190598e-02
1.395128946751356125e-02
1.395018771290779114e-02
1.394908409565687180e-02
1.394798234105110168e-02
1.394688896834850311e-02
1.394578814506530762e-02
1.394469104707241058e-02
1.394359767436981201e-02
1.394250337034463882e-02
1.394140813499689102e-02
1.394031848758459091e-02
1.393922232091426849e-02
1.393813360482454300e-02
1.393704209476709366e-02
1.393595617264509201e-02
1.393486373126506805e-02
1.393377687782049179e-02
1.393269188702106476e-02
1.393160596489906311e-02
1.393052190542221069e-02
1.392943877726793289e-02
1.392835564911365509e-02
1.392727158963680267e-02
1.392619311809539795e-02
1.392511278390884399e-02
1.392403431236743927e-02
1.392295677214860916e-02
1.392188109457492828e-02
1.392080541700124741e-02
1.391972973942756653e-02
1.391865499317646027e-02
1.391758397221565247e-02
1.391651295125484467e-02
1.391544006764888763e-02
1.391437090933322906e-02
1.391330081969499588e-02
1.391223259270191193e-02
1.391116157174110413e-02
1.391009800136089325e-02
1.390903163701295853e-02
1.390796620398759842e-02
1.390690263360738754e-02
1.390583999454975128e-02
1.390477921813726425e-02
1.390371564775705338e-02
1.390265673398971558e-02
1.390159875154495239e-02
1.390053890645503998e-02
1.389948092401027679e-02
1.389842573553323746e-02
1.389736961573362350e-02
1.389631628990173340e-02
1.389526482671499252e-02
1.389420777559280396e-02
1.389315910637378693e-02
1.389210484921932220e-02
1.389105711132287979e-02
1.389000844210386276e-02
1.388895697891712189e-02
1.388791017234325409e-02
1.388686336576938629e-02
1.388582028448581696e-02
1.388477347791194916e-02
1.388373225927352905e-02
1.388268917798995972e-02
1.388164330273866653e-02
1.388060580939054489e-02
1.387956365942955017e-02
1.387852616608142853e-02
1.387748587876558304e-02
1.387644931674003601e-02
1.387541089206933975e-02
1.387437433004379272e-02
1.387334335595369339e-02
1.387230865657329559e-02
1.387127675116062164e-02
1.387024205178022385e-02
1.386921107769012451e-02
1.386818103492259979e-02
1.386715285480022430e-02
1.386612094938755035e-02
1.386509556323289871e-02
1.386406738311052322e-02
1.386304292827844620e-02
1.386201474815607071e-02
1.386098936200141907e-02
1.385996676981449127e-02
1.385894510895013809e-02
1.385792251676321030e-02
1.385689992457628250e-02
1.385588105767965317e-02
1.385486405342817307e-02
1.385384704917669296e-02
1.385282631963491440e-02
1.385180838406085968e-02
1.385079510509967804e-02
1.384977996349334717e-02
1.384876854717731476e-02
1.384775433689355850e-02
1.384673919528722763e-02
1.384572871029376984e-02
1.384472008794546127e-02
1.384370867162942886e-02
1.384270004928112030e-02
1.384169328957796097e-02
1.384068559855222702e-02
1.383967697620391846e-02
1.383867487311363220e-02
1.383766811341047287e-02
1.383666694164276123e-02
1.383566297590732574e-02
1.383466180413961411e-02
1.383365597575902939e-02
1.383265666663646698e-02
1.383165549486875534e-02
1.383066084235906601e-02
1.382966153323650360e-02
1.382866501808166504e-02
1.382766757160425186e-02
1.382667198777198792e-02
1.382568199187517166e-02
1.382468547672033310e-02
1.382369268685579300e-02
1.382269710302352905e-02
1.382170896977186203e-02
1.382071990519762039e-02
1.381972990930080414e-02
1.381874270737171173e-02
1.381775084882974625e-02
1.381676457822322845e-02
1.381577923893928528e-02
1.381478924304246902e-02
1.381380576640367508e-02
1.381282322108745575e-02
1.381184253841638565e-02
1.381085626780986786e-02
1.380987837910652161e-02
1.380889583379030228e-02
1.380791887640953064e-02
1.380694098770618439e-02
1.380596309900283813e-02
1.380498334765434265e-02
1.380400825291872025e-02
1.380303222686052322e-02
1.380205806344747543e-02
1.380108203738927841e-02
1.380010973662137985e-02
1.379913743585348129e-02
1.379816699773073196e-02
1.379719562828540802e-02
1.379622146487236023e-02
1.379525475203990936e-02
1.379428710788488388e-02
1.379331853240728378e-02
1.379235088825225830e-02
1.379138790071010590e-02
1.379042211920022964e-02
1.378945726901292801e-02
1.378849521279335022e-02
1.378752943128347397e-02
1.378656923770904541e-02
1.378560625016689301e-02
1.378464512526988983e-02
1.378368679434061050e-02
1.378273032605648041e-02
