2.217146754264831543e-01
2.217136025428771973e-01
2.217124700546264648e-01
2.217114269733428955e-01
2.217103242874145508e-01
2.217092216014862061e-01
2.217081338167190552e-01
2.217070013284683228e-01
2.217059284448623657e-01
2.217048406600952148e-01
2.217037528753280640e-01
2.217026352882385254e-01
2.217015326023101807e-01
2.217004448175430298e-01
2.216993719339370728e-01
2.216982692480087280e-01
2.216971665620803833e-01
2.216960936784744263e-01
2.216950207948684692e-01
2.216939032077789307e-01
2.216928154230117798e-01
2.216917276382446289e-01
2.216906696557998657e-01
2.216895222663879395e-01
2.216884493827819824e-01
2.216873466968536377e-01
2.216862589120864868e-01
2.216851562261581421e-01
2.216840833425521851e-01
2.216829657554626465e-01
2.216819077730178833e-01
2.216808050870895386e-01
2.216797173023223877e-01
2.216786444187164307e-01
2.216775417327880859e-01
2.216764688491821289e-01
2.216753959655761719e-01
2.216742634773254395e-01
2.216732203960418701e-01
2.216721177101135254e-01
2.216710001230239868e-01
2.216699272394180298e-01
2.216688543558120728e-01
2.216677218675613403e-01
2.216666787862777710e-01
2.216655761003494263e-01
2.216645479202270508e-01
2.216634005308151245e-01
2.216623276472091675e-01
2.216612547636032104e-01
2.216602116823196411e-01
2.216591089963912964e-01
2.216580063104629517e-01
2.216569334268569946e-01
2.216558605432510376e-01
2.216547578573226929e-01
2.216536551713943481e-01
2.216525673866271973e-01
2.216514945030212402e-01
2.216503918170928955e-01
2.216493338346481323e-01
2.216482460498809814e-01
2.216471731662750244e-01
2.216461002826690674e-01
2.216450124979019165e-01
2.216439247131347656e-01
2.216428518295288086e-01
2.216417491436004639e-01
2.216406911611557007e-01
2.216396033763885498e-01
2.216385006904602051e-01
2.216373980045318604e-01
2.216363698244094849e-01
2.216352820396423340e-01
2.216342240571975708e-01
2.216331362724304199e-01
2.216320335865020752e-01
2.216309309005737305e-01
2.216298282146453857e-01
2.216287851333618164e-01
2.216276824474334717e-01
2.216266393661499023e-01
2.216255813837051392e-01
2.216244339942932129e-01
2.216233909130096436e-01
2.216223329305648804e-01
2.216212451457977295e-01
2.216201871633529663e-01
2.216190844774246216e-01
2.216180413961410522e-01
2.216169983148574829e-01
2.216158509254455566e-01
2.216147482395172119e-01
2.216137647628784180e-01
2.216126471757888794e-01
2.216115295886993408e-01
2.216104716062545776e-01
2.216094434261322021e-01
2.216083556413650513e-01
2.216072976589202881e-01
2.216061502695083618e-01
2.216051518917083740e-01
2.216040492057800293e-01
2.216029763221740723e-01
2.216018736362457275e-01
2.216008007526397705e-01
2.215997576713562012e-01
2.215986847877502441e-01
2.215976119041442871e-01
2.215965390205383301e-01
2.215954810380935669e-01
2.215943783521652222e-01
2.215933054685592651e-01
2.215922623872756958e-01
2.215911895036697388e-01
2.215900868177413940e-01
2.215890437364578247e-01
2.215879857540130615e-01
2.215868681669235229e-01
2.215858101844787598e-01
2.215847671031951904e-01
2.215836942195892334e-01
2.215825915336608887e-01
2.215815484523773193e-01
2.215804904699325562e-01
2.215794175863265991e-01
2.215783745050430298e-01
2.215773016214370728e-01
2.215762138366699219e-01
2.215751707553863525e-01
2.215741276741027832e-01
2.215730249881744385e-01
2.215719521045684814e-01
2.215708941221237183e-01
2.215698063373565674e-01
2.215687781572341919e-01
2.215677052736282349e-01
2.215666323900222778e-01
2.215655446052551270e-01
2.215644717216491699e-01
2.215633988380432129e-01
2.215623557567596436e-01
2.215612977743148804e-01
2.215602248907089233e-01
2.215591371059417725e-01
2.215581089258193970e-01
2.215570360422134399e-01
2.215559631586074829e-01
2.215548604726791382e-01
2.215538620948791504e-01
2.215527892112731934e-01
2.215517163276672363e-01
2.215506583452224731e-01
2.215495854616165161e-01
2.215485125780105591e-01
2.215474396944046021e-01
2.215464115142822266e-01
2.215453088283538818e-01
2.215442806482315063e-01
2.215432673692703247e-01
2.215421646833419800e-01
2.215411067008972168e-01
2.215400189161300659e-01
2.215389609336853027e-01
2.215379327535629272e-01
2.215368598699569702e-01
2.215357869863510132e-01
2.215347141027450562e-01
2.215336710214614868e-01
2.215326130390167236e-01
2.215315699577331543e-01
2.215304970741271973e-01
2.215294390916824341e-01
2.215283960103988647e-01
2.215273380279541016e-01
2.215262502431869507e-01
2.215252369642257690e-01
2.215241193771362305e-01
2.215230762958526611e-01
2.215220481157302856e-01
2.215209901332855225e-01
2.215199172496795654e-01
2.215189188718795776e-01
2.215178012847900391e-01
2.215167284011840820e-01
2.215156704187393188e-01
2.215146720409393311e-01
2.215135693550109863e-01
2.215125560760498047e-01
2.215114980936050415e-01
2.215104252099990845e-01
2.215093821287155151e-01
2.215083241462707520e-01
2.215072810649871826e-01
2.215062230825424194e-01
2.215051800012588501e-01
2.215041220188140869e-01
2.215030342340469360e-01
2.215020209550857544e-01
2.215009480714797974e-01
2.214999049901962280e-01
2.214988768100738525e-01
2.214977741241455078e-01
2.214967310428619385e-01
2.214956730604171753e-01
2.214946299791336060e-01
2.214935719966888428e-01
2.214924991130828857e-01
2.214915305376052856e-01
2.214903980493545532e-01
2.214893996715545654e-01
2.214883267879486084e-01
2.214873284101486206e-01
2.214862257242202759e-01
2.214852124452590942e-01
2.214841544628143311e-01
2.214830815792083740e-01
2.214820384979248047e-01
2.214809507131576538e-01
2.214799821376800537e-01
2.214788794517517090e-01
2.214778065681457520e-01
2.214768081903457642e-01
2.214757502079010010e-01
2.214746624231338501e-01
2.214736789464950562e-01
2.214726060628890991e-01
2.214715331792831421e-01
2.214705497026443481e-01
2.214694768190383911e-01
2.214684635400772095e-01
2.214673757553100586e-01
2.214663028717041016e-01
2.214652597904205322e-01
2.214642316102981567e-01
2.214632034301757812e-01
2.214621603488922119e-01
2.214611023664474487e-01
2.214600890874862671e-01
2.214590311050415039e-01
2.214579880237579346e-01
2.214569300413131714e-01
2.214558869600296021e-01
2.214548289775848389e-01
2.214538604021072388e-01
2.214527130126953125e-01
2.214516848325729370e-01
2.214506566524505615e-01
2.214496135711669922e-01
2.214486151933670044e-01
2.214475274085998535e-01
2.214465141296386719e-01
2.214455008506774902e-01
2.214444577693939209e-01
2.214433848857879639e-01
2.214423567056655884e-01
2.214413136243820190e-01
2.214402854442596436e-01
2.214392870664596558e-01
2.214382141828536987e-01
2.214371114969253540e-01
2.214361131191253662e-01
2.214350402355194092e-01
2.214340269565582275e-01
2.214330136775970459e-01
2.214319854974746704e-01
2.214309126138687134e-01
2.214298844337463379e-01
2.214288115501403809e-01
2.214278131723403931e-01
2.214267551898956299e-01
2.214257270097732544e-01
2.214247137308120728e-01
2.214236557483673096e-01
2.214226275682449341e-01
2.214216291904449463e-01
2.214205116033554077e-01
2.214195579290390015e-01
2.214184850454330444e-01
2.214174568653106689e-01
2.214163988828659058e-01
2.214153558015823364e-01
2.214143574237823486e-01
2.214133292436599731e-01
2.214122563600540161e-01
2.214112579822540283e-01
2.214101999998092651e-01
2.214091569185256958e-01
2.214081585407257080e-01
2.214071303606033325e-01
2.214060723781585693e-01
2.214049845933914185e-01
2.214039862155914307e-01
2.214030027389526367e-01
2.214019298553466797e-01
2.214009016752243042e-01
2.213998734951019287e-01
2.213988453149795532e-01
2.213978469371795654e-01
2.213967591524124146e-01
2.213957756757736206e-01
2.213946729898452759e-01
2.213936746120452881e-01
2.213926464319229126e-01
2.213916033506393433e-01
2.213905751705169678e-01
2.213895767927169800e-01
2.213885486125946045e-01
2.213875055313110352e-01
2.213865220546722412e-01
2.213854193687438965e-01
2.213844209909439087e-01
2.213833779096603394e-01
2.213823795318603516e-01
2.213813513517379761e-01
2.213802784681320190e-01
2.213792651891708374e-01
2.213781923055648804e-01
2.213771939277648926e-01
2.213762253522872925e-01
2.213751673698425293e-01
2.213741689920425415e-01
2.213731259107589722e-01
2.213721126317977905e-01
2.213710993528366089e-01
2.213700413703918457e-01
2.213690131902694702e-01
2.213680148124694824e-01
2.213669419288635254e-01
2.213659435510635376e-01
2.213649153709411621e-01
2.213639169931411743e-01
2.213628888130187988e-01
2.213618606328964233e-01
2.213608324527740479e-01
2.213597595691680908e-01
2.213587909936904907e-01
2.213577628135681152e-01
2.213567346334457397e-01
2.213557064533233643e-01
2.213546931743621826e-01
2.213536649942398071e-01
2.213526666164398193e-01
2.213516086339950562e-01
2.213506102561950684e-01
2.213495075702667236e-01
2.213485389947891235e-01
2.213474810123443604e-01
2.213465273380279541e-01
2.213454544544219971e-01
2.213444262742996216e-01
2.213434576988220215e-01
2.213424295186996460e-01
2.213414013385772705e-01
2.213404029607772827e-01
2.213393598794937134e-01
2.213383615016937256e-01
2.213373333215713501e-01
2.213363349437713623e-01
2.213353067636489868e-01
2.213342338800430298e-01
2.213332504034042358e-01
2.213322520256042480e-01
2.213312536478042603e-01
2.213301956653594971e-01
2.213291972875595093e-01
2.213281691074371338e-01
2.213272005319595337e-01
2.213261425495147705e-01
2.213251292705535889e-01
2.213241159915924072e-01
2.213231027126312256e-01
2.213220745325088501e-01
2.213210463523864746e-01
2.213200628757476807e-01
2.213189899921417236e-01
2.213180214166641235e-01
2.213170379400253296e-01
2.213159948587417603e-01
2.213149368762969971e-01
2.213139683008193970e-01
2.213129401206970215e-01
2.213119417428970337e-01
2.213108688592910767e-01
2.213099300861358643e-01
2.213088870048522949e-01
2.213078886270523071e-01
2.213068157434463501e-01
2.213058620691299438e-01
2.213048338890075684e-01
2.213038355112075806e-01
2.213027775287628174e-01
2.213017791509628296e-01
2.213007807731628418e-01
2.212997525930404663e-01
2.212987542152404785e-01
2.212977856397628784e-01
2.212967574596405029e-01
2.212957292795181274e-01
2.212946712970733643e-01
2.212937027215957642e-01
2.212926745414733887e-01
2.212917059659957886e-01
2.212906479835510254e-01
2.212896794080734253e-01
2.212886512279510498e-01
2.212876230478286743e-01
2.212866395711898804e-01
2.212856411933898926e-01
2.212846130132675171e-01
2.212836146354675293e-01
2.212825715541839600e-01
2.212816476821899414e-01
2.212805896997451782e-01
2.212796360254287720e-01
2.212786078453063965e-01
2.212775945663452148e-01
2.212765663862228394e-01
2.212755382061004639e-01
2.212745398283004761e-01
2.212735563516616821e-01
2.212725579738616943e-01
2.212715297937393188e-01
2.212705314159393311e-01
2.212695330381393433e-01
2.212685495615005493e-01
2.212675362825393677e-01
2.212665081024169922e-01
2.212655097246170044e-01
2.212644964456558228e-01
2.212634980678558350e-01
2.212625294923782349e-01
2.212614715099334717e-01
2.212605029344558716e-01
2.212594747543334961e-01
2.212584763765335083e-01
2.212574779987335205e-01
2.212564945220947266e-01
2.212554961442947388e-01
2.212545126676559448e-01
2.212534844875335693e-01
2.212524414062500000e-01
2.212514877319335938e-01
2.212504446506500244e-01
2.212494909763336182e-01
2.212484627962112427e-01
2.212474793195724487e-01
2.212464809417724609e-01
2.212455123662948608e-01
2.212444841861724854e-01
2.212434262037277222e-01
2.212425023317337036e-01
2.212415039539337158e-01
2.212404757738113403e-01
2.212394475936889648e-01
2.212384790182113647e-01
2.212374955415725708e-01
2.212364971637725830e-01
2.212354689836502075e-01
2.212344706058502197e-01
2.212335020303726196e-01
2.212324887514114380e-01
2.212314903736114502e-01
2.212305217981338501e-01
2.212294638156890869e-01
2.212284654378890991e-01
2.212275117635726929e-01
2.212264835834503174e-01
2.212255150079727173e-01
2.212245315313339233e-01
2.212235331535339355e-01
2.212225347757339478e-01
2.212214916944503784e-01
2.212205082178115845e-01
2.212195843458175659e-01
2.212185263633728027e-01
2.212175279855728149e-01
2.212165594100952148e-01
2.212155759334564209e-01
2.212145477533340454e-01
2.212135791778564453e-01
2.212125658988952637e-01
2.212115675210952759e-01
2.212105691432952881e-01
2.212096005678176880e-01
2.212085872888565063e-01
2.212076634168624878e-01
2.212066203355789185e-01
2.212056219577789307e-01
2.212046384811401367e-01
2.212036848068237305e-01
2.212026417255401611e-01
2.212016880512237549e-01
2.212006896734237671e-01
2.211996614933013916e-01
2.211986780166625977e-01
2.211977094411849976e-01
2.211966812610626221e-01
2.211956977844238281e-01
2.211947292089462280e-01
