2.401986122131347656e-01
2.401970475912094116e-01
2.401955127716064453e-01
2.401939928531646729e-01
2.401925027370452881e-01
2.401910126209259033e-01
2.401894778013229370e-01
2.401879876852035522e-01
2.401864081621170044e-01
2.401849180459976196e-01
2.401832938194274902e-01
2.401818186044692993e-01
2.401802986860275269e-01
2.401787787675857544e-01
2.401773631572723389e-01
2.401757985353469849e-01
2.401742488145828247e-01
2.401727586984634399e-01
2.401713132858276367e-01
2.401697486639022827e-01
2.401682585477828979e-01
2.401668280363082886e-01
2.401652336120605469e-01
2.401637732982635498e-01
2.401622831821441650e-01
2.401607483625411987e-01
2.401593029499053955e-01
2.401576936244964600e-01
2.401562780141830444e-01
2.401548027992248535e-01
2.401532679796218872e-01
2.401518374681472778e-01
2.401503175497055054e-01
2.401488274335861206e-01
2.401473820209503174e-01
2.401458919048309326e-01
2.401444315910339355e-01
2.401429712772369385e-01
2.401415109634399414e-01
2.401399612426757812e-01
2.401384711265563965e-01
2.401370406150817871e-01
2.401355504989624023e-01
2.401341497898101807e-01
2.401326894760131836e-01
2.401312440633773804e-01
2.401297092437744141e-01
2.401282489299774170e-01
2.401268333196640015e-01
2.401253134012222290e-01
2.401238977909088135e-01
2.401224374771118164e-01
2.401209175586700439e-01
2.401195317506790161e-01
2.401180118322372437e-01
2.401165515184402466e-01
2.401151657104492188e-01
2.401136755943298340e-01
2.401121854782104492e-01
2.401107698678970337e-01
2.401093691587448120e-01
2.401078790426254272e-01
2.401064634323120117e-01
2.401050478219985962e-01
2.401036173105239868e-01
2.401022017002105713e-01
2.401007860898971558e-01
2.400993704795837402e-01
2.400978803634643555e-01
2.400963604450225830e-01
2.400949746370315552e-01
2.400935292243957520e-01
2.400920838117599487e-01
2.400906682014465332e-01
2.400893568992614746e-01
2.400878667831420898e-01
2.400864213705062866e-01
2.400849908590316772e-01
2.400835454463958740e-01
2.400821745395660400e-01
2.400807887315750122e-01
2.400793880224227905e-01
2.400779724121093750e-01
2.400766164064407349e-01
2.400751709938049316e-01
2.400737255811691284e-01
2.400722950696945190e-01
2.400709241628646851e-01
2.400695979595184326e-01
2.400681674480438232e-01
2.400667518377304077e-01
2.400653511285781860e-01
2.400639951229095459e-01
2.400625944137573242e-01
2.400611340999603271e-01
2.400597184896469116e-01
2.400583028793334961e-01
2.400569766759872437e-01
2.400555461645126343e-01
2.400542050600051880e-01
2.400528043508529663e-01
2.400513887405395508e-01
2.400500476360321045e-01
2.400486022233963013e-01
2.400473207235336304e-01
2.400459647178649902e-01
2.400444597005844116e-01
2.400430887937545776e-01
2.400417476892471313e-01
2.400403320789337158e-01
2.400390356779098511e-01
2.400376200675964355e-01
2.400362342596054077e-01
2.400348931550979614e-01
2.400335222482681274e-01
2.400321960449218750e-01
2.400308102369308472e-01
2.400293648242950439e-01
2.400280535221099854e-01
2.400267273187637329e-01
2.400253713130950928e-01
2.400239557027816772e-01
2.400226593017578125e-01
2.400213181972503662e-01
2.400198727846145630e-01
2.400185763835906982e-01
2.400171458721160889e-01
2.400158196687698364e-01
2.400144785642623901e-01
2.400131821632385254e-01
2.400118857622146606e-01
2.400104701519012451e-01
2.400091290473937988e-01
2.400078177452087402e-01
2.400064170360565186e-01
2.400050610303878784e-01
2.400037646293640137e-01
2.400024682283401489e-01
2.400011718273162842e-01
2.399997562170028687e-01
2.399984598159790039e-01
2.399971634149551392e-01
2.399958074092864990e-01
2.399944514036178589e-01
2.399930953979492188e-01
2.399917989969253540e-01
2.399903833866119385e-01
2.399890571832656860e-01
2.399877905845642090e-01
2.399864494800567627e-01
2.399851530790328979e-01
2.399837672710418701e-01
2.399824708700180054e-01
2.399811744689941406e-01
2.399798631668090820e-01
2.399786412715911865e-01
2.399772703647613525e-01
2.399759739637374878e-01
2.399746328592300415e-01
2.399733662605285645e-01
2.399720400571823120e-01
2.399706989526748657e-01
2.399694323539733887e-01
2.399681210517883301e-01
2.399667948484420776e-01
2.399655580520629883e-01
2.399642318487167358e-01
2.399628460407257080e-01
2.399615943431854248e-01
2.399603575468063354e-01
2.399590313434600830e-01
2.399576902389526367e-01
2.399564236402511597e-01
2.399550974369049072e-01
2.399538308382034302e-01
2.399525940418243408e-01
2.399512678384780884e-01
2.399499565362930298e-01
2.399487048387527466e-01
2.399474084377288818e-01
2.399461120367050171e-01
2.399448454380035400e-01
2.399435788393020630e-01
2.399423122406005859e-01
2.399409860372543335e-01
2.399397492408752441e-01
2.399384230375289917e-01
2.399372011423110962e-01
2.399358898401260376e-01
2.399345934391021729e-01
2.399333268404006958e-01
2.399320751428604126e-01
2.399307787418365479e-01
2.399294972419738770e-01
2.399282753467559814e-01
2.399270087480545044e-01
2.399258017539978027e-01
2.399245649576187134e-01
2.399232983589172363e-01
2.399219721555709839e-01
2.399207204580307007e-01
2.399194538593292236e-01
2.399182319641113281e-01
2.399169504642486572e-01
2.399157285690307617e-01
2.399145066738128662e-01
2.399132549762725830e-01
2.399119883775711060e-01
2.399107217788696289e-01
2.399094700813293457e-01
2.399082779884338379e-01
2.399069815874099731e-01
2.399056851863861084e-01
2.399044185876846313e-01
2.399032264947891235e-01
2.399020045995712280e-01
2.399008125066757202e-01
2.398995608091354370e-01
2.398982942104339600e-01
2.398971021175384521e-01
2.398958504199981689e-01
2.398946285247802734e-01
2.398933321237564087e-01
2.398921102285385132e-01
2.398909181356430054e-01
2.398896962404251099e-01
2.398884743452072144e-01
2.398872077465057373e-01
2.398859858512878418e-01
2.398847937583923340e-01
2.398835420608520508e-01
2.398823052644729614e-01
2.398810535669326782e-01
2.398798763751983643e-01
2.398786693811416626e-01
2.398774623870849609e-01
2.398762702941894531e-01
2.398750185966491699e-01
2.398737519979476929e-01
2.398725301027297974e-01
2.398713678121566772e-01
2.398701459169387817e-01
2.398690134286880493e-01
2.398678213357925415e-01
2.398665994405746460e-01
2.398653626441955566e-01
2.398641854524612427e-01
2.398630082607269287e-01
2.398617118597030640e-01
2.398605197668075562e-01
2.398593574762344360e-01
2.398582100868225098e-01
2.398570626974105835e-01
2.398557811975479126e-01
2.398545593023300171e-01
2.398533374071121216e-01
2.398521453142166138e-01
2.398509979248046875e-01
2.398498356342315674e-01
2.398485839366912842e-01
2.398474067449569702e-01
2.398462146520614624e-01
2.398451119661331177e-01
2.398438900709152222e-01
2.398426979780197144e-01
2.398414760828018188e-01
2.398403137922286987e-01
2.398391366004943848e-01
2.398379445075988770e-01
2.398367375135421753e-01
2.398356497287750244e-01
2.398344725370407104e-01
2.398332804441452026e-01
2.398320585489273071e-01
2.398308813571929932e-01
2.398296892642974854e-01
2.398285716772079468e-01
2.398274242877960205e-01
2.398262172937393188e-01
2.398250997066497803e-01
2.398239076137542725e-01
2.398227304220199585e-01
2.398215830326080322e-01
2.398204654455184937e-01
2.398193180561065674e-01
2.398181855678558350e-01
2.398169636726379395e-01
2.398158460855484009e-01
2.398146539926528931e-01
2.398134469985961914e-01
2.398123741149902344e-01
2.398111522197723389e-01
2.398100048303604126e-01
2.398088574409484863e-01
2.398077398538589478e-01
2.398066371679306030e-01
2.398054152727127075e-01
2.398042976856231689e-01
2.398031204938888550e-01
2.398020029067993164e-01
2.398008555173873901e-01
2.397996634244918823e-01
2.397985905408859253e-01
2.397973835468292236e-01
2.397962361574172974e-01
2.397951930761337280e-01
2.397940158843994141e-01
2.397927790880203247e-01
2.397916764020919800e-01
2.397905290126800537e-01
2.397894561290740967e-01
2.397882789373397827e-01
2.397871613502502441e-01
2.397860139608383179e-01
2.397849410772323608e-01
2.397837638854980469e-01
2.397826910018920898e-01
2.397815734148025513e-01
2.397803962230682373e-01
2.397792935371398926e-01
2.397781908512115479e-01
2.397771179676055908e-01
2.397760003805160522e-01
2.397748082876205444e-01
2.397737354040145874e-01
2.397726029157638550e-01
2.397714406251907349e-01
2.397703677415847778e-01
2.397692203521728516e-01
2.397680878639221191e-01
2.397670149803161621e-01
2.397659122943878174e-01
2.397648245096206665e-01
2.397636473178863525e-01
2.397625446319580078e-01
2.397615015506744385e-01
2.397603988647460938e-01
2.397592514753341675e-01
2.397581487894058228e-01
2.397570312023162842e-01
2.397559136152267456e-01
2.397547811269760132e-01
2.397537529468536377e-01
2.397526055574417114e-01
2.397515177726745605e-01
2.397503405809402466e-01
2.397493124008178711e-01
2.397482693195343018e-01
2.397471368312835693e-01
2.397460490465164185e-01
2.397449910640716553e-01
2.397438287734985352e-01
2.397428154945373535e-01
2.397416234016418457e-01
2.397406250238418579e-01
2.397395223379135132e-01
2.397384941577911377e-01
2.397374510765075684e-01
2.397363036870956421e-01
2.397352308034896851e-01
2.397341132164001465e-01
2.397330254316329956e-01
2.397320121526718140e-01
2.397308796644210815e-01
2.397298067808151245e-01
2.397287040948867798e-01
2.397276312112808228e-01
2.397265881299972534e-01
2.397254705429077148e-01
2.397244423627853394e-01
2.397233694791793823e-01
2.397222965955734253e-01
2.397211939096450806e-01
2.397201657295227051e-01
2.397191226482391357e-01
2.397180348634719849e-01
2.397168874740600586e-01
2.397158890962600708e-01
2.397148162126541138e-01
2.397137135267257690e-01
2.397127002477645874e-01
2.397115975618362427e-01
2.397105395793914795e-01
2.397094964981079102e-01
2.397083789110183716e-01
2.397073656320571899e-01
2.397062480449676514e-01
2.397052496671676636e-01
2.397042214870452881e-01
2.397031784057617188e-01
2.397020757198333740e-01
2.397010326385498047e-01
2.397000193595886230e-01
2.396989762783050537e-01
2.396979480981826782e-01
2.396969050168991089e-01
2.396958917379379272e-01
2.396948188543319702e-01
2.396937757730484009e-01
2.396927177906036377e-01
2.396916300058364868e-01
2.396906316280364990e-01
2.396895438432693481e-01
2.396885752677917480e-01
2.396874725818634033e-01
2.396864742040634155e-01
2.396854311227798462e-01
2.396844029426574707e-01
2.396834045648574829e-01
2.396823167800903320e-01
2.396812736988067627e-01
2.396802008152008057e-01
2.396792471408843994e-01
2.396781444549560547e-01
2.396771460771560669e-01
2.396761476993560791e-01
2.396751046180725098e-01
2.396741211414337158e-01
2.396730035543441772e-01
2.396719902753829956e-01
2.396709471940994263e-01
2.396698743104934692e-01
2.396689206361770630e-01
2.396679669618606567e-01
2.396669387817382812e-01
2.396658957004547119e-01
2.396649122238159180e-01
2.396639138460159302e-01
2.396628707647323608e-01
2.396618425846099854e-01
2.396607697010040283e-01
2.396598160266876221e-01
2.396587580442428589e-01
2.396577894687652588e-01
2.396567314863204956e-01
2.396557629108428955e-01
2.396546900272369385e-01
2.396537363529205322e-01
2.396527528762817383e-01
2.396516799926757812e-01
2.396507114171981812e-01
2.396496832370758057e-01
2.396487593650817871e-01
2.396477311849594116e-01
2.396467030048370361e-01
2.396456748247146606e-01
2.396446317434310913e-01
2.396436780691146851e-01
2.396426200866699219e-01
2.396416515111923218e-01
2.396406680345535278e-01
2.396396696567535400e-01
2.396386712789535522e-01
2.396377027034759521e-01
2.396366447210311890e-01
2.396356463432312012e-01
2.396346926689147949e-01
2.396336942911148071e-01
2.396327406167984009e-01
2.396317571401596069e-01
2.396307587623596191e-01
2.396297603845596313e-01
2.396287322044372559e-01
2.396277785301208496e-01
2.396267801523208618e-01
2.396257519721984863e-01
2.396247982978820801e-01
2.396238595247268677e-01
2.396228760480880737e-01
2.396218776702880859e-01
2.396208792924880981e-01
2.396198958158493042e-01
2.396188676357269287e-01
2.396179139614105225e-01
2.396169900894165039e-01
2.396160215139389038e-01
2.396150678396224976e-01
2.396140843629837036e-01
2.396130859851837158e-01
2.396121323108673096e-01
2.396111637353897095e-01
2.396102100610733032e-01
2.396092563867568970e-01
2.396082580089569092e-01
2.396073043346405029e-01
2.396063655614852905e-01
2.396053671836853027e-01
2.396044135093688965e-01
2.396034449338912964e-01
2.396024614572525024e-01
2.396014630794525146e-01
2.396004945039749146e-01
2.395995557308197021e-01
2.395986020565032959e-01
2.395976781845092773e-01
2.395967096090316772e-01
2.395957559347152710e-01
2.395948171615600586e-01
2.395937740802764893e-01
2.395928651094436646e-01
