7.626533508300781250e-02
7.626432180404663086e-02
7.626330852508544922e-02
7.626228779554367065e-02
7.626126706600189209e-02
7.626024633646011353e-02
7.625921815633773804e-02
7.625820487737655640e-02
7.625716924667358398e-02
7.625615596771240234e-02
7.625514268875122070e-02
7.625412195920944214e-02
7.625310122966766357e-02
7.625206559896469116e-02
7.625105977058410645e-02
7.625003159046173096e-02
7.624901831150054932e-02
7.624799758195877075e-02
7.624698430299758911e-02
7.624595612287521362e-02
7.624493539333343506e-02
7.624392211437225342e-02
7.624289393424987793e-02
7.624187320470809937e-02
7.624086737632751465e-02
7.623984664678573608e-02
7.623883336782455444e-02
7.623780518770217896e-02
7.623680680990219116e-02
7.623579353094100952e-02
7.623476535081863403e-02
7.623373717069625854e-02
7.623272389173507690e-02
7.623170316219329834e-02
7.623068243265151978e-02
7.622967660427093506e-02
7.622864842414855957e-02
7.622762769460678101e-02
7.622661441564559937e-02
7.622559368610382080e-02
7.622457295656204224e-02
7.622355222702026367e-02
7.622255384922027588e-02
7.622151821851730347e-02
7.622050493955612183e-02
7.621949166059494019e-02
7.621847838163375854e-02
7.621744275093078613e-02
7.621642947196960449e-02
7.621540874242782593e-02
7.621439546346664429e-02
7.621336728334426880e-02
7.621234655380249023e-02
7.621133327484130859e-02
7.621032744646072388e-02
7.620929926633834839e-02
7.620829343795776367e-02
7.620725780725479126e-02
7.620625197887420654e-02
7.620523124933242798e-02
7.620421797037124634e-02
7.620318979024887085e-02
7.620217651128768921e-02
7.620116323232650757e-02
7.620014995336532593e-02
7.619913667440414429e-02
7.619810104370117188e-02
7.619709521532058716e-02
7.619606703519821167e-02
7.619505375623703003e-02
7.619404047727584839e-02
7.619302719831466675e-02
7.619201391935348511e-02
7.619099318981170654e-02
7.618998736143112183e-02
7.618895173072814941e-02
7.618793845176696777e-02
7.618692517280578613e-02
7.618590444326400757e-02
7.618489116430282593e-02
7.618387788534164429e-02
7.618286460638046265e-02
7.618184387683868408e-02
7.618082314729690552e-02
7.617982476949691772e-02
7.617880403995513916e-02
7.617777585983276367e-02
7.617676258087158203e-02
7.617574185132980347e-02
7.617472112178802490e-02
7.617371529340744019e-02
7.617270201444625854e-02
7.617166638374328613e-02
7.617066800594329834e-02
7.616966217756271362e-02
7.616862654685974121e-02
7.616762071847915649e-02
7.616661489009857178e-02
7.616559416055679321e-02
7.616457343101501465e-02
7.616356015205383301e-02
7.616253197193145752e-02
7.616152614355087280e-02
7.616051286458969116e-02
7.615949958562850952e-02
7.615848630666732788e-02
7.615748047828674316e-02
7.615645974874496460e-02
7.615543156862258911e-02
7.615441828966140747e-02
7.615341246128082275e-02
7.615238428115844727e-02
7.615137845277786255e-02
7.615036517381668091e-02
7.614934444427490234e-02
7.614830881357192993e-02
7.614731788635253906e-02
7.614628225564956665e-02
7.614529132843017578e-02
7.614427059888839722e-02
7.614325731992721558e-02
7.614225149154663086e-02
7.614122331142425537e-02
7.614020258188247681e-02
7.613919675350189209e-02
7.613819092512130737e-02
7.613715529441833496e-02
7.613616436719894409e-02
7.613514363765716553e-02
7.613413035869598389e-02
7.613310962915420532e-02
7.613209635019302368e-02
7.613107562065124512e-02
7.613007724285125732e-02
7.612904906272888184e-02
7.612802833318710327e-02
7.612702250480651855e-02
7.612602412700653076e-02
7.612500339746475220e-02
7.612399011850357056e-02
7.612297683954238892e-02
7.612196356058120728e-02
7.612095028162002563e-02
7.611992210149765015e-02
7.611891627311706543e-02
7.611791044473648071e-02
7.611687481403350830e-02
7.611587643623352051e-02
7.611486315727233887e-02
7.611384987831115723e-02
7.611284404993057251e-02
7.611180841922760010e-02
7.611081004142761230e-02
7.610980421304702759e-02
7.610877603292465210e-02
7.610775530338287354e-02
7.610676437616348267e-02
7.610572874546051025e-02
7.610471546649932861e-02
7.610373198986053467e-02
7.610271126031875610e-02
7.610170543193817139e-02
7.610066980123519897e-02
7.609966397285461426e-02
7.609864324331283569e-02
7.609764486551284790e-02
7.609663158655166626e-02
7.609561085700988770e-02
7.609460502862930298e-02
7.609359174966812134e-02
7.609258592128753662e-02
7.609155029058456421e-02
7.609056681394577026e-02
7.608954608440399170e-02
7.608853280544281006e-02
7.608752697706222534e-02
7.608650624752044678e-02
7.608548551797866821e-02
7.608447968959808350e-02
7.608345896005630493e-02
7.608244568109512329e-02
7.608145475387573242e-02
7.608043402433395386e-02
7.607940584421157837e-02
7.607840001583099365e-02
7.607738673686981201e-02
7.607638090848922729e-02
7.607537508010864258e-02
7.607435435056686401e-02
7.607334852218627930e-02
7.607233524322509766e-02
7.607132196426391602e-02
7.607032358646392822e-02
7.606931030750274658e-02
7.606828212738037109e-02
7.606727629899978638e-02
7.606627047061920166e-02
7.606525719165802002e-02
7.606425881385803223e-02
7.606323063373565674e-02
7.606221735477447510e-02
7.606121152639389038e-02
7.606019079685211182e-02
7.605919986963272095e-02
7.605816423892974854e-02
7.605716586112976074e-02
7.605616003274917603e-02
7.605513930320739746e-02
7.605412602424621582e-02
7.605312764644622803e-02
7.605210691690444946e-02
7.605110108852386475e-02
7.605009526014328003e-02
7.604908198118209839e-02
7.604806870222091675e-02
7.604705542325973511e-02
7.604604214429855347e-02
7.604503631591796875e-02
7.604401558637619019e-02
7.604300230741500854e-02
7.604201883077621460e-02
7.604099065065383911e-02
7.603999972343444824e-02
7.603897899389266968e-02
7.603797316551208496e-02
7.603695988655090332e-02
7.603595405817031860e-02
7.603494077920913696e-02
7.603393495082855225e-02
7.603291422128677368e-02
7.603191584348678589e-02
7.603088766336441040e-02
7.602988928556442261e-02
7.602886855602264404e-02
7.602787762880325317e-02
7.602684944868087769e-02
7.602585107088088989e-02
7.602483779191970825e-02
7.602382451295852661e-02
7.602282613515853882e-02
7.602181285619735718e-02
7.602080702781677246e-02
7.601980119943618774e-02
7.601878792047500610e-02
7.601777464151382446e-02
7.601676881313323975e-02
7.601574808359146118e-02
7.601474225521087646e-02
7.601372897624969482e-02
7.601274549961090088e-02
7.601172477006912231e-02
7.601071894168853760e-02
7.600970566272735596e-02
7.600867748260498047e-02
7.600767910480499268e-02
7.600667327642440796e-02
7.600566744804382324e-02
7.600465416908264160e-02
7.600364834070205688e-02
7.600264996290206909e-02
7.600163668394088745e-02
7.600064575672149658e-02
7.599961757659912109e-02
7.599861174821853638e-02
7.599759846925735474e-02
7.599659264087677002e-02
7.599557936191558838e-02
7.599458098411560059e-02
7.599355280399322510e-02
7.599255442619323730e-02
7.599154859781265259e-02
7.599054276943206787e-02
7.598953694105148315e-02
7.598851621150970459e-02
7.598750293254852295e-02
7.598650455474853516e-02
7.598550617694854736e-02
7.598450779914855957e-02
7.598350197076797485e-02
7.598248124122619629e-02
7.598147541284561157e-02
7.598046213388442993e-02
7.597946375608444214e-02
7.597846537828445435e-02
7.597744464874267578e-02
7.597643882036209106e-02
7.597542554140090942e-02
7.597442716360092163e-02
7.597340643405914307e-02
7.597241550683975220e-02
7.597140967845916748e-02
7.597041130065917969e-02
7.596938312053680420e-02
7.596836984157562256e-02
7.596738636493682861e-02
7.596635818481445312e-02
7.596535980701446533e-02
7.596436887979507446e-02
7.596334815025329590e-02
7.596234232187271118e-02
7.596134394407272339e-02
7.596033811569213867e-02
7.595931738615036011e-02
7.595832645893096924e-02
7.595730572938919067e-02
7.595629990100860596e-02
7.595527917146682739e-02
7.595428824424743652e-02
7.595328241586685181e-02
7.595226913690567017e-02
7.595125585794448853e-02
7.595025002956390381e-02
7.594925165176391602e-02
7.594824582338333130e-02
7.594723999500274658e-02
7.594622671604156494e-02
7.594522833824157715e-02
7.594422250986099243e-02
7.594320923089981079e-02
7.594221085309982300e-02
7.594120502471923828e-02
7.594018429517745972e-02
7.593918591737747192e-02
7.593818008899688721e-02
7.593716681003570557e-02
7.593618333339691162e-02
7.593517005443572998e-02
7.593417912721633911e-02
7.593316584825515747e-02
7.593213766813278198e-02
7.593116164207458496e-02
7.593015581369400024e-02
7.592913508415222168e-02
7.592812925577163696e-02
7.592713832855224609e-02
7.592613250017166138e-02
7.592512667179107666e-02
7.592410594224929810e-02
7.592312246561050415e-02
7.592210173606872559e-02
7.592108100652694702e-02
7.592010498046875000e-02
7.591908425092697144e-02
7.591807842254638672e-02
7.591706514358520508e-02
7.591607421636581421e-02
7.591506093740463257e-02
7.591406255960464478e-02
7.591304928064346313e-02
7.591205090284347534e-02
7.591103762388229370e-02
7.591003179550170898e-02
7.590904086828231812e-02
7.590803503990173340e-02
7.590702921152114868e-02
7.590602338314056396e-02
7.590503990650177002e-02
7.590401917695999146e-02
7.590302824974060059e-02
7.590200752019882202e-02
7.590099424123764038e-02
7.590001076459884644e-02
7.589900493621826172e-02
7.589800655841827393e-02
7.589699327945709229e-02
7.589599490165710449e-02
7.589498907327651978e-02
7.589398324489593506e-02
7.589296996593475342e-02
7.589197903871536255e-02
7.589098066091537476e-02
7.588995993137359619e-02
7.588897645473480225e-02
7.588796317577362061e-02
7.588694989681243896e-02
7.588595896959304810e-02
7.588493824005126953e-02
7.588394731283187866e-02
7.588294893503189087e-02
7.588193565607070923e-02
7.588092982769012451e-02
7.587993890047073364e-02
7.587892562150955200e-02
7.587792724370956421e-02
7.587692886590957642e-02
7.587593048810958862e-02
7.587493211030960083e-02
7.587391138076782227e-02
7.587292790412902832e-02
7.587191462516784668e-02
7.587091624736785889e-02
7.586990296840667725e-02
7.586890459060668945e-02
7.586790621280670166e-02
7.586690038442611694e-02
7.586590945720672607e-02
7.586489617824554443e-02
7.586390525102615356e-02
7.586289197206497192e-02
7.586187869310379028e-02
7.586088776588439941e-02
7.585988193750381470e-02
7.585889101028442383e-02
7.585787773132324219e-02
7.585688680410385132e-02
7.585587352514266968e-02
7.585487514734268188e-02
7.585387676954269409e-02
7.585287839174270630e-02
7.585186511278152466e-02
7.585088163614273071e-02
7.584986835718154907e-02
7.584885507822036743e-02
7.584785670042037964e-02
7.584686577320098877e-02
7.584585249423980713e-02
7.584486901760101318e-02
7.584384828805923462e-02
7.584284991025924683e-02
7.584184408187866211e-02
7.584085315465927124e-02
7.583984732627868652e-02
7.583884149789810181e-02
7.583785057067871094e-02
7.583683729171752930e-02
7.583583891391754150e-02
7.583484053611755371e-02
7.583384215831756592e-02
7.583285123109817505e-02
7.583184540271759033e-02
7.583083212375640869e-02
7.582984864711761475e-02
7.582884281873703003e-02
7.582782953977584839e-02
7.582683116197586060e-02
7.582583278417587280e-02
7.582482695579528809e-02
7.582384347915649414e-02
7.582283020019531250e-02
7.582182437181472778e-02
7.582084089517593384e-02
7.581982761621475220e-02
7.581883668899536133e-02
7.581782341003417969e-02
7.581683248281478882e-02
7.581583410501480103e-02
7.581482827663421631e-02
7.581382989883422852e-02
7.581283152103424072e-02
7.581184804439544678e-02
7.581082731485366821e-02
7.580982148647308350e-02
7.580883055925369263e-02
7.580783218145370483e-02
7.580682635307312012e-02
7.580582052469253540e-02
7.580482959747314453e-02
7.580382376909255981e-02
7.580281794071197510e-02
7.580182701349258423e-02
7.580082863569259644e-02
7.579983025789260864e-02
7.579882442951202393e-02
7.579782605171203613e-02
7.579682022333145142e-02
7.579582184553146362e-02
7.579483836889266968e-02
7.579383254051208496e-02
7.579283416271209717e-02
7.579182088375091553e-02
7.579082995653152466e-02
7.578983157873153687e-02
7.578884810209274292e-02
7.578783482313156128e-02
7.578683644533157349e-02
7.578583806753158569e-02
7.578483968973159790e-02
7.578384131193161011e-02
7.578285038471221924e-02
7.578183710575103760e-02
7.578084617853164673e-02
7.577985525131225586e-02
7.577885687351226807e-02
7.577784359455108643e-02
7.577685266733169556e-02
7.577584683895111084e-02
7.577485591173171997e-02
7.577385008335113525e-02
7.577286660671234131e-02
7.577186822891235352e-02
7.577084749937057495e-02
7.576986402273178101e-02
7.576885819435119629e-02
7.576785981655120850e-02
7.576689124107360840e-02
7.576586306095123291e-02
7.576487958431243896e-02
7.576388120651245117e-02
7.576287537813186646e-02
7.576189935207366943e-02
