1.024911254644393921e-01
1.024900972843170166e-01
1.024890989065170288e-01
1.024880856275558472e-01
1.024870499968528748e-01
1.024860143661499023e-01
1.024850085377693176e-01
1.024839878082275391e-01
1.024829745292663574e-01
1.024819239974021912e-01
1.024809330701828003e-01
1.024798825383186340e-01
1.024788841605186462e-01
1.024778336286544800e-01
1.024768203496932983e-01
1.024758070707321167e-01
1.024747788906097412e-01
1.024737283587455750e-01
1.024727448821067810e-01
1.024717167019844055e-01
1.024706810712814331e-01
1.024696528911590576e-01
1.024686172604560852e-01
1.024676039814949036e-01
1.024665758013725281e-01
1.024655625224113464e-01
1.024645641446113586e-01
1.024635285139083862e-01
1.024624854326248169e-01
1.024614498019218445e-01
1.024604514241218567e-01
1.024594381451606750e-01
1.024583950638771057e-01
1.024573743343353271e-01
1.024563685059547424e-01
1.024553254246711731e-01
1.024543195962905884e-01
1.024532839655876160e-01
1.024522334337234497e-01
1.024512425065040588e-01
1.024502441287040710e-01
1.024492159485816956e-01
1.024481803178787231e-01
1.024471521377563477e-01
1.024461165070533752e-01
1.024451181292533875e-01
1.024441048502922058e-01
1.024430692195892334e-01
1.024420559406280518e-01
1.024410277605056763e-01
1.024400144815444946e-01
1.024389788508415222e-01
1.024379506707191467e-01
1.024369522929191589e-01
1.024359390139579773e-01
1.024349033832550049e-01
1.024338901042938232e-01
1.024328619241714478e-01
1.024318486452102661e-01
1.024308204650878906e-01
1.024297997355461121e-01
1.024287715554237366e-01
1.024277731776237488e-01
1.024267598986625671e-01
1.024257093667984009e-01
1.024246811866760254e-01
1.024236679077148438e-01
1.024226546287536621e-01
1.024216189980506897e-01
1.024206057190895081e-01
1.024195775389671326e-01
1.024185940623283386e-01
1.024175435304641724e-01
1.024165153503417969e-01
1.024155020713806152e-01
1.024144887924194336e-01
1.024134755134582520e-01
1.024124398827552795e-01
1.024114415049552917e-01
1.024103984236717224e-01
1.024094000458717346e-01
1.024083718657493591e-01
1.024073511362075806e-01
1.024063378572463989e-01
1.024053245782852173e-01
1.024042963981628418e-01
1.024032682180404663e-01
1.024022474884986877e-01
1.024012193083763123e-01
1.024002209305763245e-01
1.023992300033569336e-01
1.023981794714927673e-01
1.023971736431121826e-01
1.023961603641510010e-01
1.023951321840286255e-01
1.023941114544868469e-01
1.023930981755256653e-01
1.023920774459838867e-01
1.023910492658615112e-01
1.023900434374809265e-01
1.023890227079391479e-01
1.023879870772361755e-01
1.023869961500167847e-01
1.023859530687332153e-01
1.023849323391914368e-01
1.023839190602302551e-01
1.023829057812690735e-01
1.023818850517272949e-01
1.023808568716049194e-01
1.023798435926437378e-01
1.023788228631019592e-01
1.023778244853019714e-01
1.023768037557601929e-01
1.023757830262184143e-01
1.023747622966766357e-01
1.023737415671348572e-01
1.023727208375930786e-01
1.023717001080513000e-01
1.023706868290901184e-01
1.023696810007095337e-01
1.023686379194259644e-01
1.023676320910453796e-01
1.023666113615036011e-01
1.023656055331230164e-01
1.023645997047424316e-01
1.023635640740394592e-01
1.023625209927558899e-01
1.023615151643753052e-01
1.023604869842529297e-01
1.023594737052917480e-01
1.023584753274917603e-01
1.023574620485305786e-01
1.023564487695693970e-01
1.023554280400276184e-01
1.023544147610664368e-01
1.023533716797828674e-01
1.023523584008216858e-01
1.023513376712799072e-01
1.023503243923187256e-01
1.023493260145187378e-01
1.023483052849769592e-01
1.023472845554351807e-01
1.023462861776351929e-01
1.023452654480934143e-01
1.023442223668098450e-01
1.023432165384292603e-01
1.023421958088874817e-01
1.023411899805068970e-01
1.023401767015457153e-01
1.023391634225845337e-01
1.023381277918815613e-01
1.023371219635009766e-01
1.023361161351203918e-01
1.023351103067398071e-01
1.023340672254562378e-01
1.023330762982368469e-01
1.023320630192756653e-01
1.023310348391532898e-01
1.023300141096115112e-01
1.023289859294891357e-01
1.023279801011085510e-01
1.023269817233085632e-01
1.023259609937667847e-01
1.023249328136444092e-01
1.023239269852638245e-01
1.023228913545608521e-01
1.023219078779220581e-01
1.023208647966384888e-01
1.023198366165161133e-01
1.023188382387161255e-01
1.023178249597549438e-01
1.023167967796325684e-01
1.023157984018325806e-01
1.023147925734519958e-01
1.023137569427490234e-01
1.023127436637878418e-01
1.023117378354072571e-01
1.023107171058654785e-01
1.023097261786460876e-01
1.023087128996849060e-01
1.023076698184013367e-01
1.023066565394401550e-01
1.023056730628013611e-01
1.023046448826789856e-01
1.023036167025566101e-01
1.023026108741760254e-01
1.023015901446342468e-01
1.023005768656730652e-01
1.022995561361312866e-01
1.022985503077507019e-01
1.022975370287895203e-01
1.022965237498283386e-01
1.022955104708671570e-01
1.022944971919059753e-01
1.022934690117835999e-01
1.022924780845642090e-01
1.022914648056030273e-01
1.022904664278030396e-01
1.022894307971000671e-01
1.022884175181388855e-01
1.022873893380165100e-01
1.022863984107971191e-01
1.022853925824165344e-01
1.022843718528747559e-01
1.022833660244941711e-01
1.022823452949523926e-01
1.022813320159912109e-01
1.022803261876106262e-01
1.022793054580688477e-01
1.022782921791076660e-01
1.022772863507270813e-01
1.022762581706047058e-01
1.022752597928047180e-01
1.022742465138435364e-01
1.022732406854629517e-01
1.022722274065017700e-01
1.022712066769599915e-01
1.022701933979988098e-01
1.022691875696182251e-01
1.022681668400764465e-01
1.022671535611152649e-01
1.022661402821540833e-01
1.022651270031929016e-01
1.022641137242317200e-01
1.022631227970123291e-01
1.022621095180511475e-01
1.022611036896705627e-01
1.022600829601287842e-01
1.022590547800064087e-01
1.022580415010452271e-01
1.022570356726646423e-01
1.022560298442840576e-01
1.022550016641616821e-01
1.022540107369422913e-01
1.022529825568199158e-01
1.022519618272781372e-01
1.022509783506393433e-01
1.022499501705169678e-01
1.022489517927169800e-01
1.022479385137557983e-01
1.022469252347946167e-01
1.022459119558334351e-01
1.022449061274528503e-01
1.022438928484916687e-01
1.022428721189498901e-01
1.022418737411499023e-01
1.022408604621887207e-01
1.022398471832275391e-01
1.022388190031051636e-01
1.022378206253051758e-01
1.022368296980857849e-01
1.022357940673828125e-01
1.022347807884216309e-01
1.022337675094604492e-01
1.022327765822410583e-01
1.022317707538604736e-01
1.022307574748992920e-01
1.022297292947769165e-01
1.022287309169769287e-01
1.022277250885963440e-01
1.022266820073127747e-01
1.022257059812545776e-01
1.022246703505516052e-01
1.022236719727516174e-01
1.022226512432098389e-01
1.022216603159904480e-01
1.022206395864486694e-01
1.022196188569068909e-01
1.022186130285263062e-01
1.022176295518875122e-01
1.022165864706039429e-01
1.022156104445457458e-01
1.022145971655845642e-01
1.022135689854621887e-01
1.022125780582427979e-01
1.022115647792816162e-01
1.022105440497398376e-01
1.022095307707786560e-01
1.022085323929786682e-01
1.022075191140174866e-01
1.022065132856369019e-01
1.022055149078369141e-01
1.022045016288757324e-01
1.022035032510757446e-01
1.022024899721145630e-01
1.022014841437339783e-01
1.022004708647727966e-01
1.021994650363922119e-01
1.021984368562698364e-01
1.021974384784698486e-01
1.021964401006698608e-01
1.021954193711280823e-01
1.021944060921669006e-01
1.021934002637863159e-01
1.021923944354057312e-01
1.021914035081863403e-01
1.021903827786445618e-01
1.021893545985221863e-01
1.021883636713027954e-01
1.021873652935028076e-01
1.021863520145416260e-01
1.021853461861610413e-01
1.021843329071998596e-01
1.021833270788192749e-01
1.021822914481163025e-01
1.021813005208969116e-01
1.021802946925163269e-01
1.021792963147163391e-01
1.021782904863357544e-01
1.021772623062133789e-01
1.021762713789939880e-01
1.021752730011940002e-01
1.021742299199104309e-01
1.021732389926910400e-01
1.021722331643104553e-01
1.021712273359298706e-01
1.021702066063880920e-01
1.021692156791687012e-01
1.021682098507881165e-01
1.021672114729881287e-01
1.021661907434463501e-01
1.021651998162269592e-01
1.021641939878463745e-01
1.021631881594657898e-01
1.021621748805046082e-01
1.021611541509628296e-01
1.021601408720016479e-01
1.021591424942016602e-01
1.021581515669822693e-01
1.021571382880210876e-01
1.021561548113822937e-01
1.021551266312599182e-01
1.021541133522987366e-01
1.021531000733375549e-01
1.021521240472793579e-01
1.021510884165763855e-01
1.021500825881958008e-01
1.021490842103958130e-01
1.021480783820152283e-01
1.021470800042152405e-01
1.021460965275764465e-01
1.021450757980346680e-01
1.021440476179122925e-01
1.021430417895317078e-01
1.021420508623123169e-01
1.021410524845123291e-01
1.021400541067123413e-01
1.021390259265899658e-01
1.021380275487899780e-01
1.021370291709899902e-01
1.021360233426094055e-01
1.021350249648094177e-01
1.021339967846870422e-01
1.021330133080482483e-01
1.021320000290870667e-01
1.021309942007064819e-01
1.021299958229064941e-01
1.021289899945259094e-01
1.021279990673065186e-01
1.021269708871841431e-01
1.021259799599647522e-01
1.021249815821647644e-01
1.021239534020423889e-01
1.021229624748229980e-01
1.021219417452812195e-01
1.021209433674812317e-01
1.021199300885200500e-01
1.021189391613006592e-01
1.021179258823394775e-01
1.021169275045394897e-01
1.021159365773200989e-01
1.021149083971977234e-01
1.021139100193977356e-01
1.021129190921783447e-01
1.021118909120559692e-01
1.021108999848365784e-01
1.021099090576171875e-01
1.021089106798171997e-01
1.021078750491142273e-01
1.021068990230560303e-01
1.021058931946754456e-01
1.021048799157142639e-01
1.021038889884948730e-01
1.021028608083724976e-01
1.021018624305725098e-01
1.021008640527725220e-01
1.020998433232307434e-01
1.020988672971725464e-01
1.020978540182113647e-01
1.020968481898307800e-01
1.020958572626113892e-01
1.020948365330696106e-01
1.020938307046890259e-01
1.020928248763084412e-01
1.020918190479278564e-01
1.020908281207084656e-01
1.020898297429084778e-01
1.020888239145278931e-01
1.020878329873085022e-01
1.020868122577667236e-01
1.020858138799667358e-01
1.020847931504249573e-01
1.020837947726249695e-01
1.020827963948249817e-01
1.020817980170249939e-01
1.020807921886444092e-01
1.020797863602638245e-01
1.020788028836250305e-01
1.020777970552444458e-01
1.020767912268638611e-01
1.020757779479026794e-01
1.020747721195220947e-01
1.020737737417221069e-01
1.020727753639221191e-01
1.020717918872833252e-01
1.020707860589027405e-01
1.020697727799415588e-01
1.020687669515609741e-01
1.020677611231803894e-01
1.020667627453804016e-01
1.020657494664192200e-01
1.020647585391998291e-01
1.020637527108192444e-01
1.020627468824386597e-01
1.020617485046386719e-01
1.020607575774192810e-01
1.020597517490386963e-01
1.020587533712387085e-01
1.020577549934387207e-01
1.020567566156387329e-01
1.020557433366775513e-01
1.020547226071357727e-01
1.020537614822387695e-01
1.020527407526969910e-01
1.020517423748970032e-01
1.020507514476776123e-01
1.020497530698776245e-01
1.020487323403358459e-01
1.020477488636970520e-01
1.020467504858970642e-01
1.020457446575164795e-01
1.020447537302970886e-01
1.020437404513359070e-01
1.020427495241165161e-01
1.020417287945747375e-01
1.020407453179359436e-01
1.020397320389747620e-01
1.020387411117553711e-01
1.020377352833747864e-01
1.020367443561553955e-01
1.020357385277748108e-01
1.020347476005554199e-01
1.020337417721748352e-01
1.020327359437942505e-01
1.020317375659942627e-01
1.020307466387748718e-01
1.020297333598136902e-01
1.020287424325942993e-01
1.020277440547943115e-01
1.020267531275749207e-01
1.020257323980331421e-01
1.020247563719749451e-01
1.020237356424331665e-01
1.020227298140525818e-01
1.020217314362525940e-01
1.020207405090332031e-01
1.020197421312332153e-01
1.020187586545944214e-01
1.020177528262138367e-01
1.020167693495750427e-01
1.020157411694526672e-01
1.020147427916526794e-01
1.020137369632720947e-01
1.020127460360527039e-01
1.020117476582527161e-01
1.020107492804527283e-01
1.020097658038139343e-01
1.020087599754333496e-01
1.020077615976333618e-01
1.020067781209945679e-01
1.020057648420333862e-01
1.020047664642333984e-01
1.020037755370140076e-01
1.020027697086334229e-01
1.020017713308334351e-01
1.020007580518722534e-01
1.019997745752334595e-01
1.019987761974334717e-01
1.019977927207946777e-01
1.019967719912528992e-01
1.019957736134529114e-01
1.019947901368141174e-01
1.019937843084335327e-01
1.019927710294723511e-01
1.019917801022529602e-01
1.019907891750335693e-01
1.019897758960723877e-01
1.019887849688529968e-01
1.019877865910530090e-01
1.019868180155754089e-01
