3.546510590240359306e-03
3.545369720086455345e-03
3.544227220118045807e-03
3.543085185810923576e-03
3.541942918673157692e-03
3.540800884366035461e-03
3.539656754583120346e-03
3.538514254614710808e-03
3.537370590493083000e-03
3.536226693540811539e-03
3.535083495080471039e-03
3.533938899636268616e-03
3.532793140038847923e-03
3.531649010255932808e-03
3.530502784997224808e-03
3.529356792569160461e-03
3.528210334479808807e-03
3.527063410729169846e-03
3.525915555655956268e-03
3.524768166244029999e-03
3.523619845509529114e-03
3.522470127791166306e-03
3.521321574226021767e-03
3.520171390846371651e-03
3.519020741805434227e-03
3.517869161441922188e-03
3.516717813909053802e-03
3.515565767884254456e-03
3.514412790536880493e-03
3.513259114697575569e-03
3.512104507535696030e-03
3.510949434712529182e-03
3.509793430566787720e-03
3.508636495098471642e-03
3.507478628307580948e-03
3.506321692839264870e-03
3.505161730572581291e-03
3.504002466797828674e-03
3.502841573208570480e-03
3.501680446788668633e-03
3.500517690554261208e-03
3.499354235827922821e-03
3.498189151287078857e-03
3.497024998068809509e-03
3.495858283713459969e-03
3.494691569358110428e-03
3.493522992357611656e-03
3.492353716865181923e-03
3.491183742880821228e-03
3.490011906251311302e-03
3.488838905468583107e-03
3.487665671855211258e-03
3.486490342766046524e-03
3.485313383862376213e-03
3.484136192128062248e-03
3.482957137748599052e-03
3.481776919215917587e-03
3.480594139546155930e-03
3.479412058368325233e-03
3.478226950392127037e-03
3.477041609585285187e-03
3.475853707641363144e-03
3.474665340036153793e-03
3.473474411293864250e-03
3.472282784059643745e-03
3.471088828518986702e-03
3.469893941655755043e-03
3.468696959316730499e-03
3.467498347163200378e-03
3.466297872364521027e-03
3.465096233412623405e-03
3.463891334831714630e-03
3.462685504928231239e-03
3.461477579548954964e-03
3.460268024355173111e-03
3.459056373685598373e-03
3.457842161878943443e-03
3.456626553088426590e-03
3.455408150330185890e-03
3.454188117757439613e-03
3.452965989708900452e-03
3.451740602031350136e-03
3.450514515861868858e-03
3.449284704402089119e-03
3.448053728789091110e-03
3.446819260716438293e-03
3.445582929998636246e-03
3.444344038143754005e-03
3.443101188167929649e-03
3.441857174038887024e-03
3.440610133111476898e-03
3.439360065385699272e-03
3.438107669353485107e-03
3.436852246522903442e-03
3.435594262555241585e-03
3.434333018958568573e-03
3.433068748563528061e-03
3.431800752878189087e-03
3.430530196055769920e-03
3.429256845265626907e-03
3.427980002015829086e-03
3.426698967814445496e-03
3.425415838137269020e-03
3.424128284677863121e-03
3.422837005928158760e-03
3.421542700380086899e-03
3.420246066525578499e-03
3.418943379074335098e-03
3.417637664824724197e-03
3.416328458115458488e-03
3.415015060454607010e-03
3.413697704672813416e-03
3.412376390770077705e-03
3.411050885915756226e-03
3.409720724448561668e-03
3.408385906368494034e-03
3.407047362998127937e-03
3.405704163014888763e-03
3.404356073588132858e-03
3.403003327548503876e-03
3.401646390557289124e-03
3.400283865630626678e-03
3.398916684091091156e-03
3.397544380277395248e-03
3.396168584004044533e-03
3.394785802811384201e-03
3.393397899344563484e-03
3.392005572095513344e-03
3.390606725588440895e-03
3.389202989637851715e-03
3.387793432921171188e-03
3.386376658454537392e-03
3.384955693036317825e-03
3.383528906852006912e-03
3.382095834240317345e-03
3.380655776709318161e-03
3.379209199920296669e-03
3.377756103873252869e-03
3.376298118382692337e-03
3.374831750988960266e-03
3.373360028490424156e-03
3.371881088241934776e-03
3.370394930243492126e-03
3.368902252987027168e-03
3.367401892319321632e-03
3.365893149748444557e-03
3.364378819242119789e-03
3.362855874001979828e-03
3.361325478181242943e-03
3.359786933287978172e-03
3.358241170644760132e-03
3.356687258929014206e-03
3.355125430971384048e-03
3.353554522618651390e-03
3.351975930854678154e-03
3.350388258695602417e-03
3.348791971802711487e-03
3.347187070176005363e-03
3.345573786646127701e-03
3.343951422721147537e-03
3.342319512739777565e-03
3.340678755193948746e-03
3.339028218761086464e-03
3.337368834763765335e-03
3.335699439048767090e-03
3.334020730108022690e-03
3.332331543788313866e-03
3.330632811412215233e-03
3.328924532979726791e-03
3.327205311506986618e-03
3.325475612655282021e-03
3.323736600577831268e-03
3.321986878290772438e-03
3.320226212963461876e-03
3.318455535918474197e-03
3.316672984510660172e-03
3.314881119877099991e-03
3.313077613711357117e-03
3.311263164505362511e-03
3.309438005089759827e-03
3.307600738480687141e-03
3.305753692984580994e-03
3.303894540295004845e-03
3.302024444565176964e-03
3.300142707303166389e-03
3.298250259831547737e-03
3.296346170827746391e-03
3.294430207461118698e-03
3.292503301054239273e-03
3.290565218776464462e-03
3.288615029305219650e-03
3.286653896793723106e-03
3.284680889919400215e-03
3.282696940004825592e-03
3.280701814219355583e-03
3.278695279732346535e-03
3.276677802205085754e-03
3.274648683145642281e-03
3.272608155384659767e-03
3.270556917414069176e-03
3.268494736403226852e-03
3.266422543674707413e-03
3.264339175075292587e-03
3.262246027588844299e-03
3.260140540078282356e-03
3.258025739341974258e-03
3.255901625379920006e-03
3.253767499700188637e-03
3.251623595133423805e-03
3.249468980357050896e-03
3.247305983677506447e-03
3.245134372264146805e-03
3.242953913286328316e-03
3.240763908252120018e-03
3.238566918298602104e-03
3.236361313611268997e-03
3.234147327020764351e-03
3.231926821172237396e-03
3.229698166251182556e-03
3.227463224902749062e-03
3.225221997126936913e-03
3.222974017262458801e-03
3.220720216631889343e-03
3.218461293727159500e-03
3.216196782886981964e-03
3.213927382603287697e-03
3.211654722690582275e-03
3.209376242011785507e-03
3.207093803212046623e-03
3.204809501767158508e-03
3.202520776540040970e-03
3.200230421498417854e-03
3.197937505319714546e-03
3.195643657818436623e-03
3.193346783518791199e-03
3.191049210727214813e-03
3.188750939443707466e-03
3.186452202498912811e-03
3.184153931215405464e-03
3.181856125593185425e-03
3.179559251293540001e-03
3.177264239639043808e-03
3.174969693645834923e-03
3.172677243128418922e-03
3.170387120917439461e-03
3.168099559843540192e-03
3.165815956890583038e-03
3.163534915074706078e-03
3.161257365718483925e-03
3.158983774483203888e-03
3.156715072691440582e-03
3.154451260343194008e-03
3.152191406115889549e-03
3.149936906993389130e-03
3.147688927128911018e-03
3.145446302369236946e-03
3.143209964036941528e-03
3.140979679301381111e-03
3.138756146654486656e-03
3.136539831757545471e-03
3.134330967441201210e-03
3.132128389552235603e-03
3.129933960735797882e-03
3.127747448161244392e-03
3.125568618997931480e-03
3.123398404568433762e-03
3.121236339211463928e-03
3.119082190096378326e-03
3.116937587037682533e-03
3.114801365882158279e-03
3.112674690783023834e-03
3.110556397587060928e-03
3.108448116108775139e-03
3.106348915025591850e-03
3.104259027168154716e-03
3.102179383859038353e-03
3.100108820945024490e-03
3.098048502579331398e-03
3.095997497439384460e-03
3.093956969678401947e-03
3.091926686465740204e-03
3.089906414970755577e-03
3.087895689532160759e-03
3.085895208641886711e-03
3.083905205130577087e-03
3.081925678998231888e-03
3.079955931752920151e-03
3.077997127547860146e-03
3.076048335060477257e-03
3.074108855798840523e-03
3.072181250900030136e-03
3.070263192057609558e-03
3.068356076255440712e-03
3.066458972170948982e-03
3.064572112634778023e-03
3.062695963308215141e-03
3.060829592868685722e-03
3.058974165469408035e-03
3.057128284126520157e-03
3.055292414501309395e-03
3.053467720746994019e-03
3.051652107387781143e-03
3.049847437068820000e-03
3.048052312806248665e-03
3.046267433091998100e-03
3.044492099434137344e-03
3.042727941647171974e-03
3.040971467271447182e-03
3.039226634427905083e-03
3.037490881979465485e-03
3.035764908418059349e-03
3.034048946574330330e-03
3.032341832295060158e-03
3.030644496902823448e-03
3.028956707566976547e-03
3.027277998626232147e-03
3.025608602911233902e-03
3.023948054760694504e-03
3.022297983989119530e-03
3.020656295120716095e-03
3.019023686647415161e-03
3.017399460077285767e-03
3.015785012394189835e-03
3.014178480952978134e-03
3.012581029906868935e-03
3.010992659255862236e-03
3.009412437677383423e-03
3.007840365171432495e-03
3.006276907399296761e-03
3.004722530022263527e-03
3.003175603225827217e-03
3.001637523993849754e-03
3.000106662511825562e-03
2.998584648594260216e-03
2.997070318087935448e-03
2.995563438162207603e-03
2.994064707309007645e-03
2.992573659867048264e-03
2.991090063005685806e-03
2.989614382386207581e-03
2.988146152347326279e-03
2.986684907227754593e-03
2.985232044011354446e-03
2.983785932883620262e-03
2.982346806675195694e-03
2.980915131047368050e-03
2.979490207508206367e-03
2.978071570396423340e-03
2.976660849526524544e-03
2.975256647914648056e-03
2.973859431222081184e-03
2.972468268126249313e-03
2.971084322780370712e-03
2.969706431031227112e-03
2.968335757032036781e-03
2.966970903798937798e-03
2.965612802654504776e-03
2.964260056614875793e-03
2.962914528325200081e-03
2.961574820801615715e-03
2.960241166874766350e-03
2.958913566544651985e-03
2.957591554149985313e-03
2.956275362521409988e-03
2.954965690150856972e-03
2.953660674393177032e-03
2.952361945062875748e-03
2.951069269329309464e-03
2.949781715869903564e-03
2.948499983176589012e-03
2.947222907096147537e-03
2.945951186120510101e-03
2.944686217233538628e-03
2.943425206467509270e-03
2.942169085144996643e-03
2.940919483080506325e-03
2.939673839136958122e-03
2.938433550298213959e-03
2.937198150902986526e-03
2.935967873781919479e-03
2.934742486104369164e-03
2.933521755039691925e-03
2.932305913418531418e-03
2.931094495579600334e-03
2.929887734353542328e-03
2.928685862571001053e-03
2.927488181740045547e-03
2.926295157521963120e-03
2.925106324255466461e-03
2.923923078924417496e-03
2.922742860391736031e-03
2.921567531302571297e-03
2.920396393164992332e-03
2.919229213148355484e-03
2.918066224083304405e-03
2.916907193139195442e-03
2.915752585977315903e-03
2.914602402597665787e-03
2.913456177338957787e-03
2.912312746047973633e-03
2.911174437031149864e-03
2.910039620473980904e-03
2.908908296376466751e-03
2.907780697569251060e-03
2.906657289713621140e-03
2.905537374317646027e-03
2.904421184211969376e-03
2.903308719396591187e-03
2.902199281379580498e-03
2.901094267144799232e-03
2.899992046877741814e-03
2.898893319070339203e-03
2.897798316553235054e-03
2.896705875173211098e-03
2.895618090406060219e-03
2.894532866775989532e-03
2.893451135605573654e-03
2.892372664064168930e-03
2.891298383474349976e-03
2.890225499868392944e-03
2.889156807214021683e-03
2.888091141358017921e-03
2.887028036639094353e-03
2.885968890041112900e-03
2.884911838918924332e-03
2.883857814595103264e-03
2.882807282730937004e-03
2.881760476157069206e-03
2.880715532228350639e-03
2.879673149436712265e-03
2.878634724766016006e-03
2.877597929909825325e-03
2.876564860343933105e-03
2.875533420592546463e-03
2.874505938962101936e-03
2.873481018468737602e-03
2.872458193451166153e-03
2.871438395231962204e-03
2.870421623811125755e-03
2.869406249374151230e-03
2.868394367396831512e-03
2.867385046556591988e-03
2.866377821192145348e-03
2.865373156964778900e-03
2.864371286705136299e-03
2.863371977582573891e-03
2.862374531105160713e-03
2.861380344256758690e-03
2.860388020053505898e-03
2.859398024156689644e-03
2.858410589396953583e-03
2.857425017282366753e-03
2.856442006304860115e-03
2.855461789295077324e-03
2.854483202099800110e-03
2.853506943210959435e-03
2.852533245459198952e-03
2.851562108844518661e-03
2.850591903552412987e-03
2.849624725058674812e-03
2.848658943548798561e-03
2.847696188837289810e-03
2.846735529601573944e-03
2.845776267349720001e-03
2.844818867743015289e-03
2.843863796442747116e-03
2.842911286279559135e-03
2.841960638761520386e-03
2.841011621057987213e-03
2.840065164491534233e-03
2.839120570570230484e-03
2.838177839294075966e-03
2.837236505001783371e-03
2.836297266185283661e-03
2.835359657183289528e-03
2.834424842149019241e-03
2.833491191267967224e-03
2.832560334354639053e-03
2.831629943102598190e-03
2.830702112987637520e-03
2.829775679856538773e-03
2.828851342201232910e-03
2.827928634360432625e-03
2.827008254826068878e-03
2.826089039444923401e-03
2.825171453878283501e-03
2.824255498126149178e-03
2.823341870680451393e-03
2.822429873049259186e-03
2.821518806740641594e-03
2.820610068738460541e-03
2.819702494889497757e-03
2.818797016516327858e-03
2.817892935127019882e-03
2.816990716382861137e-03
2.816090127453207970e-03
2.815190935507416725e-03
2.814292674884200096e-03
2.813396975398063660e-03
2.812502207234501839e-03
