1.133622527122497559e-01
1.133611947298049927e-01
1.133601963520050049e-01
1.133591532707214355e-01
1.133580952882766724e-01
1.133570522069931030e-01
1.133560091257095337e-01
1.133549809455871582e-01
1.133539453148841858e-01
1.133528798818588257e-01
1.133518666028976440e-01
1.133508458733558655e-01
1.133497804403305054e-01
1.133487522602081299e-01
1.133477315306663513e-01
1.133466809988021851e-01
1.133456453680992126e-01
1.133446022868156433e-01
1.133435815572738647e-01
1.133425310254096985e-01
1.133414804935455322e-01
1.133404448628425598e-01
1.133394315838813782e-01
1.133383661508560181e-01
1.133373305201530457e-01
1.133363023400306702e-01
1.133352816104888916e-01
1.133342310786247253e-01
1.133332177996635437e-01
1.133321747183799744e-01
1.133311167359352112e-01
1.133301034569740295e-01
1.133290529251098633e-01
1.133280172944068909e-01
1.133269742131233215e-01
1.133259534835815430e-01
1.133249029517173767e-01
1.133238896727561951e-01
1.133228540420532227e-01
1.133218109607696533e-01
1.133207678794860840e-01
1.133197396993637085e-01
1.133187115192413330e-01
1.133176535367965698e-01
1.133166253566741943e-01
1.133155897259712219e-01
1.133145615458488464e-01
1.133135259151458740e-01
1.133124902844429016e-01
1.133114621043205261e-01
1.133104264736175537e-01
1.133093982934951782e-01
1.133083626627922058e-01
1.133073344826698303e-01
1.133062839508056641e-01
1.133052483201026917e-01
1.133042201399803162e-01
1.133031845092773438e-01
1.133021339774131775e-01
1.133011132478713989e-01
1.133000850677490234e-01
1.132990717887878418e-01
1.132980138063430786e-01
1.132969707250595093e-01
1.132959499955177307e-01
1.132949218153953552e-01
1.132938861846923828e-01
1.132928580045700073e-01
1.132918223738670349e-01
1.132907867431640625e-01
1.132897436618804932e-01
1.132887229323387146e-01
1.132876798510551453e-01
1.132866665720939636e-01
1.132856309413909912e-01
1.132845804095268250e-01
1.132835820317268372e-01
1.132825165987014771e-01
1.132814958691596985e-01
1.132804453372955322e-01
1.132794097065925598e-01
1.132784038782119751e-01
1.132773533463478088e-01
1.132763400673866272e-01
1.132753193378448486e-01
1.132742688059806824e-01
1.132732406258583069e-01
1.132722198963165283e-01
1.132711768150329590e-01
1.132701560854911804e-01
1.132691279053688049e-01
1.132680997252464294e-01
1.132670789957046509e-01
1.132660284638404846e-01
1.132649928331375122e-01
1.132639795541763306e-01
1.132629364728927612e-01
1.132619157433509827e-01
1.132608875632286072e-01
1.132598519325256348e-01
1.132588386535644531e-01
1.132577881217002869e-01
1.132567599415779114e-01
1.132557243108749390e-01
1.132547259330749512e-01
1.132536828517913818e-01
1.132526770234107971e-01
1.132516339421272278e-01
1.132505834102630615e-01
1.132495850324630737e-01
1.132485345005989075e-01
1.132475212216377258e-01
1.132464855909347534e-01
1.132454350590705872e-01
1.132444366812705994e-01
1.132433861494064331e-01
1.132423728704452515e-01
1.132413446903228760e-01
1.132402941584587097e-01
1.132392585277557373e-01
1.132382452487945557e-01
1.132371947169303894e-01
1.132362037897109985e-01
1.132351830601692200e-01
1.132341548800468445e-01
1.132331043481826782e-01
1.132320836186408997e-01
1.132310554385185242e-01
1.132300198078155518e-01
1.132290139794349670e-01
1.132279634475708008e-01
1.132269427180290222e-01
1.132259294390678406e-01
1.132249161601066589e-01
1.132238507270812988e-01
1.132228523492813110e-01
1.132218018174171448e-01
1.132207661867141724e-01
1.132197752594947815e-01
1.132187396287918091e-01
1.132177263498306274e-01
1.132166758179664612e-01
1.132156625390052795e-01
1.132146492600440979e-01
1.132136136293411255e-01
1.132125705480575562e-01
1.132115498185157776e-01
1.132105216383934021e-01
1.132095232605934143e-01
1.132084801793098450e-01
1.132074743509292603e-01
1.132064238190650940e-01
1.132054105401039124e-01
1.132043600082397461e-01
1.132033690810203552e-01
1.132023334503173828e-01
1.132012903690338135e-01
1.132002770900726318e-01
1.131992712616920471e-01
1.131982430815696716e-01
1.131972074508666992e-01
1.131961941719055176e-01
1.131951287388801575e-01
1.131941378116607666e-01
1.131931021809577942e-01
1.131921038031578064e-01
1.131910756230354309e-01
1.131900399923324585e-01
1.131890043616294861e-01
1.131879985332489014e-01
1.131869480013847351e-01
1.131859347224235535e-01
1.131849214434623718e-01
1.131838858127593994e-01
1.131828874349594116e-01
1.131818518042564392e-01
1.131808087229728699e-01
1.131797954440116882e-01
1.131787598133087158e-01
1.131777614355087280e-01
1.131767183542251587e-01
1.131757199764251709e-01
1.131746917963027954e-01
1.131736710667610168e-01
1.131726428866386414e-01
1.131716221570968628e-01
1.131706088781356812e-01
1.131695955991744995e-01
1.131685450673103333e-01
1.131675392389297485e-01
1.131665259599685669e-01
1.131654903292655945e-01
1.131644770503044128e-01
1.131634488701820374e-01
1.131624281406402588e-01
1.131613925099372864e-01
1.131603866815567017e-01
1.131593659520149231e-01
1.131583377718925476e-01
1.131573244929313660e-01
1.131562739610671997e-01
1.131553128361701965e-01
1.131542697548866272e-01
1.131532341241836548e-01
1.131522059440612793e-01
1.131511852145195007e-01
1.131501570343971252e-01
1.131491586565971375e-01
1.131481230258941650e-01
1.131471171975135803e-01
1.131460815668106079e-01
1.131450906395912170e-01
1.131440699100494385e-01
1.131430268287658691e-01
1.131420135498046875e-01
1.131409779191017151e-01
1.131399869918823242e-01
1.131389662623405457e-01
1.131379306316375732e-01
1.131369173526763916e-01
1.131359040737152100e-01
1.131348982453346252e-01
1.131338477134704590e-01
1.131328493356704712e-01
1.131318211555480957e-01
1.131308078765869141e-01
1.131297871470451355e-01
1.131287738680839539e-01
1.131277456879615784e-01
1.131267175078392029e-01
1.131257116794586182e-01
1.131247207522392273e-01
1.131236702203750610e-01
1.131226569414138794e-01
1.131216585636138916e-01
1.131206452846527100e-01
1.131195947527885437e-01
1.131185814738273621e-01
1.131175681948661804e-01
1.131165549159049988e-01
1.131155416369438171e-01
1.131145283579826355e-01
1.131135001778602600e-01
1.131124868988990784e-01
1.131114363670349121e-01
1.131104603409767151e-01
1.131094098091125488e-01
1.131083965301513672e-01
1.131073832511901855e-01
1.131063997745513916e-01
1.131053566932678223e-01
1.131043210625648499e-01
1.131033301353454590e-01
1.131023168563842773e-01
1.131012961268424988e-01
1.131002902984619141e-01
1.130992546677589417e-01
1.130982413887977600e-01
1.130972504615783691e-01
1.130962148308753967e-01
1.130951941013336182e-01
1.130942031741142273e-01
1.130931749939918518e-01
1.130921542644500732e-01
1.130911409854888916e-01
1.130901128053665161e-01
1.130891144275665283e-01
1.130880638957023621e-01
1.130870878696441650e-01
1.130860596895217896e-01
1.130850315093994141e-01
1.130840480327606201e-01
1.130829975008964539e-01
1.130820065736770630e-01
1.130809932947158813e-01
1.130799651145935059e-01
1.130789443850517273e-01
1.130779683589935303e-01
1.130769252777099609e-01
1.130759268999099731e-01
1.130748987197875977e-01
1.130738779902458191e-01
1.130728870630264282e-01
1.130718737840652466e-01
1.130708530545234680e-01
1.130698397755622864e-01
1.130688115954399109e-01
1.130677983164787292e-01
1.130668073892593384e-01
1.130657717585563660e-01
1.130647808313369751e-01
1.130637452006340027e-01
1.130627468228340149e-01
1.130617335438728333e-01
1.130607277154922485e-01
1.130597069859504700e-01
1.130586937069892883e-01
1.130576878786087036e-01
1.130566671490669250e-01
1.130556538701057434e-01
1.130546480417251587e-01
1.130536273121833801e-01
1.130526363849639893e-01
1.130515858530998230e-01
1.130505874752998352e-01
1.130496114492416382e-01
1.130485609173774719e-01
1.130475550889968872e-01
1.130465343594551086e-01
1.130455434322357178e-01
1.130445301532745361e-01
1.130435168743133545e-01
1.130424961447715759e-01
1.130415052175521851e-01
1.130404695868492126e-01
1.130394637584686279e-01
1.130384504795074463e-01
1.130374297499656677e-01
1.130364239215850830e-01
1.130354106426239014e-01
1.130344346165657043e-01
1.130333989858627319e-01
1.130324080586433411e-01
1.130313873291015625e-01
1.130303740501403809e-01
1.130293682217597961e-01
1.130283325910568237e-01
1.130273416638374329e-01
1.130263209342956543e-01
1.130253151059150696e-01
1.130243167281150818e-01
1.130232885479927063e-01
1.130223050713539124e-01
1.130212768912315369e-01
1.130202785134315491e-01
1.130192875862121582e-01
1.130182519555091858e-01
1.130172461271286011e-01
1.130162253975868225e-01
1.130152121186256409e-01
1.130142062902450562e-01
1.130131930112838745e-01
1.130121946334838867e-01
1.130111962556838989e-01
1.130102053284645081e-01
1.130091920495033264e-01
1.130081638693809509e-01
1.130071505904197693e-01
1.130061522126197815e-01
1.130051240324974060e-01
1.130041405558586121e-01
1.130031123757362366e-01
1.130021214485168457e-01
1.130011081695556641e-01
1.130000948905944824e-01
1.129990816116333008e-01
1.129980832338333130e-01
1.129970923066139221e-01
1.129960566759109497e-01
1.129950582981109619e-01
1.129940673708915710e-01
1.129930391907691956e-01
1.129920184612274170e-01
1.129910275340080261e-01
1.129900291562080383e-01
1.129890233278274536e-01
1.129880025982856750e-01
1.129870116710662842e-01
1.129860132932662964e-01
1.129850000143051147e-01
1.129839569330215454e-01
1.129829809069633484e-01
1.129819676280021667e-01
1.129809543490409851e-01
1.129799559712409973e-01
1.129789650440216064e-01
1.129779517650604248e-01
1.129769384860992432e-01
1.129759624600410461e-01
1.129749268293380737e-01
1.129739284515380859e-01
1.129729151725769043e-01
1.129719093441963196e-01
1.129708960652351379e-01
1.129698976874351501e-01
1.129688844084739685e-01
1.129679083824157715e-01
1.129668802022933960e-01
1.129658818244934082e-01
1.129648834466934204e-01
1.129638776183128357e-01
1.129628568887710571e-01
1.129618510603904724e-01
1.129608526825904846e-01
1.129598543047904968e-01
1.129588410258293152e-01
1.129578351974487305e-01
1.129568517208099365e-01
1.129558607935905457e-01
1.129548251628875732e-01
1.129538342356681824e-01
1.129528209567070007e-01
1.129518300294876099e-01
1.129508092999458313e-01
1.129498183727264404e-01
1.129488125443458557e-01
1.129477992653846741e-01
1.129467859864234924e-01
1.129458025097846985e-01
1.129447892308235168e-01
1.129437983036041260e-01
1.129427701234817505e-01
1.129417940974235535e-01
1.129407808184623718e-01
1.129397824406623840e-01
1.129387691617012024e-01
1.129377782344818115e-01
1.129367575049400330e-01
1.129357516765594482e-01
1.129347681999206543e-01
1.129337623715400696e-01
1.129327639937400818e-01
1.129317730665206909e-01
1.129307523369789124e-01
1.129297763109207153e-01
1.129287704825401306e-01
1.129277721047401428e-01
1.129267439246177673e-01
1.129257604479789734e-01
1.129247546195983887e-01
1.129237636923789978e-01
1.129227504134178162e-01
1.129217371344566345e-01
1.129207387566566467e-01
1.129197478294372559e-01
1.129187643527984619e-01
1.129177510738372803e-01
1.129167452454566956e-01
1.129157468676567078e-01
1.129147484898567200e-01
1.129137426614761353e-01
1.129127219319343567e-01
1.129117459058761597e-01
1.129107400774955750e-01
1.129097416996955872e-01
1.129087284207344055e-01
1.129077374935150146e-01
1.129067391157150269e-01
1.129057705402374268e-01
1.129047349095344543e-01
1.129037588834762573e-01
1.129027679562568665e-01
1.129017472267150879e-01
1.129007339477539062e-01
1.128997430205345154e-01
1.128987446427345276e-01
1.128977686166763306e-01
1.128967404365539551e-01
1.128957420587539673e-01
1.128947511315345764e-01
1.128937527537345886e-01
1.128927469253540039e-01
1.128917634487152100e-01
1.128907725214958191e-01
1.128897368907928467e-01
1.128887459635734558e-01
1.128877550363540649e-01
1.128867566585540771e-01
1.128857433795928955e-01
1.128847524523735046e-01
1.128837540745735168e-01
1.128827631473541260e-01
1.128817498683929443e-01
1.128807589411735535e-01
1.128797605633735657e-01
1.128787621855735779e-01
1.128777861595153809e-01
1.128767728805541992e-01
1.128757819533348083e-01
1.128747686743736267e-01
1.128737926483154297e-01
1.128727793693542480e-01
1.128717884421348572e-01
1.128707751631736755e-01
1.128697767853736877e-01
1.128688007593154907e-01
1.128677949309349060e-01
1.128667965531349182e-01
1.128657981753349304e-01
1.128648072481155396e-01
1.128637939691543579e-01
1.128628030419349670e-01
1.128618195652961731e-01
1.128608137369155884e-01
1.128598153591156006e-01
1.128588169813156128e-01
1.128578111529350281e-01
1.128568351268768311e-01
1.128558367490768433e-01
1.128548458218574524e-01
