2.243301719427108765e-01
2.243288755416870117e-01
2.243276834487915039e-01
2.243264466524124146e-01
2.243250757455825806e-01
2.243238836526870728e-01
2.243225574493408203e-01
2.243213206529617310e-01
2.243199944496154785e-01
2.243187427520751953e-01
2.243175357580184937e-01
2.243161797523498535e-01
2.243149429559707642e-01
2.243136912584304810e-01
2.243124097585678101e-01
2.243111878633499146e-01
2.243099063634872437e-01
2.243086844682693481e-01
2.243074774742126465e-01
2.243061214685440063e-01
2.243048846721649170e-01
2.243036329746246338e-01
2.243024706840515137e-01
2.243011444807052612e-01
2.242998778820037842e-01
2.242986112833023071e-01
2.242973595857620239e-01
2.242960929870605469e-01
2.242949008941650391e-01
2.242936342954635620e-01
2.242923825979232788e-01
2.242911309003829956e-01
2.242898494005203247e-01
2.242885529994964600e-01
2.242873758077621460e-01
2.242861390113830566e-01
2.242848575115203857e-01
2.242836207151412964e-01
2.242823988199234009e-01
2.242812067270278931e-01
2.242799848318099976e-01
2.242787182331085205e-01
2.242774665355682373e-01
2.242761999368667603e-01
2.242749482393264771e-01
2.242736369371414185e-01
2.242724895477294922e-01
2.242712229490280151e-01
2.242699712514877319e-01
2.242687791585922241e-01
2.242674827575683594e-01
2.242663055658340454e-01
2.242650389671325684e-01
2.242638170719146729e-01
2.242625951766967773e-01
2.242613285779953003e-01
2.242601066827774048e-01
2.242588549852371216e-01
2.242576479911804199e-01
2.242564409971237183e-01
2.242552042007446289e-01
2.242539376020431519e-01
2.242527306079864502e-01
2.242515087127685547e-01
2.242502421140670776e-01
2.242489755153656006e-01
2.242478281259536743e-01
2.242465615272521973e-01
2.242453098297119141e-01
2.242440879344940186e-01
2.242428660392761230e-01
2.242417484521865845e-01
2.242404818534851074e-01
2.242392301559448242e-01
2.242379635572433472e-01
2.242367714643478394e-01
2.242355644702911377e-01
2.242344021797180176e-01
2.242332100868225098e-01
2.242319881916046143e-01
2.242306917905807495e-01
2.242294698953628540e-01
2.242282480001449585e-01
2.242270261049270630e-01
2.242258340120315552e-01
2.242246866226196289e-01
2.242234647274017334e-01
2.242222428321838379e-01
2.242210656404495239e-01
2.242197990417480469e-01
2.242185771465301514e-01
2.242174297571182251e-01
2.242161929607391357e-01
2.242149710655212402e-01
2.242137491703033447e-01
2.242125421762466431e-01
2.242113500833511353e-01
2.242101877927780151e-01
2.242090106010437012e-01
2.242077440023422241e-01
2.242064923048019409e-01
2.242053151130676270e-01
2.242041230201721191e-01
2.242029011249542236e-01
2.242017090320587158e-01
2.242005318403244019e-01
2.241993099451065063e-01
2.241981476545333862e-01
2.241969704627990723e-01
2.241958081722259521e-01
2.241945862770080566e-01
2.241934388875961304e-01
2.241922169923782349e-01
2.241910099983215332e-01
2.241898477077484131e-01
2.241885960102081299e-01
2.241874337196350098e-01
2.241861820220947266e-01
2.241850644350051880e-01
2.241839170455932617e-01
2.241825610399246216e-01
2.241814434528350830e-01
2.241802513599395752e-01
2.241791188716888428e-01
2.241779118776321411e-01
2.241767048835754395e-01
2.241755127906799316e-01
2.241743654012680054e-01
2.241731435060501099e-01
2.241720259189605713e-01
2.241708040237426758e-01
2.241696119308471680e-01
2.241684794425964355e-01
2.241673320531845093e-01
2.241661101579666138e-01
2.241648882627487183e-01
2.241637408733367920e-01
2.241625040769577026e-01
2.241613566875457764e-01
2.241601496934890747e-01
2.241589576005935669e-01
2.241577953100204468e-01
2.241566181182861328e-01
2.241553962230682373e-01
2.241542190313339233e-01
2.241530567407608032e-01
2.241518497467041016e-01
2.241507321596145630e-01
2.241495549678802490e-01
2.241483926773071289e-01
2.241472154855728149e-01
2.241460680961608887e-01
2.241448909044265747e-01
2.241437733173370361e-01
2.241425961256027222e-01
2.241414040327072144e-01
2.241402119398117065e-01
2.241390645503997803e-01
2.241378724575042725e-01
2.241366952657699585e-01
2.241355180740356445e-01
2.241343557834625244e-01
2.241332083940505981e-01
2.241320312023162842e-01
2.241308540105819702e-01
2.241296917200088501e-01
2.241285443305969238e-01
2.241273969411849976e-01
2.241262197494506836e-01
2.241250276565551758e-01
2.241239249706268311e-01
2.241227477788925171e-01
2.241216301918029785e-01
2.241204530000686646e-01
2.241193354129791260e-01
2.241181880235671997e-01
2.241170108318328857e-01
2.241158634424209595e-01
2.241147160530090332e-01
2.241136729717254639e-01
2.241124510765075684e-01
2.241112738847732544e-01
2.241100817918777466e-01
2.241088896989822388e-01
2.241077423095703125e-01
2.241065949201583862e-01
2.241054475307464600e-01
2.241042703390121460e-01
2.241031974554061890e-01
2.241020500659942627e-01
2.241009473800659180e-01
2.240997999906539917e-01
2.240985631942749023e-01
2.240974605083465576e-01
2.240963131189346313e-01
2.240951955318450928e-01
2.240940630435943604e-01
2.240928709506988525e-01
2.240917235612869263e-01
2.240906208753585815e-01
2.240895330905914307e-01
2.240883111953735352e-01
2.240871638059616089e-01
2.240859866142272949e-01
2.240848690271377563e-01
2.240837365388870239e-01
2.240825891494750977e-01
2.240815013647079468e-01
2.240803241729736328e-01
2.240792214870452881e-01
2.240780591964721680e-01
2.240769565105438232e-01
2.240758091211318970e-01
2.240746617317199707e-01
2.240735143423080444e-01
2.240724116563796997e-01
2.240713387727737427e-01
2.240701913833618164e-01
2.240690886974334717e-01
2.240680158138275146e-01
2.240668237209320068e-01
2.240656912326812744e-01
2.240646034479141235e-01
2.240634560585021973e-01
2.240623086690902710e-01
2.240610867738723755e-01
2.240599542856216431e-01
2.240588665008544922e-01
2.240578085184097290e-01
2.240566164255142212e-01
2.240554988384246826e-01
2.240543961524963379e-01
2.240532934665679932e-01
2.240521907806396484e-01
2.240510731935501099e-01
2.240499556064605713e-01
2.240488827228546143e-01
2.240478098392486572e-01
2.240466028451919556e-01
2.240454852581024170e-01
2.240443080663681030e-01
2.240432351827621460e-01
2.240421921014785767e-01
2.240410447120666504e-01
2.240398973226547241e-01
2.240388244390487671e-01
2.240376919507980347e-01
2.240365743637084961e-01
2.240354418754577637e-01
2.240343540906906128e-01
2.240332067012786865e-01
2.240321040153503418e-01
2.240309864282608032e-01
2.240298837423324585e-01
2.240287661552429199e-01
2.240277379751205444e-01
2.240265309810638428e-01
2.240254878997802734e-01
2.240243405103683472e-01
2.240232974290847778e-01
2.240221649408340454e-01
2.240210622549057007e-01
2.240199744701385498e-01
2.240188717842102051e-01
2.240177989006042480e-01
2.240166813135147095e-01
2.240155488252639771e-01
2.240144014358520508e-01
2.240134030580520630e-01
2.240122556686401367e-01
2.240110784769058228e-01
2.240100353956222534e-01
2.240089178085327148e-01
2.240078151226043701e-01
2.240067124366760254e-01
2.240056395530700684e-01
2.240045666694641113e-01
2.240034192800521851e-01
2.240023463964462280e-01
2.240012139081954956e-01
2.240001708269119263e-01
2.239991277456283569e-01
2.239980399608612061e-01
2.239968776702880859e-01
2.239958792924880981e-01
2.239947468042373657e-01
2.239936590194702148e-01
2.239925563335418701e-01
2.239914834499359131e-01
2.239903360605239868e-01
2.239892780780792236e-01
2.239881902933120728e-01
2.239870876073837280e-01
2.239860296249389648e-01
2.239849120378494263e-01
2.239837646484375000e-01
2.239827364683151245e-01
2.239816337823867798e-01
2.239805608987808228e-01
2.239794880151748657e-01
2.239783406257629395e-01
2.239773124456405640e-01
2.239762395620346069e-01
2.239751517772674561e-01
2.239741235971450806e-01
2.239729911088943481e-01
2.239719778299331665e-01
2.239708751440048218e-01
2.239698171615600586e-01
2.239687740802764893e-01
2.239677011966705322e-01
2.239665985107421875e-01
2.239655554294586182e-01
2.239644229412078857e-01
2.239633798599243164e-01
2.239623069763183594e-01
2.239612042903900146e-01
2.239601314067840576e-01
2.239591032266616821e-01
2.239580005407333374e-01
2.239569127559661865e-01
2.239559143781661987e-01
2.239548116922378540e-01
2.239537537097930908e-01
2.239526808261871338e-01
2.239515930414199829e-01
2.239505350589752197e-01
2.239494621753692627e-01
2.239483892917633057e-01
2.239473462104797363e-01
2.239462435245513916e-01
2.239451855421066284e-01
2.239441871643066406e-01
2.239430844783782959e-01
2.239419668912887573e-01
2.239409685134887695e-01
2.239398658275604248e-01
2.239388674497604370e-01
2.239377647638320923e-01
2.239366918802261353e-01
2.239356487989425659e-01
2.239345759153366089e-01
2.239335626363754272e-01
2.239324897527694702e-01
2.239314168691635132e-01
2.239303290843963623e-01
2.239292711019515991e-01
2.239282727241516113e-01
2.239272147417068481e-01
2.239262014627456665e-01
2.239250987768173218e-01
2.239240705966949463e-01
2.239230275154113770e-01
2.239219695329666138e-01
2.239209413528442383e-01
2.239198237657546997e-01
2.239187955856323242e-01
2.239176928997039795e-01
2.239166796207427979e-01
2.239156812429428101e-01
2.239145934581756592e-01
2.239135503768920898e-01
2.239125221967697144e-01
2.239114791154861450e-01
2.239104062318801880e-01
2.239093333482742310e-01
2.239082753658294678e-01
2.239072322845458984e-01
2.239061594009399414e-01
2.239052057266235352e-01
2.239041477441787720e-01
2.239030748605728149e-01
2.239020466804504395e-01
2.239010035991668701e-01
2.238999307155609131e-01
2.238989025354385376e-01
2.238978743553161621e-01
2.238968461751937866e-01
2.238957732915878296e-01
2.238947749137878418e-01
2.238937318325042725e-01
2.238926738500595093e-01
2.238916307687759399e-01
2.238906025886535645e-01
2.238895297050476074e-01
2.238885313272476196e-01
2.238875925540924072e-01
2.238865047693252563e-01
2.238854765892028809e-01
2.238844782114028931e-01
2.238834053277969360e-01
2.238823771476745605e-01
2.238813191652297974e-01
2.238802909851074219e-01
2.238792479038238525e-01
2.238782197237014771e-01
2.238772213459014893e-01
2.238762229681015015e-01
2.238751202821731567e-01
2.238741219043731689e-01
2.238731980323791504e-01
2.238721251487731934e-01
2.238710671663284302e-01
2.238700240850448608e-01
2.238689959049224854e-01
2.238679230213165283e-01
2.238669395446777344e-01
2.238658964633941650e-01
2.238648682832717896e-01
2.238638401031494141e-01
2.238628864288330078e-01
2.238618582487106323e-01
2.238608151674270630e-01
2.238598614931106567e-01
2.238588184118270874e-01
2.238577604293823242e-01
2.238567918539047241e-01
2.238557636737823486e-01
2.238547056913375854e-01
2.238536626100540161e-01
2.238526344299316406e-01
2.238516360521316528e-01
2.238506078720092773e-01
2.238496541976928711e-01
2.238485813140869141e-01
2.238475829362869263e-01
2.238465547561645508e-01
2.238455265760421753e-01
2.238445729017257690e-01
2.238435000181198120e-01
2.238425016403198242e-01
2.238414734601974487e-01
2.238405495882034302e-01
2.238395512104034424e-01
2.238385081291198730e-01
2.238375246524810791e-01
2.238364219665527344e-01
2.238354980945587158e-01
2.238344550132751465e-01
2.238335013389587402e-01
2.238325178623199463e-01
2.238315194845199585e-01
2.238304615020751953e-01
2.238294929265975952e-01
2.238284647464752197e-01
2.238274216651916504e-01
2.238264381885528564e-01
2.238254100084304810e-01
2.238244116306304932e-01
2.238234430551528931e-01
2.238224297761917114e-01
2.238214910030364990e-01
2.238204628229141235e-01
2.238194793462753296e-01
2.238184511661529541e-01
2.238174378871917725e-01
2.238164246082305908e-01
2.238154560327529907e-01
2.238144576549530029e-01
2.238135188817977905e-01
2.238124758005142212e-01
2.238114923238754272e-01
2.238104790449142456e-01
2.238095253705978394e-01
2.238085716962814331e-01
2.238075137138366699e-01
2.238065451383590698e-01
2.238055616617202759e-01
2.238045632839202881e-01
2.238035351037979126e-01
2.238025665283203125e-01
2.238015681505203247e-01
2.238005548715591431e-01
2.237995415925979614e-01
2.237986326217651367e-01
2.237976491451263428e-01
2.237966358661651611e-01
2.237956076860427856e-01
2.237946838140487671e-01
2.237936705350875854e-01
2.237926721572875977e-01
2.237916439771652222e-01
2.237906455993652344e-01
2.237897664308547974e-01
2.237887978553771973e-01
2.237878441810607910e-01
2.237868905067443848e-01
2.237858176231384277e-01
2.237848341464996338e-01
2.237838655710220337e-01
2.237829118967056274e-01
2.237818539142608643e-01
2.237809300422668457e-01
2.237799763679504395e-01
2.237789779901504517e-01
2.237780243158340454e-01
2.237770557403564453e-01
2.237761467695236206e-01
2.237751036882400513e-01
2.237741500139236450e-01
