8.868746459484100342e-03
8.866966702044010162e-03
8.865188807249069214e-03
8.863410912454128265e-03
8.861633948981761932e-03
8.859854191541671753e-03
8.858075365424156189e-03
8.856299333274364471e-03
8.854523301124572754e-03
8.852746337652206421e-03
8.850969374179840088e-03
8.849193342030048370e-03
8.847416378557682037e-03
8.845638483762741089e-03
8.843865245580673218e-03
8.842090144753456116e-03
8.840313181281089783e-03
8.838539011776447296e-03
8.836766704916954041e-03
8.834992535412311554e-03
8.833220228552818298e-03
8.831449784338474274e-03
8.829677477478981018e-03
8.827907964587211609e-03
8.826137520372867584e-03
8.824369870126247406e-03
8.822599425911903381e-03
8.820831775665283203e-03
8.819065988063812256e-03
8.817299269139766693e-03
8.815536275506019592e-03
8.813772350549697876e-03
8.812007494270801544e-03
8.810248225927352905e-03
8.808487094938755035e-03
8.806725963950157166e-03
8.804969489574432373e-03
8.803211152553558350e-03
8.801456540822982788e-03
8.799701929092407227e-03
8.797951042652130127e-03
8.796196430921554565e-03
8.794445544481277466e-03
8.792697452008724213e-03
8.790948428213596344e-03
8.789204061031341553e-03
8.787459693849086761e-03
8.785717189311981201e-03
8.783972822129726410e-03
8.782234042882919312e-03
8.780498057603836060e-03
8.778760209679603577e-03
8.777026087045669556e-03
8.775295689702033997e-03
8.773562498390674591e-03
8.771833032369613647e-03
8.770105428993701935e-03
8.768379688262939453e-03
8.766656741499900818e-03
8.764933794736862183e-03
8.763214573264122009e-03
8.761496283113956451e-03
8.759781718254089355e-03
8.758067153394222260e-03
8.756358176469802856e-03
8.754648268222808838e-03
8.752940222620964050e-03
8.751237764954566956e-03
8.749533444643020630e-03
8.747832849621772766e-03
8.746135979890823364e-03
8.744440041482448578e-03
8.742747828364372253e-03
8.741054683923721313e-03
8.739365264773368835e-03
8.737680502235889435e-03
8.735995739698410034e-03
8.734312839806079865e-03
8.732635527849197388e-03
8.730958215892314911e-03
8.729284629225730896e-03
8.727611973881721497e-03
8.725941181182861328e-03
8.724278770387172699e-03
8.722615428268909454e-03
8.720952086150646210e-03
8.719297125935554504e-03
8.717637509107589722e-03
8.715984411537647247e-03
8.714335970580577850e-03
8.712686598300933838e-03
8.711042813956737518e-03
8.709396235644817352e-03
8.707758039236068726e-03
8.706123568117618561e-03
8.704487234354019165e-03
8.702855557203292847e-03
8.701229467988014221e-03
8.699604310095310211e-03
8.697982877492904663e-03
8.696358650922775269e-03
8.694743737578392029e-03
8.693128824234008789e-03
8.691515773534774780e-03
8.689907379448413849e-03
8.688300848007202148e-03
8.686699904501438141e-03
8.685099892318248749e-03
8.683501742780208588e-03
8.681909181177616119e-03
8.680316619575023651e-03
8.678727783262729645e-03
8.677142672240734100e-03
8.675560355186462402e-03
8.673980832099914551e-03
8.672402240335941315e-03
8.670827373862266541e-03
8.669256232678890228e-03
8.667689748108386993e-03
8.666123263537883759e-03
8.664561435580253601e-03
8.663002401590347290e-03
8.661445230245590210e-03
8.659889921545982361e-03
8.658342063426971436e-03
8.656794205307960510e-03
8.655246347188949585e-03
8.653706870973110199e-03
8.652168326079845428e-03
8.650630712509155273e-03
8.649097755551338196e-03
8.647568523883819580e-03
8.646043017506599426e-03
8.644515648484230042e-03
8.642992004752159119e-03
8.641473017632961273e-03
8.639955893158912659e-03
8.638443425297737122e-03
8.636932820081710815e-03
8.635425940155982971e-03
8.633919991552829742e-03
8.632418699562549591e-03
8.630919270217418671e-03
8.629424497485160828e-03
8.627927862107753754e-03
8.626435883343219757e-03
8.624949492514133453e-03
8.623463101685047150e-03
8.621980436146259308e-03
8.620501495897769928e-03
8.619025349617004395e-03
8.617551065981388092e-03
8.616075851023197174e-03
8.614609017968177795e-03
8.613139390945434570e-03
8.611675351858139038e-03
8.610216900706291199e-03
8.608756586909294128e-03
8.607298135757446289e-03
8.605848997831344604e-03
8.604395203292369843e-03
8.602950721979141235e-03
8.601503446698188782e-03
8.600058965384960175e-03
8.598618209362030029e-03
8.597180247306823730e-03
8.595745079219341278e-03
8.594313636422157288e-03
8.592884056270122528e-03
8.591452613472938538e-03
8.590029552578926086e-03
8.588607423007488251e-03
8.587185293436050415e-03
8.585765957832336426e-03
8.584350347518920898e-03
8.582936599850654602e-03
8.581527508795261383e-03
8.580118417739868164e-03
8.578710258007049561e-03
8.577309548854827881e-03
8.575906977057456970e-03
8.574507199227809906e-03
8.573112078011035919e-03
8.571717888116836548e-03
8.570325560867786407e-03
8.568937890231609344e-03
8.567549288272857666e-03
8.566163480281829834e-03
8.564779534935951233e-03
8.563401177525520325e-03
8.562022820115089417e-03
8.560645394027233124e-03
8.559273555874824524e-03
8.557899855077266693e-03
8.556532673537731171e-03
8.555163629353046417e-03
8.553794585168361664e-03
8.552435785531997681e-03
8.551073260605335236e-03
8.549713529646396637e-03
8.548354730010032654e-03
8.547004312276840210e-03
8.545649237930774689e-03
8.544300682842731476e-03
8.542953059077262878e-03
8.541607297956943512e-03
8.540264330804347992e-03
8.538920432329177856e-03
8.537581190466880798e-03
8.536243811249732971e-03
8.534909226000308990e-03
8.533572778105735779e-03
8.532241918146610260e-03
8.530912920832633972e-03
8.529583923518657684e-03
8.528256788849830627e-03
8.526934310793876648e-03
8.525612764060497284e-03
8.524294011294841766e-03
8.522973395884037018e-03
8.521660231053829193e-03
8.520345203578472137e-03
8.519031107425689697e-03
8.517723530530929565e-03
8.516414090991020203e-03
8.515106514096260071e-03
8.513803593814373016e-03
8.512500673532485962e-03
8.511197753250598907e-03
8.509902283549308777e-03
8.508604019880294800e-03
8.507312275469303131e-03
8.506016805768013000e-03
8.504725992679595947e-03
8.503437042236328125e-03
8.502148091793060303e-03
8.500863797962665558e-03
8.499581366777420044e-03
8.498297072947025299e-03
8.497018367052078247e-03
8.495738729834556580e-03
8.494463749229907990e-03
8.493188768625259399e-03
8.491914719343185425e-03
8.490644395351409912e-03
8.489375002682209015e-03
8.488107472658157349e-03
8.486842736601829529e-03
8.485578931868076324e-03
8.484317921102046967e-03
8.483057841658592224e-03
8.481798693537712097e-03
8.480541408061981201e-03
8.479286916553974152e-03
8.478036150336265564e-03
8.476783521473407745e-03
8.475535549223423004e-03
8.474288508296012878e-03
8.473039604723453522e-03
8.471794426441192627e-03
8.470553904771804810e-03
8.469314314424991608e-03
8.468072861433029175e-03
8.466836996376514435e-03
8.465601131319999695e-03
8.464368991553783417e-03
8.463136851787567139e-03
8.461904712021350861e-03
8.460675366222858429e-03
8.459449745714664459e-03
8.458224125206470490e-03
8.457002229988574982e-03
8.455779403448104858e-03
8.454559370875358582e-03
8.453342132270336151e-03
8.452126756310462952e-03
8.450911380350589752e-03
8.449696004390716553e-03
8.448485285043716431e-03
8.447274565696716309e-03
8.446067571640014648e-03
8.444860577583312988e-03
8.443657308816909790e-03
8.442453108727931976e-03
8.441251702606678009e-03
8.440052159130573273e-03
8.438855409622192383e-03
8.437656797468662262e-03
8.436463773250579834e-03
8.435266092419624329e-03
8.434074930846691132e-03
8.432883769273757935e-03
8.431696332991123199e-03
8.430507965385913849e-03
8.429322391748428345e-03
8.428139612078666687e-03
8.426959626376628876e-03
8.425777778029441833e-03
8.424600586295127869e-03
8.423421531915664673e-03
8.422246202826499939e-03
8.421071805059909821e-03
8.419900201261043549e-03
8.418727666139602661e-03
8.417557924985885620e-03
8.416390046477317810e-03
8.415222167968750000e-03
8.414058946073055267e-03
8.412895724177360535e-03
8.411733433604240417e-03
8.410572074353694916e-03
8.409413509070873260e-03
8.408257737755775452e-03
8.407101035118103027e-03
8.405946195125579834e-03
8.404791355133056641e-03
8.403637446463108063e-03
8.402490988373756409e-03
8.401343598961830139e-03
8.400196209549903870e-03
8.399050682783126831e-03
8.397906087338924408e-03
8.396761491894721985e-03
8.395623415708541870e-03
8.394483476877212524e-03
8.393343538045883179e-03
8.392206393182277679e-03
8.391071110963821411e-03
8.389938622713088989e-03
8.388806134462356567e-03
8.387674577534198761e-03
8.386542089283466339e-03
8.385413326323032379e-03
8.384285494685173035e-03
8.383164182305335999e-03
8.382037281990051270e-03
8.380913175642490387e-03
8.379792794585227966e-03
8.378672413527965546e-03
8.377553895115852356e-03
8.376436308026313782e-03
8.375318720936775208e-03
8.374204859137535095e-03
8.373087272047996521e-03
8.371977135539054871e-03
8.370866067707538605e-03
8.369754068553447723e-03
8.368645794689655304e-03
8.367539383471012115e-03
8.366431109607219696e-03
8.365329355001449585e-03
8.364225737750530243e-03
8.363122120499610901e-03
8.362023159861564636e-03
8.360923267900943756e-03
8.359823375940322876e-03
8.358725346624851227e-03
8.357630111277103424e-03
8.356534875929355621e-03
8.355441503226757050e-03
8.354349061846733093e-03
8.353259414434432983e-03
8.352169767022132874e-03
8.351081050932407379e-03
8.349993266165256500e-03
8.348906412720680237e-03
8.347820490598678589e-03
8.346736431121826172e-03
8.345652371644973755e-03
8.344571106135845184e-03
8.343491703271865845e-03
8.342412300407886505e-03
8.341333828866481781e-03
8.340257219970226288e-03
8.339181542396545410e-03
8.338106796145439148e-03
8.337034843862056732e-03
8.335961960256099701e-03
8.334890939295291901e-03
8.333820849657058716e-03
8.332751691341400146e-03
8.331680670380592346e-03
8.330616168677806854e-03
8.329548873007297516e-03
8.328484371304512024e-03
8.327418938279151917e-03
8.326359093189239502e-03
8.325296454131603241e-03
8.324236609041690826e-03
8.323177695274353027e-03
8.322118781507015228e-03
8.321060799062252045e-03
8.320006541907787323e-03
8.318951353430747986e-03
8.317898027598857880e-03
8.316842839121818542e-03
8.315791375935077667e-03
8.314738981425762177e-03
8.313688449561595917e-03
8.312640711665153503e-03
8.311590179800987244e-03
8.310546167194843292e-03
8.309498429298400879e-03
8.308456279337406158e-03
8.307412266731262207e-03
8.306370116770267487e-03
8.305327966809272766e-03
8.304285816848278046e-03
8.303247392177581787e-03
8.302206173539161682e-03
8.301170542836189270e-03
8.300133049488067627e-03
8.299099281430244446e-03
8.298062719404697418e-03
8.297029882669448853e-03
8.295997977256774902e-03
8.294967003166675568e-03
8.293934166431427002e-03
8.292907848954200745e-03
8.291877806186676025e-03
8.290850557386875153e-03
8.289824239909648895e-03
8.288796991109848022e-03
8.287773467600345612e-03
8.286750875413417816e-03
8.285728283226490021e-03
8.284705691039562225e-03
8.283684961497783661e-03
8.282663300633430481e-03
8.281646296381950378e-03
8.280631154775619507e-03
8.279612287878990173e-03
8.278595283627510071e-03
8.277582935988903046e-03
8.276566863059997559e-03
8.275556378066539764e-03
8.274542167782783508e-03
8.273530751466751099e-03
8.272519335150718689e-03
8.271510712802410126e-03
8.270503021776676178e-03
8.269498124718666077e-03
8.268488571047782898e-03
8.267484605312347412e-03
8.266477845609188080e-03
8.265476673841476440e-03
8.264473639428615570e-03
8.263471536338329315e-03
8.262472227215766907e-03
8.261474780738353729e-03
8.260475471615791321e-03
8.259475231170654297e-03
8.258477784693241119e-03
8.257485926151275635e-03
8.256487548351287842e-03
8.255494758486747742e-03
8.254501037299633026e-03
8.253508247435092926e-03
8.252518251538276672e-03
8.251529186964035034e-03
8.250537328422069550e-03
8.249550126492977142e-03
8.248561993241310120e-03
8.247575722634792328e-03
8.246590383350849152e-03
8.245603181421756744e-03
8.244621567428112030e-03
8.243638090789318085e-03
8.242656476795673370e-03
8.241674862802028656e-03
8.240693248808383942e-03
8.239716291427612305e-03
8.238738402724266052e-03
8.237760514020919800e-03
8.236784487962722778e-03
8.235808461904525757e-03
8.234832435846328735e-03
8.233861997723579407e-03
8.232886902987957001e-03
8.231914602220058441e-03
8.230945095419883728e-03
8.229972794651985168e-03
8.229002356529235840e-03
8.228033781051635742e-03
8.227066136896610260e-03
8.226101286709308624e-03
8.225135505199432373e-03
8.224170655012130737e-03
8.223206736147403717e-03
8.222243748605251312e-03
8.221282623708248138e-03
8.220317773520946503e-03
8.219358511269092560e-03
8.218399249017238617e-03
8.217439986765384674e-03
8.216479793190956116e-03
8.215524256229400635e-03
8.214568719267845154e-03
8.213612250983715057e-03
8.212658576667308807e-03
