2.890775166451931000e-02
2.890669927000999451e-02
2.890565246343612671e-02
2.890459820628166199e-02
2.890355139970779419e-02
2.890249714255332947e-02
2.890145033597946167e-02
2.890039980411529541e-02
2.889934740960597992e-02
2.889829687774181366e-02
2.889725007116794586e-02
2.889620140194892883e-02
2.889514714479446411e-02
2.889409847557544708e-02
2.889305353164672852e-02
2.889199741184711456e-02
2.889094874262809753e-02
2.888990193605422974e-02
2.888885140419006348e-02
2.888780273497104645e-02
2.888675220310688019e-02
2.888570539653301239e-02
2.888465486466884613e-02
2.888360619544982910e-02
2.888255566358566284e-02
2.888151258230209351e-02
2.888046205043792725e-02
2.887941524386405945e-02
2.887836843729019165e-02
2.887732163071632385e-02
2.887627482414245605e-02
2.887522615492343903e-02
2.887417376041412354e-02
2.887313254177570343e-02
2.887208200991153717e-02
2.887103892862796783e-02
2.886999212205410004e-02
2.886894531548023224e-02
2.886789850890636444e-02
2.886685170233249664e-02
2.886580489575862885e-02
2.886476181447505951e-02
2.886370941996574402e-02
2.886266447603702545e-02
2.886162325739860535e-02
2.886057086288928986e-02
2.885952405631542206e-02
2.885848656296730042e-02
2.885743416845798492e-02
2.885639294981956482e-02
2.885535359382629395e-02
2.885430306196212769e-02
2.885325998067855835e-02
2.885220944881439209e-02
2.885116636753082275e-02
2.885011956095695496e-02
2.884907834231853485e-02
2.884803712368011475e-02
2.884698845446109772e-02
2.884594351053237915e-02
2.884490042924880981e-02
2.884385734796524048e-02
2.884281240403652191e-02
2.884177491068840027e-02
2.884071879088878632e-02
2.883967943489551544e-02
2.883863821625709534e-02
2.883759140968322754e-02
2.883655391633510590e-02
2.883551083505153656e-02
2.883446589112281799e-02
2.883342280983924866e-02
2.883238159120082855e-02
2.883133850991725922e-02
2.883029542863368988e-02
2.882925793528556824e-02
2.882821671664714813e-02
2.882716618478298187e-02
2.882613241672515869e-02
2.882508561015129089e-02
2.882404439151287079e-02
2.882300503551959991e-02
2.882196009159088135e-02
2.882091701030731201e-02
2.881988137960433960e-02
2.881883829832077026e-02
2.881780080497264862e-02
2.881675772368907928e-02
2.881571650505065918e-02
2.881467901170253754e-02
2.881363779306411743e-02
2.881259843707084656e-02
2.881156094372272491e-02
2.881051041185855865e-02
2.880947850644588470e-02
2.880843542516231537e-02
2.880739048123359680e-02
2.880636043846607208e-02
2.880531921982765198e-02
2.880427800118923187e-02
2.880324795842170715e-02
2.880220301449298859e-02
2.880115620791912079e-02
2.880012243986129761e-02
2.879908122122287750e-02
2.879804372787475586e-02
2.879700995981693268e-02
2.879596874117851257e-02
2.879493124783039093e-02
2.879389561712741852e-02
2.879285253584384918e-02
2.879181504249572754e-02
2.879077754914760590e-02
2.878974005579948425e-02
2.878869697451591492e-02
2.878766506910324097e-02
2.878662757575511932e-02
2.878558635711669922e-02
2.878454886376857758e-02
2.878351509571075439e-02
2.878247387707233429e-02
2.878144010901451111e-02
2.878040075302124023e-02
2.877936325967311859e-02
2.877833507955074310e-02
2.877730131149291992e-02
2.877625823020935059e-02
2.877522259950637817e-02
2.877418883144855499e-02
2.877315133810043335e-02
2.877211570739746094e-02
2.877108193933963776e-02
2.877004630863666534e-02
2.876900881528854370e-02
2.876797504723072052e-02
2.876693755388259888e-02
2.876590192317962646e-02
2.876486815512180328e-02
2.876383438706398010e-02
2.876279689371585846e-02
2.876176498830318451e-02
2.876072935760021210e-02
2.875969186425209045e-02
2.875865809619426727e-02
2.875762246549129486e-02
2.875659242272377014e-02
2.875555492937564850e-02
2.875452488660812378e-02
2.875348553061485291e-02
2.875245735049247742e-02
2.875142171978950500e-02
2.875038795173168182e-02
2.874935604631900787e-02
2.874832227826118469e-02
2.874729037284851074e-02
2.874626405537128448e-02
2.874522469937801361e-02
2.874419279396533966e-02
2.874316088855266571e-02
2.874212712049484253e-02
2.874109894037246704e-02
2.874006703495979309e-02
2.873902581632137299e-02
2.873800136148929596e-02
2.873696573078632355e-02
2.873593755066394806e-02
2.873490378260612488e-02
2.873387373983860016e-02
2.873283997178077698e-02
2.873181179165840149e-02
2.873077988624572754e-02
2.872974239289760590e-02
2.872871421277523041e-02
2.872768603265285492e-02
2.872665785253047943e-02
2.872562222182750702e-02
2.872458845376968384e-02
2.872356027364730835e-02
2.872252836823463440e-02
2.872150205075740814e-02
2.872047200798988342e-02
2.871944010257720947e-02
2.871841192245483398e-02
2.871738374233245850e-02
2.871635369956493378e-02
2.871532551944255829e-02
2.871429733932018280e-02
2.871326357126235962e-02
2.871223539113998413e-02
2.871120907366275787e-02
2.871017716825008392e-02
2.870915271341800690e-02
2.870812453329563141e-02
2.870709449052810669e-02
2.870606631040573120e-02
2.870504185557365417e-02
2.870400622487068176e-02
2.870298549532890320e-02
2.870195358991622925e-02
2.870091795921325684e-02
2.869989909231662750e-02
2.869887091219425201e-02
2.869784273207187653e-02
2.869681082665920258e-02
2.869578823447227478e-02
2.869476377964019775e-02
2.869373187422752380e-02
2.869269624352455139e-02
2.869167551398277283e-02
2.869064919650554657e-02
2.868962474167346954e-02
2.868859842419624329e-02
2.868757396936416626e-02
2.868654765188694000e-02
2.868552319705486298e-02
2.868449129164218903e-02
2.868346869945526123e-02
2.868244051933288574e-02
2.868141792714595795e-02
2.868039533495903015e-02
2.867936715483665466e-02
2.867834456264972687e-02
2.867731265723705292e-02
2.867629006505012512e-02
2.867526188492774963e-02
2.867424301803112030e-02
2.867321856319904327e-02
2.867219224572181702e-02
2.867116965353488922e-02
2.867014706134796143e-02
2.866912446916103363e-02
2.866809628903865814e-02
2.866707742214202881e-02
2.866604365408420563e-02
2.866502664983272552e-02
2.866400219500064850e-02
2.866297960281372070e-02
2.866195328533649445e-02
2.866093069314956665e-02
2.865990996360778809e-02
2.865888364613056183e-02
2.865785919129848480e-02
2.865683659911155701e-02
2.865581400692462921e-02
2.865479141473770142e-02
2.865376509726047516e-02
2.865274995565414429e-02
2.865172177553176880e-02
2.865069918334484100e-02
2.864968031644821167e-02
2.864865399897098541e-02
2.864763885736465454e-02
2.864661253988742828e-02
2.864559367299079895e-02
2.864457480609416962e-02
2.864355221390724182e-02
2.864252962172031403e-02
2.864151075482368469e-02
2.864048816263675690e-02
2.863946929574012756e-02
2.863844670355319977e-02
2.863742597401142120e-02
2.863640524446964264e-02
2.863538265228271484e-02
2.863436192274093628e-02
2.863334305584430695e-02
2.863232046365737915e-02
2.863130159676074982e-02
2.863028272986412048e-02
2.862926572561264038e-02
2.862824313342571259e-02
2.862722799181938171e-02
2.862620912492275238e-02
2.862518653273582458e-02
2.862416766583919525e-02
2.862315066158771515e-02
2.862213179469108582e-02
2.862110547721385956e-02
2.862009219825267792e-02
2.861907333135604858e-02
2.861804887652397156e-02
2.861703559756278992e-02
2.861601859331130981e-02
2.861499972641468048e-02
2.861398272216320038e-02
2.861296012997627258e-02
2.861194126307964325e-02
2.861092798411846161e-02
2.860991284251213074e-02
2.860888652503490448e-02
2.860787883400917053e-02
2.860685996711254120e-02
2.860584110021591187e-02
2.860482409596443176e-02
2.860380895435810089e-02
2.860279008746147156e-02
2.860177308320999146e-02
2.860075049102306366e-02
2.859973721206188202e-02
2.859872207045555115e-02
2.859770134091377258e-02
2.859669178724288940e-02
2.859567478299140930e-02
2.859465591609477997e-02
2.859364636242389679e-02
2.859262749552726746e-02
2.859160676598548889e-02
2.859059534966945648e-02
2.858958207070827484e-02
2.858856134116649628e-02
2.858755178749561310e-02
2.858653478324413300e-02
2.858551964163780212e-02
2.858450636267662048e-02
2.858349308371543884e-02
2.858247049152851105e-02
2.858146280050277710e-02
2.858044765889644623e-02
2.857943065464496613e-02
2.857841737568378448e-02
2.857740409672260284e-02
2.857639081776142120e-02
2.857538126409053802e-02
2.857436798512935638e-02
2.857335284352302551e-02
2.857233025133609772e-02
2.857132256031036377e-02
2.857030555605888367e-02
2.856929600238800049e-02
2.856828086078166962e-02
2.856726758182048798e-02
2.856625989079475403e-02
2.856524288654327393e-02
2.856423333287239075e-02
2.856321632862091064e-02
2.856220677495002747e-02
2.856119908392429352e-02
2.856018021702766418e-02
2.855917066335678101e-02
2.855815738439559937e-02
2.855714783072471619e-02
2.855613641440868378e-02
2.855512313544750214e-02
2.855410985648632050e-02
2.855310030281543732e-02
2.855208702385425568e-02
2.855108119547367096e-02
2.855006791651248932e-02
2.854905650019645691e-02
2.854804322123527527e-02
2.854703366756439209e-02
2.854602597653865814e-02
2.854501269757747650e-02
2.854400686919689178e-02
2.854299359023571014e-02
2.854198217391967773e-02
2.854097075760364532e-02
2.853996306657791138e-02
2.853894606232643127e-02
2.853794023394584656e-02
2.853692881762981415e-02
2.853592298924922943e-02
2.853491529822349548e-02
2.853390201926231384e-02
2.853289246559143066e-02
2.853188477456569672e-02
2.853087522089481354e-02
2.852987311780452728e-02
2.852885983884334564e-02
2.852785028517246246e-02
2.852684073150157928e-02
2.852583676576614380e-02
2.852482348680496216e-02
2.852381952106952667e-02
2.852280810475349426e-02
2.852180227637290955e-02
2.852079458534717560e-02
2.851978503167629242e-02
2.851877734065055847e-02
2.851777710020542145e-02
2.851676382124423981e-02
2.851575613021850586e-02
2.851474657654762268e-02
2.851373888552188873e-02
2.851273491978645325e-02
2.851172722876071930e-02
2.851072326302528381e-02
2.850970812141895294e-02
2.850870974361896515e-02
2.850770950317382812e-02
2.850669622421264648e-02
2.850569412112236023e-02
2.850468829274177551e-02
2.850368060171604156e-02
2.850266732275485992e-02
2.850166708230972290e-02
2.850065939128398895e-02
2.849965542554855347e-02
2.849865145981311798e-02
2.849764376878738403e-02
2.849663607776165009e-02
2.849563583731651306e-02
2.849462814629077911e-02
2.849362790584564209e-02
2.849261835217475891e-02
2.849161438643932343e-02
2.849061042070388794e-02
2.848960645496845245e-02
2.848860248923301697e-02
2.848759479820728302e-02
2.848659642040729523e-02
2.848558872938156128e-02
2.848458476364612579e-02
2.848357893526554108e-02
2.848258055746555328e-02
2.848157286643981934e-02
2.848056890070438385e-02
2.847956307232379913e-02
2.847856469452381134e-02
2.847756072878837585e-02
2.847655676305294037e-02
2.847555465996265411e-02
2.847455441951751709e-02
2.847354672849178314e-02
2.847254648804664612e-02
2.847154811024665833e-02
2.847054228186607361e-02
2.846954390406608582e-02
2.846853621304035187e-02
2.846753783524036407e-02
2.846652828156948090e-02
2.846552431583404541e-02
2.846453338861465454e-02
2.846352197229862213e-02
2.846252359449863434e-02
2.846152335405349731e-02
2.846051938831806183e-02
2.845951914787292480e-02
2.845852077007293701e-02
2.845751866698265076e-02
2.845651842653751373e-02
2.845551818609237671e-02
2.845451608300209045e-02
2.845351584255695343e-02
2.845251373946666718e-02
2.845151908695697784e-02
2.845051512122154236e-02
2.844951488077640533e-02
2.844851464033126831e-02
2.844751253724098206e-02
2.844651788473129272e-02
2.844551764428615570e-02
2.844451554119586945e-02
2.844351530075073242e-02
2.844252251088619232e-02
2.844151854515075684e-02
2.844051830470561981e-02
2.843952365219593048e-02
2.843851968646049500e-02
2.843752503395080566e-02
2.843652106821537018e-02
2.843552269041538239e-02
2.843452058732509613e-02
2.843352593481540680e-02
2.843253128230571747e-02
2.843153290450572968e-02
2.843053266406059265e-02
2.842953428626060486e-02
2.842853777110576630e-02
2.842753566801548004e-02
2.842654101550579071e-02
2.842554263770580292e-02
2.842454798519611359e-02
2.842354774475097656e-02
2.842254936695098877e-02
2.842155843973159790e-02
2.842055633664131165e-02
2.841956168413162231e-02
2.841856144368648529e-02
2.841756679117679596e-02
2.841656841337680817e-02
2.841557003557682037e-02
2.841457910835742950e-02
2.841357700526714325e-02
2.841258607804775238e-02
2.841159142553806305e-02
2.841059491038322449e-02
2.840959094464778900e-02
2.840860001742839813e-02
2.840761095285415649e-02
2.840661071240901947e-02
2.840561233460903168e-02
2.840461954474449158e-02
2.840362302958965302e-02
2.840263023972511292e-02
2.840163558721542358e-02
2.840064093470573425e-02
2.839964628219604492e-02
2.839864790439605713e-02
2.839765325188636780e-02
