1.980336606502532959e-01
1.980325877666473389e-01
1.980314850807189941e-01
1.980304569005966187e-01
1.980293393135070801e-01
1.980282962322235107e-01
1.980271786451339722e-01
1.980260908603668213e-01
1.980250328779220581e-01
1.980239152908325195e-01
1.980228424072265625e-01
1.980217248201370239e-01
1.980206668376922607e-01
1.980195939540863037e-01
1.980184912681579590e-01
1.980174034833908081e-01
1.980163455009460449e-01
1.980152577161788940e-01
1.980141699314117432e-01
1.980131119489669800e-01
1.980120390653610229e-01
1.980109065771102905e-01
1.980098485946655273e-01
1.980087757110595703e-01
1.980077177286148071e-01
1.980065852403640747e-01
1.980055123567581177e-01
1.980044394731521606e-01
1.980033665895462036e-01
1.980022788047790527e-01
1.980012208223342896e-01
1.980001330375671387e-01
1.979990303516387939e-01
1.979979574680328369e-01
1.979968845844268799e-01
1.979958117008209229e-01
1.979947239160537720e-01
1.979936361312866211e-01
1.979925483465194702e-01
1.979914754629135132e-01
1.979903876781463623e-01
1.979893594980239868e-01
1.979882568120956421e-01
1.979871392250061035e-01
1.979860961437225342e-01
1.979850232601165771e-01
1.979839801788330078e-01
1.979828923940658569e-01
1.979817748069763184e-01
1.979807317256927490e-01
1.979796290397644043e-01
1.979785114526748657e-01
1.979774832725524902e-01
1.979764103889465332e-01
1.979753226041793823e-01
1.979742795228958130e-01
1.979732066392898560e-01
1.979721039533615112e-01
1.979710608720779419e-01
1.979699730873107910e-01
1.979688405990600586e-01
1.979677677154541016e-01
1.979667246341705322e-01
1.979656368494033813e-01
1.979645937681198120e-01
1.979635208845138550e-01
1.979624330997467041e-01
1.979613602161407471e-01
1.979602724313735962e-01
1.979592591524124146e-01
1.979581713676452637e-01
1.979570835828781128e-01
1.979559659957885742e-01
1.979549229145050049e-01
1.979538649320602417e-01
1.979527771472930908e-01
1.979517340660095215e-01
1.979506462812423706e-01
1.979495733976364136e-01
1.979485303163528442e-01
1.979474276304244995e-01
1.979463696479797363e-01
1.979453116655349731e-01
1.979442238807678223e-01
1.979431957006454468e-01
1.979420483112335205e-01
1.979410350322723389e-01
1.979399472475051880e-01
1.979388892650604248e-01
1.979378461837768555e-01
1.979367285966873169e-01
1.979356557130813599e-01
1.979346424341201782e-01
1.979334950447082520e-01
1.979324966669082642e-01
1.979313641786575317e-01
1.979303061962127686e-01
1.979292780160903931e-01
1.979282051324844360e-01
1.979271173477172852e-01
1.979260891675949097e-01
1.979250162839889526e-01
1.979239434003829956e-01
1.979228705167770386e-01
1.979217976331710815e-01
1.979207396507263184e-01
1.979196965694427490e-01
1.979186236858367920e-01
1.979175657033920288e-01
1.979165226221084595e-01
1.979154199361801147e-01
1.979143172502517700e-01
1.979132890701293945e-01
1.979122459888458252e-01
1.979111284017562866e-01
1.979101300239562988e-01
1.979090571403503418e-01
1.979079991579055786e-01
1.979069262742996216e-01
1.979058384895324707e-01
1.979047656059265137e-01
1.979037374258041382e-01
1.979026645421981812e-01
1.979016065597534180e-01
1.979005187749862671e-01
1.978994905948638916e-01
1.978984326124191284e-01
1.978973299264907837e-01
1.978963315486907959e-01
1.978952288627624512e-01
1.978941708803176880e-01
1.978930979967117310e-01
1.978920698165893555e-01
1.978910118341445923e-01
1.978899091482162476e-01
1.978888511657714844e-01
1.978878080844879150e-01
1.978867501020431519e-01
1.978856921195983887e-01
1.978846043348312378e-01
1.978836059570312500e-01
1.978825181722640991e-01
1.978814154863357544e-01
1.978804022073745728e-01
1.978793442249298096e-01
1.978783011436462402e-01
1.978772282600402832e-01
1.978761404752731323e-01
1.978750824928283691e-01
1.978740245103836060e-01
1.978729665279388428e-01
1.978719234466552734e-01
1.978708952665328979e-01
1.978698223829269409e-01
1.978687793016433716e-01
1.978677362203598022e-01
1.978666186332702637e-01
1.978656202554702759e-01
1.978645324707031250e-01
1.978634595870971680e-01
1.978624612092971802e-01
1.978613883256912231e-01
1.978603452444076538e-01
1.978592425584793091e-01
1.978582441806793213e-01
1.978571265935897827e-01
1.978560984134674072e-01
1.978550255298614502e-01
1.978540122509002686e-01
1.978529542684555054e-01
1.978518813848495483e-01
1.978508234024047852e-01
1.978497952222824097e-01
1.978487670421600342e-01
1.978476792573928833e-01
1.978466361761093140e-01
1.978456228971481323e-01
1.978445500135421753e-01
1.978435367345809937e-01
1.978424042463302612e-01
1.978413909673690796e-01
1.978403627872467041e-01
1.978393197059631348e-01
1.978382468223571777e-01
1.978371739387512207e-01
1.978361755609512329e-01
1.978350579738616943e-01
1.978340446949005127e-01
1.978330463171005249e-01
1.978319585323333740e-01
1.978309154510498047e-01
1.978298127651214600e-01
1.978287845849990845e-01
1.978277266025543213e-01
1.978267133235931396e-01
1.978257000446319580e-01
1.978245675563812256e-01
1.978235244750976562e-01
1.978224813938140869e-01
1.978214532136917114e-01
1.978204101324081421e-01
1.978193521499633789e-01
1.978183239698410034e-01
1.978172510862350464e-01
1.978161931037902832e-01
1.978151202201843262e-01
1.978140920400619507e-01
1.978130787611007690e-01
1.978120654821395874e-01
1.978110224008560181e-01
1.978099346160888672e-01
1.978088915348052979e-01
1.978078335523605347e-01
1.978068053722381592e-01
1.978057920932769775e-01
1.978047192096710205e-01
1.978036612272262573e-01
1.978026628494262695e-01
1.978015899658203125e-01
1.978005319833755493e-01
1.977994889020919800e-01
1.977984607219696045e-01
1.977974027395248413e-01
1.977963745594024658e-01
1.977953165769577026e-01
1.977943181991577148e-01
1.977932751178741455e-01
1.977922171354293823e-01
1.977911591529846191e-01
1.977901011705398560e-01
1.977890729904174805e-01
1.977880597114562988e-01
1.977870166301727295e-01
1.977859437465667725e-01
1.977849304676055908e-01
1.977838873863220215e-01
1.977828443050384521e-01
1.977817565202713013e-01
1.977807432413101196e-01
1.977797001600265503e-01
1.977786719799041748e-01
1.977775841951370239e-01
1.977765560150146484e-01
1.977755427360534668e-01
1.977744847536087036e-01
1.977734565734863281e-01
1.977724730968475342e-01
1.977714300155639648e-01
1.977703422307968140e-01
1.977692991495132446e-01
1.977682858705520630e-01
1.977672725915908813e-01
1.977662295103073120e-01
1.977651715278625488e-01
1.977641135454177856e-01
1.977630704641342163e-01
1.977620571851730347e-01
1.977609843015670776e-01
1.977599859237670898e-01
1.977589726448059082e-01
1.977578997611999512e-01
1.977568715810775757e-01
1.977558434009552002e-01
1.977547705173492432e-01
1.977537721395492554e-01
1.977527439594268799e-01
1.977517157793045044e-01
1.977507025003433228e-01
1.977496892213821411e-01
1.977486163377761841e-01
1.977475881576538086e-01
1.977465301752090454e-01
1.977455019950866699e-01
1.977444887161254883e-01
1.977434307336807251e-01
1.977424174547195435e-01
1.977414041757583618e-01
1.977403461933135986e-01
1.977392882108688354e-01
1.977382600307464600e-01
1.977372318506240845e-01
1.977362036705017090e-01
1.977351754903793335e-01
1.977341622114181519e-01
1.977331489324569702e-01
1.977320611476898193e-01
1.977311074733734131e-01
1.977299749851226807e-01
1.977290511131286621e-01
1.977280229330062866e-01
1.977269351482391357e-01
1.977258920669555664e-01
1.977248638868331909e-01
1.977238357067108154e-01
1.977228075265884399e-01
1.977218091487884521e-01
1.977207511663436890e-01
1.977197080850601196e-01
1.977187544107437134e-01
1.977176666259765625e-01
1.977166235446929932e-01
1.977156251668930054e-01
1.977145671844482422e-01
1.977135539054870605e-01
1.977125406265258789e-01
1.977114975452423096e-01
1.977104842662811279e-01
1.977094411849975586e-01
1.977084130048751831e-01
1.977074146270751953e-01
1.977063566446304321e-01
1.977053880691528320e-01
1.977043151855468750e-01
1.977033168077468872e-01
1.977022737264633179e-01
1.977012455463409424e-01
1.977002024650573730e-01
1.976992040872573853e-01
1.976982057094573975e-01
1.976971328258514404e-01
1.976961046457290649e-01
1.976950913667678833e-01
1.976940780878067017e-01
1.976930499076843262e-01
1.976920515298843384e-01
1.976910084486007690e-01
1.976900398731231689e-01
1.976889967918395996e-01
1.976879090070724487e-01
1.976869106292724609e-01
1.976858973503112793e-01
1.976848691701889038e-01
1.976838111877441406e-01
1.976828426122665405e-01
1.976817995309829712e-01
1.976808011531829834e-01
1.976797431707382202e-01
1.976787745952606201e-01
1.976777166128158569e-01
1.976767033338546753e-01
1.976756900548934937e-01
1.976746171712875366e-01
1.976736038923263550e-01
1.976726204156875610e-01
1.976716071367263794e-01
1.976705938577651978e-01
1.976695656776428223e-01
1.976685523986816406e-01
1.976675540208816528e-01
1.976665109395980835e-01
1.976654678583145142e-01
1.976644843816757202e-01
1.976634413003921509e-01
1.976624131202697754e-01
1.976613849401473999e-01
1.976603865623474121e-01
1.976593434810638428e-01
1.976583003997802734e-01
1.976573467254638672e-01
1.976563185453414917e-01
1.976552903652191162e-01
1.976542919874191284e-01
1.976532936096191406e-01
1.976522952318191528e-01
1.976512819528579712e-01
1.976502239704132080e-01
1.976492255926132202e-01
1.976481974124908447e-01
1.976471841335296631e-01
1.976461857557296753e-01
1.976451128721237183e-01
1.976441442966461182e-01
1.976431459188461304e-01
1.976421028375625610e-01
1.976410746574401855e-01
1.976400911808013916e-01
1.976390331983566284e-01
1.976380348205566406e-01
1.976370513439178467e-01
1.976359784603118896e-01
1.976350396871566772e-01
1.976339817047119141e-01
1.976329535245895386e-01
1.976319402456283569e-01
1.976309716701507568e-01
1.976299434900283813e-01
1.976289451122283936e-01
1.976278871297836304e-01
1.976268887519836426e-01
1.976258754730224609e-01
1.976248621940612793e-01
1.976238638162612915e-01
1.976228207349777222e-01
1.976218372583389282e-01
1.976208686828613281e-01
1.976198405027389526e-01
1.976187974214553833e-01
1.976177990436553955e-01
1.976168304681777954e-01
1.976157724857330322e-01
1.976148039102554321e-01
1.976137906312942505e-01
1.976127624511718750e-01
1.976117938756942749e-01
1.976107656955718994e-01
1.976097375154495239e-01
1.976087093353271484e-01
1.976077109575271606e-01
1.976067572832107544e-01
1.976057291030883789e-01
1.976046860218048096e-01
1.976037025451660156e-01
1.976026892662048340e-01
1.976016908884048462e-01
1.976007372140884399e-01
1.975996792316436768e-01
1.975986808538436890e-01
1.975976526737213135e-01
1.975966691970825195e-01
1.975956261157989502e-01
1.975946575403213501e-01
1.975936591625213623e-01
1.975926458835601807e-01
1.975916177034378052e-01
1.975905746221542358e-01
1.975896507501602173e-01
1.975885927677154541e-01
1.975875943899154663e-01
1.975866109132766724e-01
1.975856125354766846e-01
1.975846141576766968e-01
1.975835859775543213e-01
1.975825875997543335e-01
1.975815892219543457e-01
1.975806057453155518e-01
1.975796222686767578e-01
1.975785940885543823e-01
1.975775808095932007e-01
1.975765675306320190e-01
1.975756138563156128e-01
1.975746154785156250e-01
1.975735723972320557e-01
1.975725293159484863e-01
1.975715458393096924e-01
1.975705623626708984e-01
1.975695490837097168e-01
1.975685805082321167e-01
1.975675821304321289e-01
1.975665986537933350e-01
1.975655704736709595e-01
1.975645571947097778e-01
1.975636035203933716e-01
1.975625902414321899e-01
1.975615620613098145e-01
1.975605636835098267e-01
1.975595504045486450e-01
1.975585669279098511e-01
1.975576132535934448e-01
1.975565850734710693e-01
1.975555717945098877e-01
1.975546330213546753e-01
1.975535899400711060e-01
1.975526064634323120e-01
1.975516229867935181e-01
1.975506246089935303e-01
1.975495666265487671e-01
1.975485831499099731e-01
1.975476443767547607e-01
1.975465863943099976e-01
1.975456029176712036e-01
1.975445896387100220e-01
1.975436210632324219e-01
1.975426077842712402e-01
1.975416392087936401e-01
1.975406110286712646e-01
1.975395977497100830e-01
1.975386589765548706e-01
1.975376158952713013e-01
1.975366324186325073e-01
1.975356191396713257e-01
1.975346356630325317e-01
1.975335925817489624e-01
1.975326687097549438e-01
1.975316405296325684e-01
1.975306421518325806e-01
1.975296884775161743e-01
1.975286751985549927e-01
1.975276619195938110e-01
1.975266784429550171e-01
1.975257247686386108e-01
1.975247412919998169e-01
1.975237131118774414e-01
1.975227594375610352e-01
1.975217610597610474e-01
1.975207328796386719e-01
1.975197494029998779e-01
1.975187808275222778e-01
1.975177526473999023e-01
1.975167542695999146e-01
1.975158154964447021e-01
