1.735704243183135986e-01
1.735693961381912231e-01
1.735683232545852661e-01
1.735672652721405029e-01
1.735661923885345459e-01
1.735651493072509766e-01
1.735641062259674072e-01
1.735630929470062256e-01
1.735620200634002686e-01
1.735609769821166992e-01
1.735599189996719360e-01
1.735588461160659790e-01
1.735578179359436035e-01
1.735568046569824219e-01
1.735557317733764648e-01
1.735547035932540894e-01
1.735536456108093262e-01
1.735525876283645630e-01
1.735515594482421875e-01
1.735504865646362305e-01
1.735494434833526611e-01
1.735484004020690918e-01
1.735473573207855225e-01
1.735463291406631470e-01
1.735452562570571899e-01
1.735441982746124268e-01
1.735431700944900513e-01
1.735421419143676758e-01
1.735410988330841064e-01
1.735400557518005371e-01
1.735389828681945801e-01
1.735379546880722046e-01
1.735368669033050537e-01
1.735358536243438721e-01
1.735347956418991089e-01
1.735337525606155396e-01
1.735327094793319702e-01
1.735316663980484009e-01
1.735306084156036377e-01
1.735295653343200684e-01
1.735285669565200806e-01
1.735274791717529297e-01
1.735264360904693604e-01
1.735254079103469849e-01
1.735243499279022217e-01
1.735232770442962646e-01
1.735222637653350830e-01
1.735211908817291260e-01
1.735201925039291382e-01
1.735191345214843750e-01
1.735180616378784180e-01
1.735170334577560425e-01
1.735160201787948608e-01
1.735149323940277100e-01
1.735138893127441406e-01
1.735128760337829590e-01
1.735118031501770020e-01
1.735107600688934326e-01
1.735097318887710571e-01
1.735086739063262939e-01
1.735076606273651123e-01
1.735066026449203491e-01
1.735055744647979736e-01
1.735045313835144043e-01
1.735034734010696411e-01
1.735024154186248779e-01
1.735013723373413086e-01
1.735003441572189331e-01
1.734992861747741699e-01
1.734982728958129883e-01
1.734972149133682251e-01
1.734961718320846558e-01
1.734951585531234741e-01
1.734941154718399048e-01
1.734930276870727539e-01
1.734919995069503784e-01
1.734909862279891968e-01
1.734899431467056274e-01
1.734889000654220581e-01
1.734878718852996826e-01
1.734868437051773071e-01
1.734857708215713501e-01
1.734847277402877808e-01
1.734836995601654053e-01
1.734826415777206421e-01
1.734816581010818481e-01
1.734806150197982788e-01
1.734795570373535156e-01
1.734785288572311401e-01
1.734774708747863770e-01
1.734764128923416138e-01
1.734753996133804321e-01
1.734743714332580566e-01
1.734733134508132935e-01
1.734722852706909180e-01
1.734712272882461548e-01
1.734701842069625854e-01
1.734691560268402100e-01
1.734681129455566406e-01
1.734670847654342651e-01
1.734660118818283081e-01
1.734649837017059326e-01
1.734639555215835571e-01
1.734628975391387939e-01
1.734619289636611938e-01
1.734608411788940430e-01
1.734597831964492798e-01
1.734587699174880981e-01
1.734577566385269165e-01
1.734566688537597656e-01
1.734556704759597778e-01
1.734546422958374023e-01
1.734535694122314453e-01
1.734525561332702637e-01
1.734515130519866943e-01
1.734504550695419312e-01
1.734494566917419434e-01
1.734483838081359863e-01
1.734473854303359985e-01
1.734463572502136230e-01
1.734452992677688599e-01
1.734442561864852905e-01
1.734432429075241089e-01
1.734421700239181519e-01
1.734411567449569702e-01
1.734401285648345947e-01
1.734390705823898315e-01
1.734380424022674561e-01
1.734370440244674683e-01
1.734359860420227051e-01
1.734349578619003296e-01
1.734339296817779541e-01
1.734329164028167725e-01
1.734318286180496216e-01
1.734308153390884399e-01
1.734298169612884521e-01
1.734287440776824951e-01
1.734277158975601196e-01
1.734266579151153564e-01
1.734256297349929810e-01
1.734245866537094116e-01
1.734235733747482300e-01
1.734225749969482422e-01
1.734215021133422852e-01
1.734204888343811035e-01
1.734194457530975342e-01
1.734184026718139648e-01
1.734173893928527832e-01
1.734163463115692139e-01
1.734153181314468384e-01
1.734143048524856567e-01
1.734132617712020874e-01
1.734121739864349365e-01
1.734111458063125610e-01
1.734101772308349609e-01
1.734091788530349731e-01
1.734081059694290161e-01
1.734070628881454468e-01
1.734060347080230713e-01
1.734050065279006958e-01
1.734039783477783203e-01
1.734029352664947510e-01
1.734018921852111816e-01
1.734009087085723877e-01
1.733998358249664307e-01
1.733988076448440552e-01
1.733978092670440674e-01
1.733967363834381104e-01
1.733957082033157349e-01
1.733946949243545532e-01
1.733936667442321777e-01
1.733926534652709961e-01
1.733916103839874268e-01
1.733905822038650513e-01
1.733895391225814819e-01
1.733884960412979126e-01
1.733874827623367310e-01
1.733864694833755493e-01
1.733854562044143677e-01
1.733844131231307983e-01
1.733833700418472290e-01
1.733823418617248535e-01
1.733813136816024780e-01
1.733802706003189087e-01
1.733792424201965332e-01
1.733782291412353516e-01
1.733772009611129761e-01
1.733761727809906006e-01
1.733751595020294189e-01
1.733741015195846558e-01
1.733730882406234741e-01
1.733720749616622925e-01
1.733710318803787231e-01
1.733700037002563477e-01
1.733689606189727783e-01
1.733679622411727905e-01
1.733669340610504150e-01
1.733659058809280396e-01
1.733648627996444702e-01
1.733638346195220947e-01
1.733628213405609131e-01
1.733617633581161499e-01
1.733607500791549683e-01
1.733597368001937866e-01
1.733587086200714111e-01
1.733576804399490356e-01
1.733566820621490479e-01
1.733556687831878662e-01
1.733546108007431030e-01
1.733535826206207275e-01
1.733525693416595459e-01
1.733515411615371704e-01
1.733505129814147949e-01
1.733494848012924194e-01
1.733484417200088501e-01
1.733474433422088623e-01
1.733463853597640991e-01
1.733454167842864990e-01
1.733443588018417358e-01
1.733433306217193604e-01
1.733423173427581787e-01
1.733412891626358032e-01
1.733402609825134277e-01
1.733392775058746338e-01
1.733382195234298706e-01
1.733371764421463013e-01
1.733361631631851196e-01
1.733350902795791626e-01
1.733341068029403687e-01
1.733331084251403809e-01
1.733320504426956177e-01
1.733310520648956299e-01
1.733300387859344482e-01
1.733289808034896851e-01
1.733279824256896973e-01
1.733269542455673218e-01
1.733259558677673340e-01
1.733249127864837646e-01
1.733238846063613892e-01
1.733228564262390137e-01
1.733218133449554443e-01
1.733208000659942627e-01
1.733198016881942749e-01
1.733187884092330933e-01
1.733177602291107178e-01
1.733167320489883423e-01
1.733157038688659668e-01
1.733146756887435913e-01
1.733136773109436035e-01
1.733126491308212280e-01
1.733116358518600464e-01
1.733106076717376709e-01
1.733096241950988770e-01
1.733085811138153076e-01
1.733075678348541260e-01
1.733065396547317505e-01
1.733055412769317627e-01
1.733044981956481934e-01
1.733034849166870117e-01
1.733024716377258301e-01
1.733014434576034546e-01
1.733004301786422729e-01
1.732994019985198975e-01
1.732983589172363281e-01
1.732973754405975342e-01
1.732963174581527710e-01
1.732953190803527832e-01
1.732943058013916016e-01
1.732932776212692261e-01
1.732922345399856567e-01
1.732912361621856689e-01
1.732902228832244873e-01
1.732891947031021118e-01
1.732881814241409302e-01
1.732871979475021362e-01
1.732861697673797607e-01
1.732851266860961914e-01
1.732841134071350098e-01
1.732830852270126343e-01
1.732820868492126465e-01
1.732810735702514648e-01
1.732800304889678955e-01
1.732789874076843262e-01
1.732779592275619507e-01
1.732769757509231567e-01
1.732759475708007812e-01
1.732749193906784058e-01
1.732739508152008057e-01
1.732728630304336548e-01
1.732718646526336670e-01
1.732708811759948730e-01
1.732698380947113037e-01
1.732688248157501221e-01
1.732678264379501343e-01
1.732668131589889526e-01
1.732657998800277710e-01
1.732647716999053955e-01
1.732637882232666016e-01
1.732627302408218384e-01
1.732617169618606567e-01
1.732606887817382812e-01
1.732597053050994873e-01
1.732586622238159180e-01
1.732576638460159302e-01
1.732566356658935547e-01
1.732556223869323730e-01
1.732546538114547729e-01
1.732535958290100098e-01
1.732525825500488281e-01
1.732516139745712280e-01
1.732505559921264648e-01
1.732495427131652832e-01
1.732485443353652954e-01
1.732475161552429199e-01
1.732464879751205444e-01
1.732455044984817505e-01
1.732444614171981812e-01
1.732434630393981934e-01
1.732424646615982056e-01
1.732414513826370239e-01
1.732403934001922607e-01
1.732394099235534668e-01
1.732383966445922852e-01
1.732373833656311035e-01
1.732363849878311157e-01
1.732353717088699341e-01
1.732343286275863647e-01
1.732333302497863770e-01
1.732323318719863892e-01
1.732313036918640137e-01
1.732303053140640259e-01
1.732292920351028442e-01
1.732282787561416626e-01
1.732272654771804810e-01
1.732262521982192993e-01
1.732252240180969238e-01
1.732242256402969360e-01
1.732232123613357544e-01
1.732221990823745728e-01
1.732212007045745850e-01
1.732201725244522095e-01
1.732191592454910278e-01
1.732181608676910400e-01
1.732171326875686646e-01
1.732161045074462891e-01
1.732151210308074951e-01
1.732141375541687012e-01
1.732130944728851318e-01
1.732120811939239502e-01
1.732110530138015747e-01
1.732100546360015869e-01
1.732090264558792114e-01
1.732080727815628052e-01
1.732070595026016235e-01
1.732060611248016357e-01
1.732050329446792603e-01
1.732039898633956909e-01
1.732029914855957031e-01
1.732020080089569092e-01
1.732009947299957275e-01
1.731999516487121582e-01
1.731989532709121704e-01
1.731979548931121826e-01
1.731969267129898071e-01
1.731959432363510132e-01
1.731949299573898315e-01
1.731938868761062622e-01
1.731928884983062744e-01
1.731918752193450928e-01
1.731908768415451050e-01
1.731898486614227295e-01
1.731888800859451294e-01
1.731878817081451416e-01
1.731868386268615723e-01
1.731858402490615845e-01
1.731848567724227905e-01
1.731838285923004150e-01
1.731828302145004272e-01
1.731818318367004395e-01
1.731808036565780640e-01
1.731798052787780762e-01
1.731787770986557007e-01
1.731777787208557129e-01
1.731767654418945312e-01
1.731757819652557373e-01
1.731747686862945557e-01
1.731737554073333740e-01
1.731727272272109985e-01
1.731717437505722046e-01
1.731707602739334106e-01
1.731697320938110352e-01
1.731687486171722412e-01
1.731677502393722534e-01
1.731667369604110718e-01
1.731657236814498901e-01
1.731647253036499023e-01
1.731637120246887207e-01
1.731626987457275391e-01
1.731617003679275513e-01
1.731607019901275635e-01
1.731596887111663818e-01
1.731586605310440063e-01
1.731576919555664062e-01
1.731567084789276123e-01
1.731556206941604614e-01
1.731546819210052490e-01
1.731536686420440674e-01
1.731526404619216919e-01
1.731516420841217041e-01
1.731506288051605225e-01
1.731496453285217285e-01
1.731486469507217407e-01
1.731476038694381714e-01
1.731466203927993774e-01
1.731456220149993896e-01
1.731446385383605957e-01
1.731436103582382202e-01
1.731426417827606201e-01
1.731416136026382446e-01
1.731406152248382568e-01
1.731396019458770752e-01
1.731386035680770874e-01
1.731376349925994873e-01
1.731365919113159180e-01
1.731355935335159302e-01
1.731346100568771362e-01
1.731335967779159546e-01
1.731325984001159668e-01
1.731315851211547852e-01
1.731305569410324097e-01
1.731295585632324219e-01
1.731285750865936279e-01
1.731275916099548340e-01
1.731265932321548462e-01
1.731255799531936646e-01
1.731245964765548706e-01
1.731235533952713013e-01
1.731225699186325073e-01
1.731215864419937134e-01
1.731205880641937256e-01
1.731196045875549316e-01
1.731185764074325562e-01
1.731175929307937622e-01
1.731165647506713867e-01
1.731155663728713989e-01
1.731145679950714111e-01
1.731135696172714233e-01
1.731125712394714355e-01
1.731115877628326416e-01
1.731105595827102661e-01
1.731095612049102783e-01
1.731085777282714844e-01
1.731075495481491089e-01
1.731065660715103149e-01
1.731055974960327148e-01
1.731045544147491455e-01
1.731035709381103516e-01
1.731025278568267822e-01
1.731016039848327637e-01
1.731005907058715820e-01
1.730995923280715942e-01
1.730985641479492188e-01
1.730976104736328125e-01
1.730965524911880493e-01
1.730955690145492554e-01
1.730945855379104614e-01
1.730935722589492798e-01
1.730925589799880981e-01
1.730915606021881104e-01
1.730906069278717041e-01
1.730895936489105225e-01
1.730885952711105347e-01
1.730875968933105469e-01
1.730866134166717529e-01
1.730855852365493774e-01
1.730846315622329712e-01
1.730835884809494019e-01
1.730825901031494141e-01
1.730816066265106201e-01
1.730806082487106323e-01
1.730796247720718384e-01
1.730786263942718506e-01
1.730776578187942505e-01
1.730766296386718750e-01
1.730756163597106934e-01
1.730746626853942871e-01
1.730736643075942993e-01
1.730726212263107300e-01
1.730716377496719360e-01
1.730706542730331421e-01
1.730696558952331543e-01
1.730686724185943604e-01
1.730676889419555664e-01
1.730667054653167725e-01
1.730656772851943970e-01
1.730646789073944092e-01
1.730636656284332275e-01
1.730626672506332397e-01
1.730616837739944458e-01
1.730607151985168457e-01
