-6.455145478248596191e-01
-9.454581141471862793e-01
5.550212264060974121e-01
9.563103318214416504e-02
1.859507441520690918e+00
-3.030370175838470459e-01
-9.095066785812377930e-01
8.360000252723693848e-01
3.301323354244232178e-01
-1.879804879426956177e-01
2.539194822311401367e-01
-9.432293772697448730e-01
-3.754691481590270996e-01
2.798165678977966309e-01
9.373951554298400879e-01
4.190142732113599777e-03
2.281760051846504211e-02
9.052331000566482544e-02
1.751009702682495117e+00
-2.351756691932678223e-01
-1.144994020462036133e+00
-1.233004555106163025e-01
-8.698936700820922852e-01
-4.859268367290496826e-01
-1.679111272096633911e-01
-7.450271248817443848e-01
-1.243622064590454102e+00
-2.102586269378662109e+00
1.677660048007965088e-01
-1.162998676300048828e+00
-6.600487232208251953e-01
-8.365311622619628906e-01
7.239602804183959961e-01
-3.720267675817012787e-03
-1.653993964195251465e+00
1.198307037353515625e+00
-1.345634222030639648e+00
5.472664833068847656e-01
5.222141742706298828e-01
-6.066903844475746155e-02
5.202594399452209473e-01
-1.491773128509521484e+00
-1.407409667968750000e+00
1.144857048988342285e+00
8.004544377326965332e-01
1.125523686408996582e+00
1.675671786069869995e-01
-6.160502508282661438e-02
-4.298734962940216064e-01
1.670123815536499023e+00
-6.111479401588439941e-01
-2.048699617385864258e+00
2.876564860343933105e-01
-6.273099780082702637e-01
6.336778998374938965e-01
-1.513473391532897949e+00
5.752314925193786621e-01
2.768805995583534241e-02
-7.368901371955871582e-01
-4.507708549499511719e-01
9.657948613166809082e-01
2.239537388086318970e-01
2.633487284183502197e-01
-5.024542212486267090e-01
3.751731291413307190e-02
1.349597871303558350e-01
-1.796632170677185059e+00
-5.459251999855041504e-01
-1.294469475746154785e+00
-2.165290117263793945e+00
8.716334700584411621e-01
-4.141102731227874756e-01
1.323805332183837891e+00
-6.972797513008117676e-01
-3.542848527431488037e-01
-1.113409042358398438e+00
1.706462353467941284e-01
-5.676428079605102539e-01
-9.198627620935440063e-02
-5.087398886680603027e-01
2.900780439376831055e-01
4.801796376705169678e-01
-2.159954309463500977e+00
8.622215986251831055e-01
8.078780174255371094e-01
-1.567580252885818481e-01
-6.783543825149536133e-01
1.887472420930862427e-01
1.656814813613891602e+00
4.076939225196838379e-01
1.680094748735427856e-01
-4.251436889171600342e-01
-1.294738531112670898e+00
4.628889262676239014e-01
2.429876327514648438e-01
-1.984765082597732544e-01
5.924637317657470703e-01
-2.327825069427490234e+00
9.255896210670471191e-01
9.118264913558959961e-01
8.857405744493007660e-03
-7.834641933441162109e-01
-2.788826525211334229e-01
8.029586672782897949e-01
8.609817624092102051e-01
-9.108532667160034180e-01
9.628700613975524902e-01
7.424663305282592773e-01
-3.669321238994598389e-01
7.234199643135070801e-01
7.555424422025680542e-02
2.482726126909255981e-01
-3.776260316371917725e-01
6.713740229606628418e-01
-9.476294368505477905e-02
-1.010024547576904297e+00
6.939211487770080566e-01
-2.534023672342300415e-02
-1.027339458465576172e+00
-1.264024496078491211e+00
5.797148942947387695e-01
-8.910620212554931641e-01
1.026112511754035950e-01
-7.067044377326965332e-01
2.519808113574981689e-01
4.038809537887573242e-01
-1.089492559432983398e+00
2.580057084560394287e-01
4.607824683189392090e-01
1.081650778651237488e-01
1.972312927246093750e-01
3.758606314659118652e-02
-1.952707409858703613e+00
1.797166764736175537e-01
9.231477975845336914e-01
1.350764930248260498e-02
1.089034199714660645e+00
-1.871381998062133789e-01
-7.101718783378601074e-01
4.165102839469909668e-01
-6.994994878768920898e-01
1.462506204843521118e-01
-8.643073439598083496e-01
-4.434302151203155518e-01
7.168006896972656250e-01
-1.313499569892883301e+00
-2.894808948040008545e-01
8.746764659881591797e-01
3.641542494297027588e-01
-1.494569480419158936e-01
-2.396246641874313354e-01
-5.443037152290344238e-01
-9.408136010169982910e-01
-3.882891498506069183e-03
-1.235550880432128906e+00
1.111087948083877563e-01
-7.984279394149780273e-01
-2.373968809843063354e-01
-1.119397640228271484e+00
1.027578786015510559e-01
1.016531825065612793e+00
8.944224715232849121e-01
7.720218300819396973e-01
-2.376216351985931396e-01
-8.899462223052978516e-01
-3.678430914878845215e-01
-1.743407547473907471e-01
-3.691922873258590698e-02
8.790112286806106567e-02
-7.564973831176757812e-01
9.192360043525695801e-01
6.657729148864746094e-01
1.113909721374511719e+00
1.532845735549926758e+00
1.582897901535034180e+00
-2.144375741481781006e-01
-3.454938530921936035e-01
-7.480626702308654785e-01
-1.035562634468078613e+00
1.624596714973449707e+00
-3.089994192123413086e-01
1.091454148292541504e+00
-1.034891963005065918e+00
-1.456968426704406738e+00
7.592177391052246094e-01
6.699198484420776367e-01
1.622566729784011841e-01
-6.507046818733215332e-01
-5.467408299446105957e-01
1.013204336166381836e+00
6.385079622268676758e-01
5.598876252770423889e-02
-4.854077398777008057e-01
-7.804183959960937500e-01
-1.019893959164619446e-01
-1.003482699394226074e+00
2.482096105813980103e-01
-8.115494251251220703e-01
-1.162815570831298828e+00
7.578232288360595703e-01
