1.463462829589843750e+00 -1.719911247491836548e-01 3.725241497159004211e-02 9.816144704818725586e-01 -4.852246940135955811e-01 5.585512612015008926e-03 7.195178866386413574e-01 -6.163070797920227051e-01 -8.653969764709472656e-01
-6.845584511756896973e-01 8.732075691223144531e-01 1.328345656394958496e+00 2.193730920553207397e-01 1.527324970811605453e-02 -1.599793314933776855e+00 9.550278186798095703e-01 9.947343468666076660e-01 1.238300561904907227e+00
-2.989457249641418457e-01 -1.107720613479614258e+00 -7.837209850549697876e-02 -4.347129464149475098e-01 2.984848059713840485e-02 4.993040263652801514e-01 1.529239296913146973e+00 -1.550785779953002930e+00 -1.890930235385894775e-01
3.467423617839813232e-01 1.527102708816528320e+00 2.281429916620254517e-01 -1.628220438957214355e+00 -1.286099314689636230e+00 1.360811352729797363e+00 1.276497125625610352e+00 1.273583889007568359e+00 -6.196025013923645020e-01
-1.121654510498046875e-01 1.469670414924621582e+00 -2.394291639328002930e+00 9.010311961174011230e-02 3.868080377578735352e-01 -1.346251010894775391e+00 -8.855264186859130859e-01 1.023264646530151367e+00 4.199080467224121094e-01
2.948617935180664062e-01 -4.982839226722717285e-01 -3.553122282028198242e-01 6.198359131813049316e-01 6.263684034347534180e-01 8.209534883499145508e-01 -4.350065886974334717e-01 -1.985468864440917969e+00 -5.400688052177429199e-01
1.189981579780578613e+00 3.962505459785461426e-01 4.380564391613006592e-01 -5.581194534897804260e-02 6.483015418052673340e-01 4.319816231727600098e-01 -5.160267353057861328e-01 -7.335889339447021484e-01 3.768862783908843994e-02
-1.357646733522415161e-01 1.105689048767089844e+00 -1.316502809524536133e+00 -1.716698646545410156e+00 1.093271255493164062e+00 -1.462635546922683716e-01 5.506170988082885742e-01 -8.542127609252929688e-01 1.205530285835266113e+00
-9.770755767822265625e-01 7.580499053001403809e-01 -7.205476164817810059e-01 9.729688763618469238e-01 -8.638278841972351074e-01 -1.394896864891052246e+00 -5.373318195343017578e-01 2.356205284595489502e-01 1.200254773721098900e-04
2.479771971702575684e-01 -1.730775952339172363e+00 -1.642337441444396973e-01 8.198788166046142578e-01 -3.771047890186309814e-01 -1.331511378288269043e+00 -6.021801829338073730e-01 -2.030543424189090729e-02 -5.127921104431152344e-01
7.783727645874023438e-01 6.536210775375366211e-01 -3.394663333892822266e-01 8.537856340408325195e-01 -5.594313144683837891e-01 6.186298131942749023e-01 -9.511440992355346680e-01 -5.576626658439636230e-01 4.475472867488861084e-01
8.843426108360290527e-01 -8.519824743270874023e-01 7.346710562705993652e-01 1.101694703102111816e+00 -1.188038349151611328e+00 3.271381258964538574e-01 9.796953797340393066e-01 -1.058341979980468750e+00 1.295935392379760742e+00
1.458168148994445801e+00 -1.331549406051635742e+00 2.759522199630737305e-01 -8.676645755767822266e-01 -1.214493513107299805e+00 7.922953367233276367e-01 -6.314451694488525391e-01 -2.012110710144042969e+00 1.157113075256347656e+00
-1.403793394565582275e-01 4.259712249040603638e-02 -8.903202414512634277e-02 1.364165246486663818e-01 -1.312822550535202026e-01 8.205633163452148438e-01 1.358050942420959473e+00 1.242779418826103210e-01 -5.118187665939331055e-01
-8.489760756492614746e-01 1.110135316848754883e-01 -3.885032832622528076e-01 -8.804329633712768555e-01 7.478613853454589844e-01 -1.688897907733917236e-01 -1.840783953666687012e-01 5.948090180754661560e-02 8.130767196416854858e-02
1.096772328019142151e-01 3.986140787601470947e-01 3.249986171722412109e-01 1.279841899871826172e+00 -1.013071060180664062e+00 -2.783749997615814209e-01 -7.964680194854736328e-01 -4.593688845634460449e-01 9.896731972694396973e-01
1.060230016708374023e+00 -8.631932139396667480e-01 1.292936563491821289e+00 1.328565001487731934e+00 7.193009257316589355e-01 4.540542960166931152e-01 9.749468564987182617e-01 1.590594649314880371e-01 -5.275850892066955566e-01
-2.698222398757934570e-01 -1.047584488987922668e-01 -2.439253032207489014e-01 3.949309885501861572e-01 -1.689275741577148438e+00 1.019148707389831543e+00 8.554590940475463867e-01 5.618739724159240723e-01 -3.578278422355651855e-01
-1.417189717292785645e+00 1.714595854282379150e-01 -5.767613649368286133e-01 2.608546018600463867e-01 3.375371098518371582e-01 5.712678432464599609e-01 -1.329225897789001465e+00 -3.991872072219848633e-01 -5.259178876876831055e-01
-2.356919050216674805e-01 8.361645936965942383e-01 -8.781372904777526855e-01 3.201761245727539062e-01 -2.775127589702606201e-01 -1.921474456787109375e+00 5.609180033206939697e-02 -3.795708119869232178e-01 4.078757464885711670e-01
7.781199812889099121e-01 1.418789029121398926e+00 5.294510126113891602e-01 -1.320165991783142090e-01 -5.564612746238708496e-01 -1.274089097976684570e+00 -1.105571746826171875e+00 3.961946666240692139e-01 6.743612289428710938e-01
-5.302584767341613770e-01 5.162596106529235840e-01 7.557734251022338867e-01 2.256780713796615601e-01 -1.080683842301368713e-01 1.150676965713500977e+00 2.595507621765136719e+00 -5.511465072631835938e-01 -3.394675850868225098e-01
1.389268517494201660e+00 -4.944430887699127197e-01 1.158669114112854004e+00 -9.993602633476257324e-01 2.177813276648521423e-02 5.459331348538398743e-02 3.730524480342864990e-01 1.536193341016769409e-01 -9.266707897186279297e-01
6.757493019104003906e-01 3.895275294780731201e-02 9.132981300354003906e-01 3.414147496223449707e-01 -2.034545183181762695e+00 -1.092293381690979004e+00 -5.822275280952453613e-01 -6.787342429161071777e-01 7.059095501899719238e-01
4.230968356132507324e-01 -5.361767411231994629e-01 -1.724808663129806519e-01 -1.881773948669433594e+00 -8.748624920845031738e-01 -7.183615863323211670e-02 3.132777512073516846e-01 -1.045638203620910645e+00 1.105141639709472656e-01
5.168628692626953125e-01 9.335578680038452148e-01 8.505663275718688965e-01 1.083214402198791504e+00 -7.135472297668457031e-01 -7.903483510017395020e-01 1.372451901435852051e+00 1.587110877037048340e+00 -1.167744323611259460e-01
-1.685739994049072266e+00 3.016237318515777588e-01 -7.676973342895507812e-01 8.504377007484436035e-01 3.692115247249603271e-01 1.207253456115722656e+00 -2.737567126750946045e-01 7.846789062023162842e-02 -4.834438562393188477e-01
-4.335319399833679199e-01 -1.455273985862731934e+00 -3.268253505229949951e-01 1.222346067428588867e+00 -1.893187612295150757e-01 1.522561073303222656e+00 -3.877512812614440918e-01 1.027212023735046387e+00 2.026029974222183228e-01
-2.569199800491333008e-01 2.939374372363090515e-02 -2.817667126655578613e-01 -3.690352439880371094e-01 8.964254260063171387e-01 -2.609296739101409912e-01 -9.300822019577026367e-01 -2.510570585727691650e-01 -1.438342094421386719e+00
2.136568427085876465e-01 -9.392651319503784180e-01 -8.791006207466125488e-01 -1.487954258918762207e-01 9.159722924232482910e-01 -1.009595841169357300e-01 -1.320724248886108398e+00 -1.255378961563110352e+00 -5.216827988624572754e-01
7.527849078178405762e-01 -1.417928814888000488e+00 9.395020604133605957e-01 4.477819800376892090e-01 -1.066421270370483398e+00 2.776518583297729492e+00 1.503744959831237793e+00 -3.873499035835266113e-01 1.508072257041931152e+00
-3.119527697563171387e-01 6.772814393043518066e-01 1.499819636344909668e+00 3.208120465278625488e-01 -1.710760831832885742e+00 6.877896375954151154e-03 -6.667860597372055054e-02 2.532502889633178711e+00 5.807096958160400391e-01
5.451127886772155762e-01 8.098369240760803223e-01 -3.787571191787719727e-01 -2.053935676813125610e-01 -3.827091455459594727e-01 1.329545259475708008e+00 -4.965856373310089111e-01 6.070216894149780273e-01 5.072078704833984375e-01
-8.325958251953125000e-01 1.363740324974060059e+00 6.897474825382232666e-02 2.592995882034301758e+00 -9.888508319854736328e-01 3.058880269527435303e-01 -2.402884364128112793e-01 1.242952346801757812e+00 7.460094094276428223e-01
-6.818621158599853516e-01 1.350256562232971191e+00 1.842685788869857788e-01 9.153429418802261353e-02 5.717887282371520996e-01 3.083671629428863525e-01 1.127361774444580078e+00 1.086174488067626953e+00 1.387642383575439453e+00
-1.408970236778259277e+00 -1.768749952316284180e-01 1.158205389976501465e+00 2.283328920602798462e-01 -8.855844736099243164e-01 5.442320108413696289e-01 -3.108612000942230225e-01 9.066980481147766113e-01 -2.473683059215545654e-01
-1.769049048423767090e+00 8.203609287738800049e-02 -1.269533336162567139e-01 -3.478193879127502441e-01 -1.735655546188354492e+00 4.012078940868377686e-01 5.397567152976989746e-01 8.442292213439941406e-01 -1.706163734197616577e-01
-2.470449656248092651e-01 1.439234972000122070e+00 -2.139362335205078125e+00 -4.678615927696228027e-01 -4.823119342327117920e-01 1.824670672416687012e+00 5.521034002304077148e-01 1.282495975494384766e+00 6.053752303123474121e-01
-3.125447928905487061e-01 -2.259210646152496338e-01 1.181273341178894043e+00 -1.304079413414001465e+00 -5.795975327491760254e-01 -5.432161502540111542e-03 -4.477460384368896484e-01 -1.195376873016357422e+00 1.436330795288085938e+00
2.667145431041717529e-01 -6.761707067489624023e-01 3.393416404724121094e-01 3.452194631099700928e-01 -3.844681382179260254e-01 -1.610255241394042969e+00 9.196960926055908203e-01 -1.504363894462585449e+00 1.453649811446666718e-02
2.289542257785797119e-01 7.195271253585815430e-01 -1.349870562553405762e+00 -2.467061758041381836e+00 9.365551471710205078e-01 3.949874341487884521e-01 6.151884198188781738e-01 -9.578121900558471680e-01 1.242260932922363281e+00
-2.039843559265136719e+00 2.885114848613739014e-01 -1.349649071693420410e+00 3.523087203502655029e-01 1.587784051895141602e+00 1.379178881645202637e+00 1.174639940261840820e+00 7.912017107009887695e-01 -2.046177148818969727e+00
-1.114435672760009766e+00 -1.011945128440856934e+00 1.715137839317321777e+00 -1.331236243247985840e+00 -1.096455380320549011e-01 1.221493363380432129e+00 -6.351054906845092773e-01 2.101169973611831665e-01 1.651762053370475769e-02
1.014376044273376465e+00 -3.151254057884216309e-01 -7.092195153236389160e-01 -2.904437184333801270e-01 -9.012793302536010742e-01 -1.488131523132324219e+00 -8.867739439010620117e-01 -7.851860523223876953e-01 -1.197870373725891113e+00
1.282242834568023682e-01 8.935717940330505371e-01 -5.106355547904968262e-01 1.310301303863525391e+00 4.107594490051269531e-01 -1.210761666297912598e+00 1.632097959518432617e+00 -8.763228058815002441e-01 4.190194606781005859e-01
-4.797791838645935059e-01 -6.319791674613952637e-01 -6.935255527496337891e-01 -2.336212098598480225e-01 -1.001782417297363281e+00 1.967311739921569824e+00 -1.275342106819152832e+00 -6.751329302787780762e-01 -6.236010193824768066e-01
-8.770943284034729004e-01 -4.870352149009704590e-01 1.143274664878845215e+00 3.382742702960968018e-01 -5.211990475654602051e-01 1.099315404891967773e+00 -1.933373212814331055e+00 -1.238982155919075012e-01 -1.276282310485839844e+00
6.044804453849792480e-01 5.382458567619323730e-01 1.765999197959899902e-01 7.755532264709472656e-01 -4.843788221478462219e-02 6.905117630958557129e-02 -7.036057114601135254e-02 -3.849861025810241699e-01 5.238265991210937500e-01
1.493623971939086914e+00 1.254101656377315521e-02 8.110334873199462891e-01 -1.270262956619262695e+00 -2.196858264505863190e-02 7.435714602470397949e-01 4.520464837551116943e-01 1.271546840667724609e+00 5.614236369729042053e-02
-1.076901316642761230e+00 -1.701639965176582336e-02 2.651894688606262207e-01 -4.341566264629364014e-01 -1.961280852556228638e-01 -5.896846577525138855e-02 8.565706014633178711e-01 -1.004846096038818359e+00 -1.096599176526069641e-01
3.404884040355682373e-01 -1.169653296470642090e+00 2.881684899330139160e-01 6.228177547454833984e-01 -1.370810270309448242e+00 -1.831893026828765869e-01 -1.028416514396667480e+00 -8.203836679458618164e-01 3.820324689149856567e-02
-6.216266155242919922e-01 -1.019431799650192261e-01 1.325312554836273193e-01 -9.866371750831604004e-01 1.239875316619873047e+00 -2.794799022376537323e-02 -1.148989677429199219e+00 8.308357000350952148e-01 5.097745656967163086e-01
1.711167991161346436e-01 -8.461361378431320190e-02 -8.386165499687194824e-01 -7.873669862747192383e-01 1.928242683410644531e+00 1.047979354858398438e+00 5.535011291503906250e-01 -1.921436488628387451e-01 3.932398259639739990e-01
5.677053332328796387e-01 8.594003319740295410e-01 -6.032276749610900879e-01 -1.318714469671249390e-01 -1.583236336708068848e+00 -3.800205588340759277e-01 -5.164057612419128418e-01 8.049892783164978027e-01 -4.361096322536468506e-01
-1.766826361417770386e-01 1.938324123620986938e-01 -1.981535553932189941e+00 -1.546054482460021973e+00 -1.580178618431091309e+00 -7.415573596954345703e-01 2.030320018529891968e-01 -7.371694445610046387e-01 -5.652053952217102051e-01
-4.469582438468933105e-01 1.404939174652099609e+00 -4.327173829078674316e-01 2.826565317809581757e-02 3.798460066318511963e-01 4.513167440891265869e-01 -1.924897313117980957e+00 -2.277703583240509033e-01 1.530558586120605469e+00
4.771673306822776794e-02 3.944994211196899414e-01 5.687565803527832031e-01 2.266491353511810303e-01 2.813686616718769073e-02 1.326521039009094238e+00 1.859700441360473633e+00 5.696970820426940918e-01 2.679838538169860840e-01
-4.315559566020965576e-01 -9.159582853317260742e-01 -9.716642498970031738e-01 -8.731155991554260254e-01 -2.027805328369140625e+00 -1.638533592224121094e+00 1.183786273002624512e+00 -1.020963191986083984e+00 6.275609731674194336e-01
-1.564318776130676270e+00 1.062746882438659668e+00 1.590087890625000000e+00 6.525721549987792969e-01 1.009842634201049805e+00 3.076215088367462158e-01 5.559445172548294067e-02 -4.261017143726348877e-01 -9.177637696266174316e-01
-1.477379441261291504e+00 9.478932619094848633e-01 -2.192373991012573242e+00 2.883900403976440430e-01 -2.985892593860626221e-01 4.448415338993072510e-02 1.285597383975982666e-01 -7.052499651908874512e-01 4.047290682792663574e-01
5.529328435659408569e-02 -1.347813606262207031e+00 -7.491227388381958008e-01 -4.655163288116455078e-01 -1.496267676353454590e+00 -1.128302931785583496e+00 2.221902012825012207e-01 6.111232042312622070e-01 4.138513803482055664e-01
-4.798353612422943115e-01 -8.221131563186645508e-01 7.235670685768127441e-01 1.297999143600463867e+00 -7.620256394147872925e-02 -1.976113915443420410e-01 7.489044070243835449e-01 -9.086684584617614746e-01 7.702967524528503418e-02
-1.778549075126647949e+00 3.221924602985382080e-01 6.037903428077697754e-01 -1.052524328231811523e+00 2.389201879501342773e+00 -2.050513982772827148e+00 1.169553875923156738e+00 -2.103272080421447754e-01 1.269870162010192871e+00
-9.491383433341979980e-01 6.920319795608520508e-01 9.883804917335510254e-01 -4.365881681442260742e-01 -8.064632117748260498e-02 -6.076056361198425293e-01 4.391875565052032471e-01 1.448672771453857422e+00 8.986005187034606934e-01
7.477120161056518555e-01 -5.825630426406860352e-01 3.051605820655822754e-01 3.130313456058502197e-01 1.756016463041305542e-01 3.716544806957244873e-01 1.220017790794372559e+00 1.486061811447143555e+00 5.542539358139038086e-01
1.387578368186950684e+00 -7.404415607452392578e-01 -2.373467385768890381e-01 -5.527027249336242676e-01 -4.492920041084289551e-01 -1.348528146743774414e+00 -2.204820215702056885e-01 -5.347175598144531250e-01 7.706477046012878418e-01
1.483092427253723145e+00 -9.955435991287231445e-01 -7.888432145118713379e-01 -9.972739815711975098e-01 -1.496213227510452271e-01 -1.414259910583496094e+00 -2.225679874420166016e+00 -3.294630646705627441e-01 6.522285342216491699e-01
-2.980335354804992676e-01 -6.098349094390869141e-01 7.405101060867309570e-01 -1.310526430606842041e-01 3.098580837249755859e-01 3.320463299751281738e-01 1.927740126848220825e-02 8.970579504966735840e-01 5.015753507614135742e-01
-1.877622604370117188e-01 -1.888630092144012451e-01 1.010381579399108887e+00 -5.306982994079589844e-01 5.696488022804260254e-01 7.274901270866394043e-01 -8.768185973167419434e-01 -1.196770295500755310e-01 -6.086102128028869629e-01
-2.219482183456420898e+00 9.240194559097290039e-01 -8.769910931587219238e-01 1.278795480728149414e+00 -2.356393635272979736e-01 2.940216846764087677e-02 -1.930334329605102539e+00 1.386337518692016602e+00 7.874677777290344238e-01
-7.223510146141052246e-01 -1.260834455490112305e+00 3.168117403984069824e-01 2.234293669462203979e-01 -6.774781942367553711e-01 1.036234617233276367e+00 -1.327725648880004883e+00 -9.838719367980957031e-01 9.309702366590499878e-02
-1.381145477294921875e+00 1.423755407333374023e+00 -3.632268309593200684e-01 -1.620520830154418945e+00 1.212985813617706299e-02 -4.943486154079437256e-01 -4.775728881359100342e-01 5.621374249458312988e-01 -5.839412212371826172e-01
8.429103493690490723e-01 9.443650841712951660e-01 -1.376795917749404907e-01 3.678022325038909912e-01 2.696812450885772705e-01 1.163455963134765625e+00 -9.274809807538986206e-02 -1.220004796981811523e+00 2.424480468034744263e-01
6.868005990982055664e-01 -9.485016018152236938e-02 -6.924168467521667480e-01 1.209850072860717773e+00 3.624525368213653564e-01 -8.051112294197082520e-01 3.707894086837768555e-01 5.359368026256561279e-02 8.886730670928955078e-01
1.169800162315368652e+00 6.726992726325988770e-01 -6.585879325866699219e-01 1.572163999080657959e-01 -5.303708910942077637e-01 1.943576693534851074e+00 -3.821225464344024658e-01 1.432913661003112793e+00 -6.179677844047546387e-01
6.497743129730224609e-01 2.240412533283233643e-01 -8.456899970769882202e-02 -9.335215687751770020e-01 7.037184834480285645e-01 1.073285460472106934e+00 -7.972674369812011719e-01 -1.684610843658447266e+00 -1.161634802818298340e+00
-1.341844439506530762e+00 2.332357466220855713e-01 -5.611457824707031250e-01 7.012166380882263184e-01 6.791033595800399780e-02 -6.311674714088439941e-01 7.800326943397521973e-01 -1.024854421615600586e+00 6.384925544261932373e-02
-6.017759442329406738e-01 2.337832599878311157e-01 2.119230628013610840e-01 1.128587841987609863e+00 -7.539401948451995850e-02 5.643616318702697754e-01 2.432769238948822021e-01 -2.652764320373535156e-01 9.251357316970825195e-01
5.703424811363220215e-01 8.575207591056823730e-01 -1.349947571754455566e+00 -1.098487138748168945e+00 -1.335893034934997559e+00 -1.177113771438598633e+00 -1.738503098487854004e+00 8.112205862998962402e-01 -7.176339030265808105e-01
-1.449279427528381348e+00 -7.384023070335388184e-02 -2.979748249053955078e-01 -6.841540336608886719e-01 1.722208224236965179e-02 1.100742936134338379e+00 7.090237140655517578e-01 -4.587696790695190430e-01 -8.517374992370605469e-01
-1.469801306724548340e+00 -4.744170904159545898e-01 5.435483455657958984e-01 -3.857714831829071045e-01 2.933681607246398926e-01 1.235502362251281738e-01 -7.515386939048767090e-01 -4.665651917457580566e-02 -2.845010459423065186e-01
-5.431715846061706543e-01 1.807755231857299805e-01 9.517133235931396484e-01 6.583167314529418945e-01 4.854035675525665283e-01 -5.778902173042297363e-01 4.971912801265716553e-01 5.107715725898742676e-01 -6.421867609024047852e-01
2.404688596725463867e-01 1.197672128677368164e+00 -2.155558168888092041e-01 1.122605919837951660e+00 4.422863721847534180e-01 3.165697157382965088e-01 -3.912708163261413574e-01 -1.972891390323638916e-01 -3.115813136100769043e-01
-2.463132858276367188e+00 -3.379585146903991699e-01 2.092225074768066406e+00 -1.425256729125976562e+00 6.935625672340393066e-01 -2.119685560464859009e-01 -5.629401803016662598e-01 -1.292610168457031250e+00 1.451730132102966309e+00
-1.175896227359771729e-01 -3.478809818625450134e-02 -9.426962137222290039e-01 1.515130519866943359e+00 -1.419710636138916016e+00 -1.485835671424865723e+00 1.000484637916088104e-02 -4.598926007747650146e-01 3.753985837101936340e-02
-2.489817738533020020e-01 -6.928501725196838379e-01 -9.522985219955444336e-01 -7.088096141815185547e-01 1.462396621704101562e+00 9.510589838027954102e-01 -5.278255939483642578e-01 1.278747916221618652e-01 4.650614261627197266e-01
-4.043273031711578369e-01 1.123702883720397949e+00 -7.996006011962890625e-01 -1.938901692628860474e-01 8.024355769157409668e-01 -1.232775092124938965e+00 1.521067380905151367e+00 8.207166194915771484e-02 -2.129663944244384766e+00
3.397445082664489746e-01 -6.831839084625244141e-01 5.784741640090942383e-01 -2.874362468719482422e-01 5.586585402488708496e-01 2.647305727005004883e-01 -2.863662838935852051e-01 5.772636532783508301e-01 1.235881924629211426e+00
-7.313824295997619629e-01 -4.127587676048278809e-01 -6.683002114295959473e-01 -1.610699772834777832e+00 -7.516298294067382812e-01 -3.147426247596740723e-01 -3.599364757537841797e-01 -8.335243463516235352e-01 -9.239584803581237793e-01
1.185567021369934082e+00 1.294468641281127930e+00 3.281253874301910400e-01 -2.267659902572631836e+00 -5.956197381019592285e-01 -3.997802436351776123e-01 2.034051895141601562e+00 -9.418600797653198242e-01 8.394704014062881470e-02
4.309008270502090454e-02 -4.857444763183593750e-01 -1.860285848379135132e-01 -2.819952070713043213e-01 1.360723972320556641e-01 -1.939490139484405518e-01 -2.596245333552360535e-02 -3.355975151062011719e-01 6.990538835525512695e-01
-2.140714824199676514e-01 -1.586300849914550781e+00 -6.293050050735473633e-01 7.615379095077514648e-01 -5.230964422225952148e-01 -5.217733383178710938e-01 -5.064386874437332153e-02 -3.636026084423065186e-01 3.514793217182159424e-01
-4.684067070484161377e-01 2.576609849929809570e-01 -2.564836479723453522e-02 -1.162760257720947266e+00 -1.373225092887878418e+00 5.094508454203605652e-02 8.744218349456787109e-01 1.745444834232330322e-01 3.065448701381683350e-01
7.329200506210327148e-01 -7.479217052459716797e-01 -1.176805734634399414e+00 -5.915753245353698730e-01 -1.428477048873901367e+00 -2.829924523830413818e-01 1.000146627426147461e+00 -1.586774826049804688e+00 1.220031619071960449e+00
6.694342494010925293e-01 3.948819041252136230e-01 -1.580393910408020020e-01 -9.414741992950439453e-01 1.169111609458923340e+00 1.716770410537719727e+00 6.489741206169128418e-01 9.248513579368591309e-01 1.100059032440185547e+00
-1.779605746269226074e+00 -1.204154729843139648e+00 -1.018116831779479980e+00 -8.023716807365417480e-01 1.980503439903259277e+00 -1.468341469764709473e+00 -8.535002171993255615e-02 -4.013814330101013184e-01 -1.856542527675628662e-01
9.888538122177124023e-01 1.582308053970336914e+00 8.822733163833618164e-02 -7.882969379425048828e-01 -3.620962202548980713e-01 3.469101190567016602e-01 1.554053902626037598e+00 6.426654011011123657e-02 4.650239944458007812e-01
2.457515001296997070e-01 3.595979213714599609e-01 -3.751126527786254883e-01 1.900212019681930542e-01 -2.847402095794677734e-01 1.105378568172454834e-01 9.837811589241027832e-01 9.407412409782409668e-01 6.273764967918395996e-01
8.269224166870117188e-01 1.225200414657592773e+00 -1.584225594997406006e-01 2.150141000747680664e-01 1.116043567657470703e+00 -2.206410884857177734e+00 -1.382104635238647461e+00 -1.476694226264953613e+00 -1.744300246238708496e+00
-9.678403735160827637e-01 9.869608283042907715e-01 -8.946520686149597168e-01 5.544778704643249512e-01 -2.237737365067005157e-02 -5.388396978378295898e-01 -2.838130891323089600e-01 -1.633278250694274902e+00 -7.580580115318298340e-01
1.560924410820007324e+00 -1.176676392555236816e+00 8.814848661422729492e-01 5.902124643325805664e-01 2.437565177679061890e-01 -7.528217881917953491e-02 -5.113688111305236816e-01 6.119543910026550293e-01 6.505385041236877441e-01
2.681157886981964111e-01 -1.015364050865173340e+00 -3.617942333221435547e-01 7.929720878601074219e-01 -1.777239739894866943e-01 -1.010817766189575195e+00 -9.973440170288085938e-01 8.753544837236404419e-02 1.831580549478530884e-01
1.135819077491760254e+00 4.814904034137725830e-01 2.431612610816955566e-01 3.109060823917388916e-01 2.432542085647583008e+00 2.906903922557830811e-01 -3.560413122177124023e-01 3.621244728565216064e-01 -2.057044506072998047e+00
-1.139811754226684570e+00 -1.478391408920288086e+00 2.337105274200439453e+00 2.416838854551315308e-01 4.828190505504608154e-01 5.504100322723388672e-01 -4.827049672603607178e-01 3.026987612247467041e-01 -1.936073452234268188e-01
-1.040215015411376953e+00 1.065342664718627930e+00 -1.967807531356811523e+00 4.876051247119903564e-01 -1.097386121749877930e+00 -8.012335896492004395e-01 2.390120178461074829e-01 9.215390682220458984e-01 -9.748227000236511230e-01
-4.619008898735046387e-01 2.969107329845428467e-01 7.854399085044860840e-01 7.734052836894989014e-03 5.200940370559692383e-01 5.982258915901184082e-02 -8.327667117118835449e-01 -6.921833753585815430e-01 -6.959939002990722656e-01
-3.250024616718292236e-01 1.096678495407104492e+00 -1.363014936447143555e+00 2.130833268165588379e-01 -1.736194849014282227e+00 -1.356292486190795898e+00 -6.760022044181823730e-01 2.076362222433090210e-01 -3.913320600986480713e-01
6.928108334541320801e-01 -9.128027558326721191e-01 -2.776721715927124023e-01 -1.279240380972623825e-02 -1.613852024078369141e+00 -1.110630016773939133e-02 3.000474870204925537e-01 6.422774195671081543e-01 -1.777682185173034668e+00
5.821772217750549316e-01 1.679110765457153320e+00 4.700012505054473877e-01 -1.738812088966369629e+00 4.399778544902801514e-01 4.179383069276809692e-02 3.478149473667144775e-01 4.042981564998626709e-01 1.151764512062072754e+00
1.181475758552551270e+00 4.071380794048309326e-01 4.034113287925720215e-01 3.892292380332946777e-01 1.055290549993515015e-01 -3.940452039241790771e-01 -3.231944441795349121e-01 1.240248322486877441e+00 -4.742221832275390625e-01
1.016274571418762207e+00 1.185708999633789062e+00 1.101819239556789398e-02 1.647338718175888062e-01 -1.561287641525268555e+00 1.719278216361999512e+00 5.702136754989624023e-01 2.439555972814559937e-01 1.162471771240234375e+00
-3.740049004554748535e-01 -4.644265472888946533e-01 -1.082514286041259766e+00 1.678238660097122192e-01 9.148509502410888672e-01 -4.461310505867004395e-01 1.754712343215942383e+00 -8.294701576232910156e-01 -7.656160742044448853e-02
1.683613777160644531e+00 -3.812608420848846436e-01 -1.058563590049743652e+00 6.789818406105041504e-01 1.033861756324768066e+00 -9.869422763586044312e-02 1.000478744506835938e+00 4.461922645568847656e-01 -6.347194910049438477e-01
-6.703466176986694336e-01 -4.930557608604431152e-01 1.021980047225952148e+00 1.713819503784179688e+00 -7.210494875907897949e-01 1.155916690826416016e+00 -1.084772586822509766e+00 -1.453798294067382812e+00 -2.200890541076660156e+00
2.605724096298217773e+00 -2.835573256015777588e-01 1.177004218101501465e+00 -9.734547734260559082e-01 -4.603598266839981079e-02 -7.260869741439819336e-01 -3.905364274978637695e-01 -5.483344197273254395e-01 2.144561707973480225e-01
3.581502139568328857e-01 -1.398458242416381836e+00 -1.008161425590515137e+00 -6.489636301994323730e-01 1.147634014487266541e-01 -2.796714752912521362e-02 1.692863464355468750e+00 3.728092610836029053e-01 -1.308593153953552246e+00
-1.478885173797607422e+00 5.910938382148742676e-01 -1.523835062980651855e+00 -6.283854842185974121e-01 3.021559417247772217e-01 -9.768670797348022461e-01 -2.998695373535156250e-01 -8.160798549652099609e-01 1.369544506072998047e+00
-1.415270805358886719e+00 -7.435663789510726929e-02 6.879009604454040527e-01 1.213340833783149719e-01 2.376463890075683594e+00 -1.614543199539184570e-01 -1.683277249336242676e+00 8.972158432006835938e-01 -1.372943758964538574e+00
-3.712639808654785156e-01 -5.281303524971008301e-01 1.219678759574890137e+00 4.378265142440795898e-01 1.057363510131835938e+00 -1.444313645362854004e+00 -6.826075911521911621e-01 9.795123934745788574e-01 6.270915865898132324e-01
-4.247359335422515869e-01 3.973297029733657837e-02 -1.067527890205383301e+00 -2.993610501289367676e-01 1.731723308563232422e+00 -4.351664185523986816e-01 -1.341207027435302734e+00 4.099223017692565918e-01 -5.556699261069297791e-02
-3.140254616737365723e-01 1.258444666862487793e+00 1.445845007896423340e+00 -7.338910102844238281e-01 2.571103274822235107e-01 8.887929320335388184e-01 -5.764119625091552734e-01 2.925338447093963623e-01 6.461596488952636719e-01
3.837125003337860107e-02 -1.091840982437133789e+00 5.643402934074401855e-01 -4.570327699184417725e-01 9.790413975715637207e-01 5.377370119094848633e-01 -1.567475676536560059e+00 4.956011772155761719e-01 -1.250411033630371094e+00
2.000267058610916138e-01 7.277597188949584961e-01 2.567107975482940674e-01 -9.806448817253112793e-01 3.975522816181182861e-01 -7.205517888069152832e-01 4.022179841995239258e-01 -1.210098385810852051e+00 6.641187667846679688e-01
-1.086456030607223511e-01 -4.087054133415222168e-01 1.010156035423278809e+00 -6.485303640365600586e-01 -1.119809389114379883e+00 1.257637381553649902e+00 -4.469996392726898193e-01 -6.464727967977523804e-02 -6.387847065925598145e-01
-4.970313310623168945e-01 4.943077564239501953e-01 3.322563767433166504e-01 4.399790465831756592e-01 -1.395481944084167480e+00 -1.676153182983398438e+00 -4.351699650287628174e-01 9.469111561775207520e-01 1.379670500755310059e+00
1.210703477263450623e-01 9.491999745368957520e-01 -2.275213003158569336e-01 -1.632716655731201172e+00 4.722171723842620850e-01 -4.362049400806427002e-01 -3.484588563442230225e-01 3.833416104316711426e-01 7.591077685356140137e-01
9.764806181192398071e-02 -2.105962991714477539e+00 5.171815752983093262e-01 -1.967912197113037109e+00 2.474913835525512695e+00 -1.704245567321777344e+00 -2.457564324140548706e-01 6.357973814010620117e-01 4.200120922178030014e-03
-2.239757031202316284e-01 5.693490058183670044e-02 -2.172720909118652344e+00 5.007209777832031250e-01 3.300019502639770508e-01 1.133942961692810059e+00 -1.213500022888183594e+00 8.595679402351379395e-01 6.901717782020568848e-01
-7.067104578018188477e-01 -3.989900946617126465e-01 1.399005800485610962e-01 3.637472391128540039e-01 1.948725581169128418e-01 -3.468086719512939453e-01 9.615588933229446411e-02 6.294776797294616699e-01 1.087894896045327187e-03
-1.635401509702205658e-02 -1.032485127449035645e+00 6.419730186462402344e-01 -2.062742710113525391e+00 -8.075977563858032227e-01 -1.755817890167236328e+00 4.637869298458099365e-01 2.748608589172363281e-01 -1.980682313442230225e-01
-4.626460373401641846e-01 9.302688837051391602e-01 6.620320081710815430e-01 2.058445215225219727e+00 -1.079853177070617676e+00 5.205586552619934082e-01 -3.422746956348419189e-01 -1.592756867408752441e+00 5.150884389877319336e-01
-8.503892421722412109e-01 1.615128874778747559e+00 -9.315340518951416016e-01 1.361025214195251465e+00 -1.743708968162536621e+00 1.453205108642578125e+00 3.525229543447494507e-02 1.074466556310653687e-01 -6.535403728485107422e-01
4.034786820411682129e-01 4.405909478664398193e-01 -2.061497449874877930e+00 1.756366729736328125e+00 9.443679451942443848e-01 1.302668005228042603e-01 -1.600368142127990723e+00 4.436428546905517578e-01 1.401893854141235352e+00
3.135142028331756592e-01 -7.455056067556142807e-03 1.519793391227722168e+00 1.087874531745910645e+00 -1.320066452026367188e+00 6.687360405921936035e-01 2.096109986305236816e-01 3.713186681270599365e-01 -3.926616013050079346e-01
8.640978485345840454e-02 6.207305788993835449e-01 -5.795241594314575195e-01 -7.345613837242126465e-01 1.226980090141296387e+00 1.164811730384826660e+00 5.609492659568786621e-01 1.229892492294311523e+00 3.170181214809417725e-01
1.913306474685668945e+00 -2.529512941837310791e-01 1.944994211196899414e+00 9.183714389801025391e-01 -1.267520070075988770e+00 5.514006614685058594e-01 -8.782889246940612793e-01 1.382705092430114746e+00 -3.524233698844909668e-01
8.638221025466918945e-01 1.429681107401847839e-02 -9.384000301361083984e-01 2.059662044048309326e-01 1.954736709594726562e+00 -6.283717155456542969e-01 9.862635284662246704e-02 -2.044489234685897827e-01 -1.651376962661743164e+00
5.834578275680541992e-01 2.990446388721466064e-01 -7.099742889404296875e-01 -4.940595030784606934e-01 1.522683858871459961e+00 -2.077555358409881592e-01 -2.667233645915985107e-01 -2.961443066596984863e-01 1.044202923774719238e+00
-1.047782778739929199e+00 1.805381178855895996e-01 5.000591278076171875e-01 -1.017417192459106445e+00 3.660409748554229736e-01 1.212981343269348145e-01 -2.376085817813873291e-01 -1.377852559089660645e+00 1.416025012731552124e-01
-1.129461288452148438e+00 -5.340760350227355957e-01 2.060689628124237061e-01 2.922538220882415771e-01 2.184222489595413208e-01 4.574189782142639160e-01 1.198821425437927246e+00 -6.281980276107788086e-01 5.423812270164489746e-01
-2.154387474060058594e+00 -9.487487673759460449e-01 -7.982290387153625488e-01 7.609539628028869629e-01 1.273914694786071777e+00 8.665786683559417725e-02 -2.879378795623779297e+00 -3.048274517059326172e-01 -1.061230778694152832e+00
1.039489746093750000e+00 -7.712934017181396484e-01 3.199428319931030273e-01 5.664396882057189941e-01 -3.861056268215179443e-02 3.223988413810729980e-01 -7.601933479309082031e-01 -7.309922575950622559e-01 -5.336396694183349609e-01
-2.458448261022567749e-01 -4.327617883682250977e-01 -1.333358883857727051e+00 1.159809827804565430e+00 -1.181382656097412109e+00 4.274143874645233154e-01 -4.548765718936920166e-01 -3.717737495899200439e-01 2.143278270959854126e-01
1.270880937576293945e+00 5.584028363227844238e-01 -1.621587574481964111e-02 -8.774534463882446289e-01 -3.705587983131408691e-01 5.121979117393493652e-01 -1.107026100158691406e+00 -3.353140056133270264e-01 -1.595368087291717529e-01
-2.194103300571441650e-01 -1.113573670387268066e+00 1.049837589263916016e+00 -1.548450291156768799e-01 -5.938512682914733887e-01 4.057233333587646484e-01 4.507584869861602783e-01 -1.073291063308715820e+00 1.710809111595153809e+00
-1.389204859733581543e-01 7.156758904457092285e-01 -2.702929973602294922e-01 6.670010089874267578e-01 -1.889171898365020752e-01 -4.963298141956329346e-01 1.921680450439453125e+00 -1.349444866180419922e+00 5.382266640663146973e-01
4.916638433933258057e-01 1.669942498207092285e+00 6.072268486022949219e-01 1.105387210845947266e+00 -1.441539883613586426e+00 9.620174169540405273e-01 2.983787059783935547e-01 -4.477580785751342773e-01 5.107197761535644531e-01
-1.324831724166870117e+00 -9.486774802207946777e-01 -1.207041218876838684e-01 1.621349453926086426e-01 4.054677486419677734e-01 -4.573909640312194824e-01 2.692257463932037354e-01 7.520567178726196289e-01 -1.666416168212890625e+00
1.201557397842407227e+00 5.913744568824768066e-01 -8.300220966339111328e-01 1.844796895980834961e+00 -7.204807400703430176e-01 1.581012606620788574e+00 4.252237379550933838e-01 1.941140770912170410e+00 -7.966045737266540527e-01
-1.388300895690917969e+00 1.881660819053649902e-01 8.838056325912475586e-01 -4.456320106983184814e-01 -3.970752060413360596e-01 2.206821680068969727e+00 -2.258074134588241577e-01 9.855052828788757324e-01 -1.885929226875305176e+00
4.176033139228820801e-01 6.394485384225845337e-02 -2.875850200653076172e-01 6.543681621551513672e-01 1.950870752334594727e-01 3.201053440570831299e-01 1.814028620719909668e+00 9.248503446578979492e-01 5.361628532409667969e-01
-3.255120217800140381e-01 5.153542160987854004e-01 -1.695421218872070312e+00 3.256071805953979492e-01 1.160132646560668945e+00 6.883260011672973633e-01 -8.134485781192779541e-02 -3.061133027076721191e-01 -5.766302943229675293e-01
1.933025717735290527e+00 1.125757694244384766e+00 8.386456370353698730e-01 8.511180281639099121e-01 -7.332990169525146484e-01 -2.441040277481079102e-01 1.013244867324829102e+00 -4.964973330497741699e-01 1.545301795005798340e+00
-1.039598941802978516e+00 9.389631152153015137e-01 -1.272451996803283691e+00 -3.797227144241333008e-01 5.810722112655639648e-01 -7.972246408462524414e-01 7.620480656623840332e-01 -1.103863835334777832e+00 1.480494022369384766e+00
5.250480175018310547e-01 1.342725157737731934e-01 2.404440343379974365e-01 -2.890036702156066895e-01 -4.453471302986145020e-01 6.791176795959472656e-01 1.275205463171005249e-01 6.752463579177856445e-01 1.816803961992263794e-01
-1.705034613609313965e+00 -5.047460794448852539e-01 -3.409250676631927490e-01 -1.187116026878356934e+00 1.485131144523620605e+00 4.503355324268341064e-01 -1.634439826011657715e+00 -8.797241002321243286e-02 -6.667299270629882812e-01
8.562366366386413574e-01 -1.530521988868713379e+00 7.956995368003845215e-01 5.358447432518005371e-01 4.030986130237579346e-01 -8.531849384307861328e-01 -3.641560971736907959e-01 1.117789864540100098e+00 -6.163246035575866699e-01
-5.326347053050994873e-02 -1.734797000885009766e+00 5.670810937881469727e-01 -9.629917889833450317e-02 6.668877601623535156e-01 1.200497031211853027e+00 2.290224313735961914e+00 -5.553776025772094727e-01 -6.089747548103332520e-01
-6.224699616432189941e-01 8.545470237731933594e-01 -1.192957401275634766e+00 -1.443506121635437012e+00 6.804315447807312012e-01 -1.263742923736572266e+00 3.570995330810546875e-01 4.951554909348487854e-02 1.326211690902709961e+00
-6.193636059761047363e-01 2.432434558868408203e+00 -1.844080686569213867e-01 -6.696864366531372070e-01 5.912632942199707031e-01 1.524965047836303711e+00 -7.823334336280822754e-01 4.227725863456726074e-01 -1.794699192047119141e+00
1.214231364428997040e-02 5.389696359634399414e-01 -1.345508933067321777e+00 -5.434855222702026367e-01 -1.065618157386779785e+00 1.656906902790069580e-01 -4.120279848575592041e-01 5.017381310462951660e-01 -8.642338514328002930e-01
-4.702803492546081543e-01 -1.930899858474731445e+00 -1.509932637214660645e+00 -3.292287141084671021e-02 -3.328195512294769287e-01 -2.322148345410823822e-02 -1.523058265447616577e-01 -8.967459201812744141e-01 -1.110282610170543194e-04
-7.743344902992248535e-01 4.162360727787017822e-01 6.056258082389831543e-01 -7.259245961904525757e-02 -3.508701026439666748e-01 4.827396273612976074e-01 -4.793054759502410889e-01 1.415966004133224487e-01 -1.108520150184631348e+00
4.036033153533935547e-01 8.494063615798950195e-01 -1.011972427368164062e+00 1.530155897140502930e+00 -3.408472836017608643e-01 2.074736118316650391e+00 1.211403012275695801e+00 8.895763754844665527e-01 1.029171824455261230e+00
9.922486543655395508e-01 -9.795356988906860352e-01 -9.180375933647155762e-01 -2.137975394725799561e-01 2.995975017547607422e-01 -1.163026332855224609e+00 1.153024077415466309e+00 -1.520686388015747070e+00 1.102246761322021484e+00
-1.284930229187011719e+00 1.218230843544006348e+00 -4.951780438423156738e-01 9.042795300483703613e-01 -6.254081130027770996e-01 3.394142389297485352e-01 4.937662482261657715e-01 -2.601163983345031738e-01 -8.490986824035644531e-01
9.315670728683471680e-01 -6.465049386024475098e-01 -1.847549915313720703e+00 -1.659928560256958008e+00 -8.069953918457031250e-01 -2.405932903289794922e+00 1.431770205497741699e+00 -1.829532623291015625e+00 -3.422585010528564453e+00
-8.450738787651062012e-01 1.834843277931213379e+00 1.354010701179504395e+00 -1.686025261878967285e-01 1.148544192314147949e+00 -1.618724703788757324e+00 1.115038871765136719e+00 -1.158916592597961426e+00 -2.470206022262573242e-01
9.085827469825744629e-01 -4.827443137764930725e-02 5.548980236053466797e-01 1.062549233436584473e+00 1.986581832170486450e-01 -2.533907413482666016e+00 -3.713164478540420532e-02 -1.401897192001342773e+00 -8.026808500289916992e-01
-6.382446885108947754e-01 2.153971344232559204e-01 1.221551895141601562e+00 -4.281108826398849487e-02 1.431211709976196289e+00 -3.966316878795623779e-01 1.277787983417510986e-01 -3.381363451480865479e-01 -1.647611379623413086e+00
2.898756861686706543e-01 -4.916651546955108643e-02 -1.605200916528701782e-01 1.476401567459106445e+00 -1.255782008171081543e+00 -2.091106176376342773e+00 9.962845444679260254e-01 -4.960579797625541687e-03 -3.556906282901763916e-01
6.575884819030761719e-01 9.493818879127502441e-01 -1.355911254882812500e+00 5.573376417160034180e-01 6.892167925834655762e-01 8.937548995018005371e-01 1.012271523475646973e+00 -1.835843682289123535e+00 -8.055550605058670044e-02
1.046384215354919434e+00 2.601581811904907227e-01 1.691903352737426758e+00 -1.157530322670936584e-01 -2.110509634017944336e+00 -2.808096408843994141e+00 -5.507458373904228210e-02 -3.706833124160766602e-01 1.516372114419937134e-01
-8.809797167778015137e-01 -6.241632103919982910e-01 -1.370544075965881348e+00 -2.156357467174530029e-01 8.788889646530151367e-01 1.211603060364723206e-01 -6.010572910308837891e-01 -1.829474866390228271e-01 7.044841051101684570e-01
3.207070827484130859e-01 7.817683815956115723e-01 -1.751630067825317383e+00 -1.705438852310180664e+00 -1.205950736999511719e+00 6.912853121757507324e-01 -5.349822044372558594e-01 -6.085675209760665894e-03 -3.603538572788238525e-01
-4.083545133471488953e-02 -1.259454011917114258e+00 1.610365696251392365e-02 6.105844974517822266e-01 1.548963904380798340e+00 -8.117860555648803711e-01 -8.939812183380126953e-01 -1.174771428108215332e+00 4.057881832122802734e-01
-9.597849249839782715e-01 1.428657054901123047e+00 7.807695865631103516e-02 8.274843096733093262e-01 -5.808967947959899902e-01 -4.619072973728179932e-01 -7.899582982063293457e-01 9.669096469879150391e-01 2.401026040315628052e-01
-1.236921027302742004e-01 -8.099436759948730469e-01 8.884249925613403320e-01 1.725910067558288574e+00 -2.089883834123611450e-01 -1.139011383056640625e+00 1.038680553436279297e+00 -5.703245401382446289e-01 4.794013500213623047e-01
-6.188956499099731445e-01 2.398748695850372314e-01 -5.986766815185546875e-01 4.669912457466125488e-01 3.064962923526763916e-01 4.851171374320983887e-01 -1.216147780418395996e+00 2.551627457141876221e-01 6.968618631362915039e-01
3.052305281162261963e-01 -1.714487433433532715e+00 -2.206108093261718750e+00 5.799653530120849609e-01 1.610302209854125977e+00 -1.047085523605346680e+00 -2.795836925506591797e+00 -1.108076095581054688e+00 2.704374790191650391e-01
1.010658144950866699e+00 -9.174510836601257324e-01 2.582789897918701172e+00 -1.840778112411499023e+00 5.795609951019287109e-01 -9.095232188701629639e-02 6.436121463775634766e-01 1.177275896072387695e+00 3.562149703502655029e-01
7.601748704910278320e-01 -6.035654544830322266e-01 -7.476636171340942383e-01 -1.449360609054565430e+00 -8.085313439369201660e-01 1.670739799737930298e-01 2.487799823284149170e-01 3.583340346813201904e-01 1.052006557583808899e-01
4.575018584728240967e-01 4.114206433296203613e-01 -3.825655877590179443e-01 1.032302618026733398e+00 6.554373502731323242e-01 8.668045997619628906e-01 1.644058346748352051e+00 -7.919699549674987793e-01 -4.553029686212539673e-02
5.034984648227691650e-02 9.176933169364929199e-01 -5.863084923475980759e-03 -7.206308841705322266e-01 6.727346777915954590e-02 -1.992798298597335815e-01 7.892171144485473633e-01 -2.032857686281204224e-01 -1.827476859092712402e+00
-2.887658178806304932e-01 -5.050162076950073242e-01 1.280580401420593262e+00 -4.030311852693557739e-02 2.471052706241607666e-01 -1.362607955932617188e+00 1.587031930685043335e-01 6.754357814788818359e-01 -8.230499625205993652e-01
3.021595776081085205e-01 1.191377192735671997e-01 -2.149751409888267517e-02 8.114368319511413574e-01 -1.471202731132507324e+00 -1.418771594762802124e-01 2.595481574535369873e-01 2.882036846131086349e-03 -3.102142810821533203e-01
1.937620162963867188e+00 1.628746390342712402e+00 3.059684038162231445e-01 -3.318769037723541260e-01 -4.552404284477233887e-01 1.591246485710144043e+00 -1.841551780700683594e+00 9.080290794372558594e-01 -2.314046211540699005e-02
7.580041885375976562e-01 8.128792047500610352e-01 1.635782569646835327e-01 -1.319389104843139648e+00 -1.102793335914611816e+00 5.230222344398498535e-01 5.709923431277275085e-02 -3.127413690090179443e-01 -1.516098022460937500e+00
-2.181049883365631104e-01 -1.898196101188659668e+00 -2.384709417819976807e-01 -9.086616635322570801e-01 -9.358338117599487305e-01 -4.147926867008209229e-01 1.062544956803321838e-01 -9.987847805023193359e-01 1.294611215591430664e+00
-1.119661331176757812e-01 6.248778104782104492e-01 -1.113570213317871094e+00 4.470333456993103027e-01 -7.230669856071472168e-01 -4.419864118099212646e-01 6.090230941772460938e-01 -3.533728122711181641e-01 -5.932305008172988892e-02
-8.733789920806884766e-01 -1.234210014343261719e+00 -8.207837818190455437e-04 2.006099969148635864e-01 2.414117813110351562e+00 -1.514833420515060425e-01 -2.294214069843292236e-01 -5.942447185516357422e-01 3.136694729328155518e-01
-1.198270678520202637e+00 -2.332268953323364258e-01 -1.183121085166931152e+00 1.788496673107147217e-01 -2.302070617675781250e+00 -1.268134951591491699e+00 2.087909579277038574e-01 4.900206327438354492e-01 -6.095442771911621094e-01
6.563459634780883789e-01 9.947010874748229980e-01 8.266686201095581055e-01 -3.443403840065002441e-01 -2.843555212020874023e-01 -8.090892434120178223e-01 9.028087854385375977e-01 -2.822623550891876221e-01 -4.270773828029632568e-01
-4.768409430980682373e-01 -8.845515251159667969e-01 -7.486529946327209473e-01 1.244432806968688965e+00 -3.862221539020538330e-01 1.087096333503723145e+00 -2.295122146606445312e-01 1.045115709304809570e+00 -6.372588872909545898e-01
-2.604165375232696533e-01 6.278791427612304688e-01 -6.632212996482849121e-01 -8.559405803680419922e-01 -5.551408529281616211e-01 -5.566083788871765137e-01 -1.077057480812072754e+00 -4.001598060131072998e-01 -2.161630153656005859e+00
-6.503883004188537598e-01 -1.005457043647766113e+00 1.393747806549072266e+00 -8.972324728965759277e-01 2.709343433380126953e-01 -2.642389833927154541e-01 3.927294969558715820e+00 -7.071931958198547363e-01 4.630340039730072021e-01
-1.373231887817382812e+00 2.033866882324218750e+00 8.867847323417663574e-01 -1.579698801040649414e+00 1.285769581794738770e+00 5.744186043739318848e-01 -1.322168946266174316e+00 7.008146047592163086e-01 -1.639139950275421143e-01
-1.181446790695190430e+00 -1.237352564930915833e-01 9.288726449012756348e-01 8.253219723701477051e-01 3.409821689128875732e-01 -4.898290038108825684e-01 1.623865589499473572e-02 -1.846492528915405273e+00 9.509007930755615234e-01
2.828950583934783936e-01 -4.263252615928649902e-01 1.259236693382263184e+00 1.983034729957580566e+00 8.724921941757202148e-01 -3.215995311737060547e+00 1.672455482184886932e-02 1.044066071510314941e+00 6.826317310333251953e-01
9.001606702804565430e-01 -1.272458314895629883e+00 -2.300002336502075195e+00 2.308265119791030884e-01 -2.285984992980957031e+00 -1.229002475738525391e+00 -1.534485965967178345e-01 7.967317104339599609e-02 1.464578416198492050e-02
2.237366586923599243e-01 1.362949848175048828e+00 -4.821254312992095947e-01 1.559158205986022949e+00 -4.953666031360626221e-01 -1.251940131187438965e+00 7.666122317314147949e-01 -1.702338606119155884e-01 4.235989600419998169e-02
-1.367859691381454468e-01 5.683266520500183105e-01 -1.022584438323974609e+00 -2.050845623016357422e+00 1.488816440105438232e-01 6.833425760269165039e-01 -1.101629137992858887e+00 3.759504556655883789e-01 -3.452011346817016602e-01
9.698141217231750488e-01 -7.062038779258728027e-01 -1.231640670448541641e-02 -1.777045369148254395e+00 1.320331692695617676e-01 3.851397633552551270e-01 6.863945126533508301e-01 -1.356503725051879883e+00 4.851204454898834229e-01
-8.917897343635559082e-01 4.148300588130950928e-01 6.100460290908813477e-01 -7.728466391563415527e-01 -1.886098831892013550e-02 -1.515964508056640625e+00 -1.545152187347412109e+00 -4.179386198520660400e-01 1.186840295791625977e+00
1.179141283035278320e+00 -2.474794834852218628e-01 4.621328413486480713e-01 7.092463374137878418e-01 7.774218916893005371e-01 -4.563667476177215576e-01 6.554916501045227051e-01 -3.956424593925476074e-01 -1.160743355751037598e+00
-9.181563854217529297e-01 2.093369245529174805e+00 -4.906315803527832031e-01 -4.987740516662597656e-01 -6.426306813955307007e-02 -5.575242638587951660e-01 9.924776554107666016e-01 8.351137638092041016e-01 1.970976404845714569e-02
-2.514457702636718750e+00 -1.971909999847412109e-01 1.318942070007324219e+00 1.179769396781921387e+00 -1.376391530036926270e+00 -1.310643196105957031e+00 1.113253951072692871e+00 2.018695175647735596e-01 1.482156276702880859e+00
-1.004160404205322266e+00 1.470232486724853516e+00 -3.834346234798431396e-01 -5.279604196548461914e-01 8.149865269660949707e-02 -1.643273472785949707e+00 9.556302428245544434e-01 1.573746323585510254e+00 -6.534718871116638184e-01
7.558447718620300293e-01 -8.131175488233566284e-02 1.608773827552795410e+00 7.694165706634521484e-01 -4.341118633747100830e-01 -1.136198043823242188e+00 5.332077741622924805e-01 -5.577970743179321289e-01 2.005616128444671631e-01
-1.984156370162963867e+00 -1.780684478580951691e-02 -8.692519068717956543e-01 5.307319760322570801e-01 -3.252695500850677490e-01 9.051023721694946289e-01 2.573983967304229736e-01 9.870970845222473145e-01 1.284116983413696289e+00
8.895535022020339966e-02 5.761293172836303711e-01 1.076635122299194336e+00 -2.344670772552490234e+00 1.663652360439300537e-01 -2.639891020953655243e-02 -1.148096323013305664e+00 3.427879512310028076e-01 1.217046022415161133e+00
-1.332439422607421875e+00 -8.940946310758590698e-02 -5.237690210342407227e-01 5.112650990486145020e-01 -1.113895893096923828e+00 1.193553090095520020e+00 1.369151234626770020e+00 1.405223309993743896e-01 -5.675158500671386719e-01
-1.558769941329956055e+00 -5.401984453201293945e-01 7.873554229736328125e-01 5.985708236694335938e-01 -6.471947431564331055e-01 -1.267687068320810795e-03 8.524309992790222168e-01 -7.467221021652221680e-01 -8.727734088897705078e-01
-1.478290110826492310e-01 -1.122981786727905273e+00 4.510993957519531250e-01 2.911734282970428467e-01 1.569777250289916992e+00 -2.346987091004848480e-02 -2.791852951049804688e-01 2.785489857196807861e-01 -6.436044722795486450e-02
1.150808691978454590e+00 2.292214632034301758e+00 -8.637360483407974243e-02 8.637523055076599121e-01 1.089698791503906250e+00 5.422207713127136230e-01 2.513753473758697510e-01 -1.430294275283813477e+00 4.432315528392791748e-01
1.070536136627197266e+00 -5.261666774749755859e-01 2.051372289657592773e+00 1.860514283180236816e-02 -2.079692125320434570e+00 1.474183350801467896e-01 1.717704176902770996e+00 6.683782935142517090e-01 -9.704631567001342773e-01
5.588271021842956543e-01 8.641234636306762695e-01 8.682948946952819824e-01 9.002334475517272949e-01 -6.126766204833984375e-01 -2.056787759065628052e-01 -8.752376437187194824e-01 -1.691384196281433105e+00 4.263410344719886780e-02
-1.024458289146423340e+00 -2.479062557220458984e+00 1.385786652565002441e+00 7.343381047248840332e-01 1.009222507476806641e+00 -1.427435278892517090e+00 -2.297427356243133545e-01 1.135500743985176086e-01 8.174200654029846191e-01
4.358443990349769592e-02 1.344126462936401367e+00 2.000833272933959961e+00 1.209829449653625488e-01 4.853867292404174805e-01 -1.580833196640014648e-01 4.040909409523010254e-01 -2.204055309295654297e+00 2.102596044540405273e+00
-1.123346447944641113e+00 -1.915608406066894531e+00 1.051895260810852051e+00 -4.594876766204833984e-01 -2.443853318691253662e-01 -4.420761764049530029e-01 3.433977365493774414e-01 3.396784514188766479e-02 1.369686573743820190e-01
1.011809930205345154e-01 -7.274605631828308105e-01 1.269101738929748535e+00 7.001857757568359375e-01 1.130803599953651428e-01 -8.943499922752380371e-01 1.872332692146301270e-01 1.866392135620117188e+00 -4.924105405807495117e-01
-2.627174258232116699e-01 4.948554337024688721e-01 1.553603649139404297e+00 -7.321540117263793945e-01 -1.301261782646179199e+00 -4.965429659932851791e-03 8.510642647743225098e-01 -1.655157566070556641e+00 4.070430696010589600e-01
7.502864599227905273e-01 4.854848384857177734e-01 -6.798948049545288086e-01 1.878751993179321289e+00 -8.355177640914916992e-01 8.329616487026214600e-02 -3.978626728057861328e-01 -7.573749423027038574e-01 9.718202948570251465e-01
4.065978899598121643e-02 -9.342985153198242188e-01 9.398650377988815308e-03 -2.055544853210449219e+00 -4.567312300205230713e-01 -3.521729946136474609e+00 1.208984017372131348e+00 -1.469153165817260742e-01 -9.580020308494567871e-01
1.079166650772094727e+00 -3.322367668151855469e-01 -3.742974400520324707e-01 1.272613763809204102e+00 8.583835363388061523e-01 -8.535710573196411133e-01 1.288190126419067383e+00 -1.272036910057067871e+00 9.995527267456054688e-01
1.746762394905090332e+00 -1.772592812776565552e-01 -1.138418793678283691e+00 -6.688774228096008301e-01 1.571211576461791992e+00 -6.559649109840393066e-01 8.160663247108459473e-01 -6.496372818946838379e-01 -8.411596417427062988e-01
1.081127166748046875e+00 1.687451481819152832e+00 3.702380657196044922e-01 6.473707556724548340e-01 -1.797781586647033691e+00 7.709295302629470825e-02 1.213176369667053223e+00 -5.657415986061096191e-01 -1.150310635566711426e+00
1.581579685211181641e+00 -8.349350094795227051e-01 -1.970751881599426270e+00 -2.012666910886764526e-01 -2.873587012290954590e-01 -5.355579257011413574e-01 -1.577323079109191895e+00 -1.645155549049377441e-01 1.294541954994201660e+00
-5.178005099296569824e-01 -7.998082637786865234e-01 -3.591938316822052002e-01 -9.253487586975097656e-01 4.884524047374725342e-01 -1.085502862930297852e+00 1.083726286888122559e+00 -1.706010341644287109e+00 -1.193264365196228027e+00
4.142780303955078125e-01 -8.057060241699218750e-01 6.852293610572814941e-01 -3.304657042026519775e-01 4.161016643047332764e-01 -1.139121651649475098e+00 -2.285726964473724365e-01 9.685427546501159668e-01 6.263821721076965332e-01
2.079337686300277710e-01 -7.207357883453369141e-01 6.633365154266357422e-01 7.608134746551513672e-01 -1.997975230216979980e+00 1.579832583665847778e-01 2.867892980575561523e+00 8.220378756523132324e-01 4.157280623912811279e-01
3.368977010250091553e-01 -2.837307192385196686e-02 1.562422990798950195e+00 -6.612418293952941895e-01 1.464420318603515625e+00 -1.203211545944213867e+00 -7.947761416435241699e-01 4.302196502685546875e-01 1.024304389953613281e+00
-1.518561482429504395e+00 -2.955925703048706055e+00 6.158671975135803223e-01 -2.078017711639404297e+00 -1.193574070930480957e+00 -3.144186735153198242e-01 -1.739899277687072754e+00 -1.180054306983947754e+00 6.603571027517318726e-02
-2.122324466705322266e+00 -2.923424839973449707e-01 -9.482369422912597656e-01 -8.076862692832946777e-01 -2.266405344009399414e+00 -1.389596819877624512e+00 -5.009484887123107910e-01 9.289581775665283203e-01 -1.495334029197692871e+00
-3.814838230609893799e-01 5.845544934272766113e-01 -3.970321118831634521e-01 9.265320301055908203e-01 7.229855656623840332e-01 5.652173757553100586e-01 3.897897005081176758e-01 1.611765384674072266e+00 -5.460187792778015137e-01
7.527061700820922852e-01 -1.509823679924011230e+00 7.574213743209838867e-01 3.886643797159194946e-02 -4.251919984817504883e-01 -7.800146341323852539e-01 -1.432696580886840820e+00 -7.684052586555480957e-01 6.758432388305664062e-01
-4.988468289375305176e-01 6.959459781646728516e-01 1.130428910255432129e+00 -2.170077115297317505e-01 -1.469939231872558594e+00 -1.374232888221740723e+00 5.261663198471069336e-01 1.183310985565185547e+00 1.664279699325561523e-01
-6.493664979934692383e-01 6.840473413467407227e-01 -1.104656457901000977e+00 1.571171283721923828e+00 1.435425281524658203e+00 -1.402844548225402832e+00 1.573266744613647461e+00 3.997016847133636475e-01 -1.719373017549514771e-01
-2.250992774963378906e+00 -2.262516319751739502e-02 -1.129055395722389221e-01 -5.654853582382202148e-01 3.909648954868316650e-01 1.683764308691024780e-01 -1.214266180992126465e+00 7.338786125183105469e-01 -1.486878395080566406e+00
-1.504259109497070312e-01 -1.156493499875068665e-01 -3.460610518231987953e-03 -6.435368061065673828e-01 -1.016743659973144531e+00 5.299455523490905762e-01 3.538023531436920166e-01 4.751373827457427979e-01 1.598596572875976562e+00
-3.109006881713867188e-01 3.994171321392059326e-01 6.922272443771362305e-01 -2.839655280113220215e-01 -1.340398043394088745e-01 8.567090630531311035e-01 4.435917139053344727e-01 1.600180268287658691e+00 1.466719031333923340e+00
-1.154404520988464355e+00 4.179512560367584229e-01 1.678507685661315918e+00 1.715462684631347656e+00 -3.104745410382747650e-02 2.500829696655273438e-01 -4.099566340446472168e-01 -8.543328940868377686e-02 1.191246986389160156e+00
-2.398759126663208008e+00 -4.256384968757629395e-01 1.560736536979675293e+00 9.413622021675109863e-01 9.523831009864807129e-01 8.015355467796325684e-01 -3.030581474304199219e-01 -9.540668725967407227e-01 2.312797158956527710e-01
4.415002092719078064e-02 1.181446671485900879e+00 -6.363251209259033203e-01 1.424402594566345215e+00 -5.792918205261230469e-01 -1.503784537315368652e+00 -3.306881785392761230e-01 8.120908588171005249e-02 8.366204500198364258e-01
-9.389247000217437744e-02 7.557445168495178223e-01 1.209561347961425781e+00 -1.475147128105163574e+00 -1.556214809417724609e+00 9.897013902664184570e-01 -1.461504340171813965e+00 5.854555368423461914e-01 1.865428388118743896e-01
1.958194255828857422e+00 4.289638698101043701e-01 -1.088250279426574707e+00 -2.084172725677490234e+00 -5.599998235702514648e-01 9.572890996932983398e-01 -2.123378515243530273e-01 -1.464919209480285645e+00 4.931814968585968018e-01
-4.540725648403167725e-01 5.545230507850646973e-01 1.371081352233886719e+00 -1.731445074081420898e+00 -5.867959856986999512e-01 1.298064351081848145e+00 1.279520273208618164e+00 1.059056401252746582e+00 4.841403961181640625e-01
7.079871296882629395e-01 -6.820356845855712891e-01 -4.665424227714538574e-01 1.364317089319229126e-01 -5.570723414421081543e-01 -3.638243079185485840e-01 1.015033364295959473e+00 -2.038419723510742188e+00 -3.467936813831329346e-02
-3.267108798027038574e-01 -1.523446083068847656e+00 -6.211605072021484375e-01 -3.677995204925537109e-01 -1.249506354331970215e+00 -9.388188272714614868e-02 1.340475976467132568e-01 7.284847497940063477e-01 1.117130219936370850e-01
-4.094415530562400818e-02 8.715086579322814941e-01 8.034545779228210449e-01 -8.258429765701293945e-01 7.307101041078567505e-02 -2.629802823066711426e-01 -7.616927623748779297e-01 1.497930526733398438e+00 -1.458175778388977051e+00
2.293210849165916443e-02 -1.113552331924438477e+00 -1.506353616714477539e+00 -5.568125844001770020e-01 -8.917178511619567871e-01 -8.187530040740966797e-01 -1.130293488502502441e+00 1.053590416908264160e+00 -2.261743098497390747e-01
1.958123803138732910e+00 -1.285620808601379395e+00 -4.337348639965057373e-01 1.790922522544860840e+00 4.268010556697845459e-01 2.369451522827148438e-01 -7.999158501625061035e-01 -1.328008532524108887e+00 -2.204770445823669434e-01
-8.577182292938232422e-01 -1.418079495429992676e+00 1.705631852149963379e+00 -9.638819098472595215e-01 1.239811703562736511e-01 7.429183125495910645e-01 -1.216673016548156738e+00 1.113811492919921875e+00 6.459366083145141602e-01
-8.470599651336669922e-01 -4.409994781017303467e-01 1.098665595054626465e+00 -9.917860031127929688e-01 -6.594101339578628540e-02 -1.456384181976318359e+00 6.257195472717285156e-01 -1.860079169273376465e-01 -1.444858312606811523e-01
1.203177928924560547e+00 9.738031029701232910e-02 -3.252401053905487061e-01 -8.393142223358154297e-01 3.751558959484100342e-01 -5.369527265429496765e-02 1.081565499305725098e+00 2.258077859878540039e-01 -1.036951541900634766e+00
-9.739929437637329102e-01 1.949860572814941406e+00 -1.311311963945627213e-02 7.047127932310104370e-02 -2.278944700956344604e-01 5.751733183860778809e-01 1.101640760898590088e-01 1.127258539199829102e+00 4.125433266162872314e-01
-1.447317451238632202e-01 -1.307296395301818848e+00 -2.043980360031127930e-01 6.602711081504821777e-01 8.389278054237365723e-01 -2.952302396297454834e-01 7.928425818681716919e-02 7.483552694320678711e-01 -3.663631677627563477e-01
-1.363239526748657227e+00 -8.940333724021911621e-01 -1.487174272537231445e+00 -8.187605142593383789e-01 4.877027571201324463e-01 -9.330784678459167480e-01 2.035557925701141357e-01 1.575002551078796387e+00 -9.381719231605529785e-01
-3.054267466068267822e-01 2.132183164358139038e-01 7.212350368499755859e-01 8.251374959945678711e-01 1.659484744071960449e+00 -1.334041476249694824e+00 9.303749799728393555e-01 3.673705756664276123e-01 2.258953750133514404e-01
-3.102690279483795166e-01 3.959192708134651184e-02 -1.078569054603576660e+00 -2.205988317728042603e-01 -7.011954188346862793e-01 -8.874157071113586426e-01 -5.528584122657775879e-01 5.748768448829650879e-01 7.481168508529663086e-01
1.144339799880981445e+00 7.529475688934326172e-01 -5.796046257019042969e-01 -3.509722054004669189e-01 -5.275422930717468262e-01 -6.620527505874633789e-01 4.263875484466552734e-01 6.122766137123107910e-01 1.583210825920104980e-01
3.836393821984529495e-03 4.408762454986572266e-01 3.669023215770721436e-01 -1.759438812732696533e-01 -2.112027257680892944e-01 2.228355854749679565e-01 -1.321779608726501465e+00 -8.145708441734313965e-01 1.315818309783935547e+00
5.733571052551269531e-01 2.193105965852737427e-01 3.452558219432830811e-01 -5.926831960678100586e-01 -7.330552935600280762e-01 2.203503370285034180e+00 4.329862296581268311e-01 9.158665537834167480e-01 -1.477273553609848022e-01
-6.357018370181322098e-03 -6.268161535263061523e-01 1.445525288581848145e+00 -1.067671179771423340e+00 1.789058297872543335e-01 -3.411189615726470947e-01 1.266219854354858398e+00 9.623469710350036621e-01 -1.482748270034790039e+00
-8.690634965896606445e-01 1.061554312705993652e+00 -8.204172849655151367e-01 -4.369341135025024414e-01 5.328171849250793457e-01 -2.135929167270660400e-01 -8.535151481628417969e-01 1.926025003194808960e-01 -1.056792140007019043e+00
1.144126653671264648e+00 -9.502353668212890625e-01 -1.072984099388122559e+00 -1.389522314071655273e+00 8.422855287790298462e-02 -1.096409678459167480e+00 4.112660884857177734e-01 3.451411426067352295e-01 -1.832467079162597656e+00
1.754489183425903320e+00 1.055551886558532715e+00 1.601229757070541382e-01 7.021791934967041016e-01 -5.495672225952148438e-01 4.386946260929107666e-01 5.265156626701354980e-01 6.392807364463806152e-01 -2.189465761184692383e-01
-4.718755185604095459e-01 2.103499650955200195e+00 -1.660635471343994141e+00 4.879787862300872803e-01 1.720771193504333496e+00 -6.613385677337646484e-01 -1.208227276802062988e+00 -2.520808279514312744e-01 -7.720997929573059082e-01
-1.743158139288425446e-02 1.994642496109008789e+00 -6.474141478538513184e-01 -1.287534236907958984e-01 -6.954298615455627441e-01 -2.536664903163909912e-01 -5.029491782188415527e-01 1.546438217163085938e+00 3.337481021881103516e-01
4.125435352325439453e-01 -1.782951951026916504e-01 -3.154157996177673340e-01 8.417878299951553345e-03 -3.168973326683044434e-01 7.554814815521240234e-01 6.310311555862426758e-01 2.760157287120819092e-01 3.698576092720031738e-01
-1.140102505683898926e+00 8.569769263267517090e-01 3.247554600238800049e-01 1.675791740417480469e-01 2.267531394958496094e+00 1.622061967849731445e+00 -5.229060649871826172e-01 2.169472873210906982e-01 -9.345850348472595215e-02
-1.116714835166931152e+00 -1.534702330827713013e-01 1.464529633522033691e+00 -4.059050083160400391e-01 -1.144034862518310547e+00 -5.848544463515281677e-02 -1.153951644897460938e+00 -7.767121195793151855e-01 -2.568048834800720215e-01
-3.149442970752716064e-01 5.621030330657958984e-01 -4.258623719215393066e-01 -5.022213459014892578e-01 3.018125891685485840e-02 -1.705993175506591797e+00 3.471590876579284668e-01 -1.071089506149291992e+00 -3.030717372894287109e-01
7.858167886734008789e-01 -1.929133772850036621e+00 1.752221226692199707e+00 3.644668459892272949e-01 -9.719781875610351562e-01 1.014176130294799805e+00 -6.297124624252319336e-01 -3.012686967849731445e-02 3.434504270553588867e-01
-5.357567071914672852e-01 -1.890749335289001465e+00 -1.774339824914932251e-01 4.235303103923797607e-01 -6.820794343948364258e-01 -1.453925251960754395e+00 1.018257737159729004e+00 1.294578909873962402e+00 1.197899103164672852e+00
7.087799906730651855e-01 -9.370198845863342285e-01 -1.714072465896606445e+00 -7.009071111679077148e-01 2.918488681316375732e-01 -1.201251626014709473e+00 1.334692358970642090e+00 -7.579869031906127930e-01 -7.010443210601806641e-01
6.804287433624267578e-02 -2.398901283740997314e-01 2.158759355545043945e+00 -3.896638154983520508e-01 2.607601881027221680e-01 -2.575261831283569336e+00 -1.069338798522949219e+00 -2.962796092033386230e-01 1.780113279819488525e-01
-1.257849335670471191e+00 7.038719058036804199e-01 1.315057873725891113e-01 -1.052322983741760254e+00 2.688588500022888184e-01 -1.788002610206604004e+00 -2.154724486172199249e-02 2.804124057292938232e-01 1.355495154857635498e-01
9.852960109710693359e-01 -2.536426067352294922e+00 -4.312451779842376709e-01 2.504477739334106445e+00 3.084182739257812500e-01 -1.080867052078247070e+00 -2.651754021644592285e-01 -5.569964647293090820e-01 -1.097475767135620117e+00
3.394311368465423584e-01 4.633132815361022949e-01 -4.278433024883270264e-01 6.996663808822631836e-01 1.365476369857788086e+00 -1.005530834197998047e+00 9.459434151649475098e-01 4.708455801010131836e-01 -3.552748858928680420e-01
4.489392638206481934e-01 -1.459858179092407227e+00 -1.898146152496337891e+00 -3.436600267887115479e-01 -3.973982632160186768e-01 7.624257206916809082e-01 5.409020185470581055e-01 -6.487515568733215332e-01 -1.264940381050109863e+00
-9.861463308334350586e-01 2.390695661306381226e-01 -1.042668938636779785e+00 -6.620175242424011230e-01 9.988897442817687988e-01 1.891861855983734131e-02 1.329662919044494629e+00 -1.194871887564659119e-01 -2.630904614925384521e-01
-3.567320406436920166e-01 1.237972021102905273e+00 7.805843949317932129e-01 -1.856638789176940918e+00 -1.702235460281372070e+00 2.546708285808563232e-01 -1.951588541269302368e-01 4.550581276416778564e-01 -2.028771638870239258e-01
-4.771583080291748047e-01 -7.716923952102661133e-01 -2.387045860290527344e+00 5.255332589149475098e-01 1.429470628499984741e-01 2.239885926246643066e-01 -1.256992578506469727e+00 -1.830032944679260254e+00 4.198734760284423828e-01
4.615892171859741211e-01 1.345163226127624512e+00 6.910577416419982910e-01 -5.307492613792419434e-01 -3.343378603458404541e-01 9.676054716110229492e-01 -1.471027493476867676e+00 -6.565963476896286011e-02 9.173288196325302124e-02
7.331565618515014648e-01 1.184176325798034668e+00 -2.960242331027984619e-01 5.778781771659851074e-01 4.660376533865928650e-02 -2.218299061059951782e-01 -1.788489222526550293e+00 1.268714547157287598e+00 5.877807736396789551e-01
-5.899618864059448242e-01 1.352329730987548828e+00 1.461877346038818359e+00 -8.612818717956542969e-01 -6.157238483428955078e-01 -7.776974886655807495e-02 -8.992000669240951538e-02 5.762310698628425598e-02 -1.686651110649108887e+00
3.534597456455230713e-01 6.684850156307220459e-02 -1.420879602432250977e+00 2.751061618328094482e-01 -5.305913686752319336e-01 1.237643603235483170e-02 1.747946500778198242e+00 1.352679371833801270e+00 5.232584848999977112e-02
9.605885148048400879e-01 1.231450438499450684e+00 1.852894544601440430e+00 5.335973948240280151e-02 1.227934360504150391e+00 -6.285428404808044434e-01 -3.243387937545776367e-01 6.365554332733154297e-01 2.060871720314025879e-01
-5.686421692371368408e-02 -1.891128271818161011e-01 -1.271818757057189941e+00 -1.349884737282991409e-02 -1.341722905635833740e-01 -3.344594538211822510e-01 5.107176899909973145e-01 2.498826682567596436e-01 -6.674142479896545410e-01
-6.321115493774414062e-01 1.216233730316162109e+00 4.260193109512329102e-01 8.708724975585937500e-01 -3.546483039855957031e+00 -5.049746036529541016e-01 7.444355487823486328e-01 1.968962669372558594e+00 -8.675560951232910156e-01
-2.416707426309585571e-01 3.230493366718292236e-01 1.552264690399169922e+00 -4.673746824264526367e-01 -1.448568940162658691e+00 -5.114808082580566406e-01 -8.435950279235839844e-01 -9.900556802749633789e-01 2.408529259264469147e-02
-8.889842033386230469e-01 1.190766692161560059e+00 -3.037137389183044434e-01 -1.118206232786178589e-01 1.701632499694824219e+00 -7.934979200363159180e-01 -7.161416411399841309e-01 1.050845742225646973e+00 -1.061596155166625977e+00
4.569838941097259521e-01 -6.609802842140197754e-01 7.993308901786804199e-01 -1.729818619787693024e-02 4.777586553245782852e-03 -9.185172319412231445e-01 -8.905092477798461914e-01 -2.964118123054504395e-01 -3.613037988543510437e-02
-2.668389081954956055e+00 -6.007947027683258057e-02 -3.439209163188934326e-01 6.175401806831359863e-01 -1.942708194255828857e-01 -6.953414082527160645e-01 3.915932476520538330e-01 4.937019348144531250e-01 -7.589758932590484619e-02
-1.192347049713134766e+00 1.497269392013549805e+00 1.680482268333435059e+00 6.213834285736083984e-01 -6.201737523078918457e-01 3.298847973346710205e-01 8.330940008163452148e-01 -9.777452349662780762e-01 -2.950693666934967041e-01
-1.644733548164367676e+00 1.040116667747497559e+00 -7.895932197570800781e-01 -1.191549897193908691e+00 -1.404214054346084595e-01 3.354527354240417480e-01 -5.253399536013603210e-02 1.664502978324890137e+00 1.225325912237167358e-01
1.423169493675231934e+00 -7.790982127189636230e-01 -9.228281974792480469e-01 -6.010261178016662598e-01 -3.581457138061523438e-01 1.003174304962158203e+00 1.201283216476440430e+00 6.933785676956176758e-01 7.705477476119995117e-01
-4.397890567779541016e-01 1.691281646490097046e-01 7.387257218360900879e-01 1.620491385459899902e+00 7.689643502235412598e-01 -1.262935042381286621e+00 -6.290417164564132690e-02 -2.582831680774688721e-01 -4.273663461208343506e-02
-1.701765298843383789e+00 9.897326231002807617e-01 3.149991035461425781e-01 -1.629856109619140625e+00 6.760264933109283447e-02 -1.098759055137634277e+00 1.263090252876281738e+00 -9.301519393920898438e-01 6.130501031875610352e-01
