-1.181357264518737793e+00
-4.170210361480712891e-01
6.850105524063110352e-02
2.099167108535766602e-01
-2.029472589492797852e-01
-2.093170285224914551e-01
-2.772748768329620361e-01
7.324432581663131714e-02
5.193480253219604492e-01
-1.228922247886657715e+00
9.353915452957153320e-01
8.288705348968505859e-01
1.517773151397705078e+00
3.679839074611663818e-01
4.404467046260833740e-01
-1.069409325718879700e-01
-5.491031408309936523e-01
1.834030270576477051e+00
-7.728234399110078812e-03
1.258997768163681030e-01
-6.237933635711669922e-01
-5.420101284980773926e-01
1.008374094963073730e+00
-6.427177190780639648e-01
2.287960201501846313e-01
-8.572539687156677246e-01
-7.651780247688293457e-01
3.014659643173217773e+00
-1.053520560264587402e+00
-8.414359092712402344e-01
2.336337566375732422e-01
-1.159896105527877808e-01
-2.929555177688598633e-01
2.233453989028930664e-01
7.924566268920898438e-01
-5.964370444416999817e-02
-4.479199945926666260e-01
-9.967924952507019043e-01
6.324918568134307861e-02
-1.160467654699459672e-04
-1.299058914184570312e+00
-8.039399981498718262e-02
1.338108539581298828e+00
3.344237804412841797e-01
1.279722690582275391e+00
-1.155933141708374023e+00
-1.375643134117126465e+00
-8.904869556427001953e-01
-6.470578908920288086e-01
-2.496953010559082031e-01
-1.062823295593261719e+00
-6.574156284332275391e-01
-9.399254322052001953e-01
-8.193395286798477173e-02
2.823864817619323730e-01
1.147765278816223145e+00
-7.045453190803527832e-01
-7.432961463928222656e-01
-1.257248044013977051e+00
-3.825052082538604736e-01
1.102469444274902344e+00
-1.584412932395935059e+00
4.627964794635772705e-01
-1.417971402406692505e-01
6.626744866371154785e-01
-1.732421994209289551e+00
-1.499811887741088867e+00
7.771427035331726074e-01
2.633295059204101562e-01
1.309603214263916016e+00
-1.077515959739685059e+00
8.682282567024230957e-01
7.025215029716491699e-01
3.086917102336883545e-01
1.259125769138336182e-01
-3.597114980220794678e-01
2.722499333322048187e-02
-1.849173784255981445e+00
-7.852754741907119751e-02
3.016991913318634033e-01
1.357280969619750977e+00
5.253375768661499023e-01
5.568085312843322754e-01
2.372980117797851562e+00
6.626123785972595215e-01
1.531634926795959473e+00
9.279820322990417480e-01
-7.367571592330932617e-01
-1.033196926116943359e+00
1.183395385742187500e+00
-9.077593088150024414e-01
-1.158560276031494141e+00
1.085107922554016113e+00
-1.838230341672897339e-01
-6.706426739692687988e-01
-5.750591158866882324e-01
-4.764084219932556152e-01
-1.872772693634033203e+00
1.144791007041931152e+00
-1.783866047859191895e+00
6.332561373710632324e-01
1.485116630792617798e-01
5.688883066177368164e-01
7.138220667839050293e-01
1.309138178825378418e+00
-9.232303500175476074e-01
-5.926682949066162109e-01
5.188862681388854980e-01
1.146726012229919434e+00
1.337596923112869263e-01
1.306259334087371826e-01
-1.586252331733703613e+00
6.496688723564147949e-01
2.443850040435791016e-01
-5.870797112584114075e-02
-5.487740039825439453e-01
8.031229376792907715e-01
8.677446842193603516e-01
-1.771984577178955078e+00
-4.131397306919097900e-01
4.186813160777091980e-02
1.577975600957870483e-01
-9.371595829725265503e-02
8.125115036964416504e-01
-4.407305717468261719e-01
1.800511479377746582e+00
-2.196048051118850708e-01
-7.025726437568664551e-01
5.474783182144165039e-01
-5.732491845265030861e-04
-7.389595508575439453e-01
3.242838978767395020e-01
-1.016636043787002563e-01
-2.495043277740478516e+00
2.665383219718933105e-01
-2.735430002212524414e-01
1.393520712852478027e+00
7.742351889610290527e-01
7.851897180080413818e-02
-1.755022048950195312e+00
1.781516671180725098e-01
-6.398475766181945801e-01
7.248302102088928223e-01
-4.377484023571014404e-01
9.150784611701965332e-01
1.203421831130981445e+00
-1.746230602264404297e+00
-3.175255358219146729e-01
-1.686263382434844971e-01
1.299232959747314453e+00
1.288170576095581055e+00
-1.037423610687255859e+00
4.431042075157165527e-01
2.094388484954833984e+00
6.570101976394653320e-01
7.339872121810913086e-01
-6.497704982757568359e-01
1.361203908920288086e+00
-2.419482767581939697e-01
-4.073744118213653564e-01
1.594184488058090210e-01
-3.427498741075396538e-03
-1.629662632942199707e+00
2.030648469924926758e+00
1.957074165344238281e+00
-2.584249079227447510e-01
-3.883272781968116760e-02
-1.091923192143440247e-01
6.160899996757507324e-01
-9.330981373786926270e-01
2.770738005638122559e-01
2.539210557937622070e+00
-4.217787384986877441e-01
-1.197763085365295410e+00
4.326107800006866455e-01
1.049965143203735352e+00
1.001446485519409180e+00
3.982293009757995605e-01
3.683276241645216942e-03
-3.725342154502868652e-01
9.711127281188964844e-01
-7.763959169387817383e-01
3.589210510253906250e-01
1.424923092126846313e-01
-6.430476903915405273e-02
9.284700155258178711e-01
-8.706332445144653320e-01
-2.236678600311279297e-01
1.287817478179931641e+00
1.389417886734008789e+00
-2.126967906951904297e+00
-2.321798324584960938e+00
-9.341901540756225586e-02
-4.150817990303039551e-01
8.017534017562866211e-01
8.409047126770019531e-01
8.670531511306762695e-01
9.095527529716491699e-01
8.258392810821533203e-01
1.874750614166259766e+00
