2.582599408924579620e-02
1.854846626520156860e-02
-4.291897639632225037e-02
7.083674520254135132e-02
-2.587986178696155548e-02
-2.216174267232418060e-02
7.580265402793884277e-03
7.230919599533081055e-02
3.666239976882934570e-02
1.379063539206981659e-02
7.743842899799346924e-02
-3.883523866534233093e-03
-4.246671125292778015e-02
9.437205642461776733e-02
6.553022563457489014e-02
1.726937107741832733e-02
-1.873820275068283081e-02
-5.304623022675514221e-02
1.160404412075877190e-03
-4.553974140435457230e-03
5.762925837188959122e-03
3.507462516427040100e-02
-3.858921700157225132e-04
1.997060887515544891e-02
-9.736259281635284424e-02
-2.018145285546779633e-02
4.043227434158325195e-02
1.220610886812210083e-01
-1.150849238038063049e-01
-6.795487552881240845e-02
-3.251537447795271873e-03
5.883384495973587036e-03
-1.782887428998947144e-02
2.888687327504158020e-02
5.095123779028654099e-04
3.112445957958698273e-02
4.608982801437377930e-02
2.798060141503810883e-02
-2.890443243086338043e-02
3.361888229846954346e-02
-1.117868199944496155e-01
-1.915497705340385437e-02
-1.432581897825002670e-02
9.348551928997039795e-02
-5.541951954364776611e-02
1.900094933807849884e-02
-4.195842891931533813e-02
-2.648275345563888550e-02
-2.862104400992393494e-02
-8.593783527612686157e-02
2.073992788791656494e-02
-7.615229580551385880e-03
-3.601678181439638138e-03
-9.527525305747985840e-02
1.325284838676452637e-01
-1.196097116917371750e-02
-3.430587798357009888e-02
3.571286331862211227e-03
1.148079484701156616e-01
2.869319869205355644e-03
-1.976502873003482819e-02
-1.007288992404937744e-01
-7.025086134672164917e-02
-3.191581740975379944e-02
4.068519920110702515e-02
2.363616973161697388e-02
3.767182305455207825e-02
-1.151802837848663330e-01
4.005105234682559967e-03
-2.229814976453781128e-02
5.084186792373657227e-02
8.749900013208389282e-02
1.155401468276977539e-01
-5.166045948863029480e-02
8.337588608264923096e-02
1.125585064291954041e-01
4.577602073550224304e-02
5.181444436311721802e-02
-6.291734520345926285e-03
2.944648033007979393e-03
-2.713646739721298218e-02
-3.346524015069007874e-02
-3.949418198317289352e-03
-2.591152489185333252e-02
-4.496894404292106628e-02
4.894698783755302429e-02
-1.406843308359384537e-02
-6.433693226426839828e-03
-4.521223157644271851e-02
6.705971434712409973e-03
2.300088852643966675e-02
-4.799312725663185120e-02
4.758491739630699158e-02
-5.191933736205101013e-02
2.369495108723640442e-02
9.978002309799194336e-02
2.220509573817253113e-03
-1.915080659091472626e-02
-8.097968250513076782e-02
-3.458716720342636108e-02
-9.445353411138057709e-03
-6.578715145587921143e-02
-2.355590648949146271e-02
4.844145104289054871e-02
2.294634468853473663e-02
-1.298513356596231461e-02
4.847377166152000427e-02
-1.096631139516830444e-01
2.350043132901191711e-02
1.194919180124998093e-02
-5.544906482100486755e-02
2.404733933508396149e-02
1.405116356909275055e-02
-1.927893981337547302e-02
-5.158736556768417358e-02
-2.618983946740627289e-02
2.787175960838794708e-02
1.455068867653608322e-02
-1.942200027406215668e-02
8.375462144613265991e-02
-1.994475163519382477e-02
-1.171491220593452454e-01
7.626727223396301270e-03
-7.733524590730667114e-02
7.924377918243408203e-02
2.296178787946701050e-02
3.442129818722605705e-03
8.654487133026123047e-02
4.605977982282638550e-02
1.414022501558065414e-02
-1.177684217691421509e-02
3.750498220324516296e-02
4.691568389534950256e-02
-2.251761965453624725e-02
3.193030133843421936e-02
-2.155481837689876556e-03
4.247189313173294067e-02
9.750309400260448456e-03
-4.052105545997619629e-02
1.432063523679971695e-02
-6.758250296115875244e-02
1.043272390961647034e-02
-4.198838956654071808e-03
8.095910772681236267e-03
8.405501954257488251e-03
-7.017304003238677979e-02
3.554222732782363892e-02
-2.335102856159210205e-02
1.340514607727527618e-02
4.059891775250434875e-02
7.081233896315097809e-03
-7.914938032627105713e-03
2.182275755330920219e-03
-9.374258667230606079e-02
-1.158112511038780212e-01
1.033079326152801514e-01
-4.210286214947700500e-02
5.977629497647285461e-02
5.583262443542480469e-02
-4.769074916839599609e-02
2.027651667594909668e-02
1.344655603170394897e-01
-2.566928975284099579e-02
-3.073081839829683304e-03
-3.891299664974212646e-02
-5.992564931511878967e-02
-6.366583704948425293e-02
2.711493521928787231e-02
4.125989228487014771e-02
-2.506167069077491760e-02
-4.305016249418258667e-02
-4.764830321073532104e-02
2.952763251960277557e-02
-1.259652972221374512e-01
5.970663856714963913e-03
3.717040270566940308e-02
3.250813856720924377e-02
2.199985086917877197e-02
-3.048041649162769318e-02
2.906325459480285645e-02
7.081621885299682617e-02
2.479189075529575348e-02
-9.152810089290142059e-03
-1.882022805511951447e-02
-3.170441091060638428e-02
5.711193382740020752e-02
5.555099248886108398e-02
-8.715850114822387695e-02
9.390878677368164062e-02
1.599626429378986359e-02
1.591962389647960663e-02
-2.422432973980903625e-02
-3.439939767122268677e-02
-1.434927433729171753e-01
-1.795433647930622101e-02
-6.834048312157392502e-03
5.538185313344001770e-02
-4.516251385211944580e-02
2.935415692627429962e-02
1.932145655155181885e-02
