-2.065256088972091675e-01
-2.305172979831695557e-01
-6.857568770647048950e-02
-2.435020357370376587e-01
-1.669046580791473389e-01
-1.741727441549301147e-01
-1.811533570289611816e-01
-1.360643953084945679e-01
-1.637555658817291260e-01
-2.549580335617065430e-01
-2.487638592720031738e-01
-1.800080984830856323e-01
-1.981637328863143921e-01
-2.429632544517517090e-01
-2.612044811248779297e-01
-1.516577005386352539e-01
-2.830764949321746826e-01
-1.428173631429672241e-01
-1.845571249723434448e-01
-1.341021955013275146e-01
-1.269508302211761475e-01
-1.606412082910537720e-01
-1.605086028575897217e-01
-9.542164206504821777e-02
-2.443168610334396362e-01
-1.656251251697540283e-01
-1.922701150178909302e-01
-1.864119470119476318e-01
-1.785115897655487061e-01
-2.201487720012664795e-01
-1.282045990228652954e-01
-1.171557381749153137e-01
-1.914018690586090088e-01
-1.673348695039749146e-01
-1.505767256021499634e-01
-2.547037005424499512e-01
-2.143169045448303223e-01
-2.260369509458541870e-01
-2.072345912456512451e-01
-2.180492430925369263e-01
-3.086283206939697266e-01
-2.765819132328033447e-01
-1.234650984406471252e-01
-1.989027708768844604e-01
-8.060026168823242188e-02
-2.500492334365844727e-01
-1.598020642995834351e-01
-2.291622012853622437e-01
-1.180502623319625854e-01
-1.177316978573799133e-01
-2.152408063411712646e-01
-2.475037127733230591e-01
-2.206332683563232422e-01
-1.064475625753402710e-01
-1.552049368619918823e-01
-1.893716901540756226e-01
-1.670688837766647339e-01
-2.323755174875259399e-01
-1.882729679346084595e-01
-1.619410514831542969e-01
-2.779875993728637695e-01
1.673024729825556278e-03
-1.682744771242141724e-01
-1.692124754190444946e-01
-1.851257234811782837e-01
-2.325124740600585938e-01
-1.506042629480361938e-01
-2.681216597557067871e-01
-1.484938710927963257e-01
-2.877230644226074219e-01
-2.851149141788482666e-01
-1.532589197158813477e-01
-2.244938611984252930e-01
-1.129147484898567200e-01
-1.615037471055984497e-01
-8.647630363702774048e-02
-2.488594204187393188e-01
-2.378880232572555542e-01
-2.079025655984878540e-01
-1.570286154747009277e-01
-2.411689758300781250e-01
-2.629824280738830566e-01
-1.897180080413818359e-01
-1.476977765560150146e-01
-7.981321215629577637e-02
-1.070702672004699707e-01
-1.557230055332183838e-01
-1.858813166618347168e-01
-1.649799495935440063e-01
-2.356675118207931519e-01
-2.816365957260131836e-01
-2.623514235019683838e-01
-2.066909074783325195e-01
-6.667789071798324585e-02
-1.928332895040512085e-01
-1.650591343641281128e-01
-1.739546656608581543e-01
-1.258872002363204956e-01
-2.081573605537414551e-01
-2.339550405740737915e-01
-2.567124664783477783e-01
-1.269211918115615845e-01
-1.953168511390686035e-01
-3.103423118591308594e-02
-2.363063693046569824e-01
-2.590214014053344727e-01
-1.023221760988235474e-01
-8.525829762220382690e-02
-7.465068250894546509e-02
-1.733980029821395874e-01
-2.565909028053283691e-01
-2.782829701900482178e-01
-1.371984183788299561e-01
-1.332600563764572144e-01
-2.192114889621734619e-01
-1.899346560239791870e-01
-2.583607137203216553e-01
-3.178729414939880371e-01
-1.323755234479904175e-01
-2.837776243686676025e-01
-2.028851062059402466e-01
-7.379576563835144043e-02
-3.010568022727966309e-01
-1.658547073602676392e-01
-1.041029244661331177e-01
-8.588682860136032104e-02
-2.150088548660278320e-01
-1.966918408870697021e-01
-2.233854234218597412e-01
-2.347662746906280518e-01
-2.277006357908248901e-01
-2.359267473220825195e-01
-9.978213906288146973e-02
-1.044668257236480713e-01
-1.551805734634399414e-01
-1.756852120161056519e-01
-9.331290423870086670e-02
-2.042250484228134155e-01
-2.528355121612548828e-01
-2.313628196716308594e-01
-1.964842826128005981e-01
-1.866271346807479858e-01
-2.344235777854919434e-01
-6.042610481381416321e-02
-2.381264567375183105e-01
-1.544880867004394531e-01
-2.463192939758300781e-01
-1.479140073060989380e-01
-1.233430728316307068e-01
-2.468599379062652588e-01
-1.849063038825988770e-01
-1.861715018749237061e-01
-1.445398777723312378e-01
-1.423791795969009399e-01
-1.718482226133346558e-01
-2.231538593769073486e-01
-2.484132647514343262e-01
-1.193936467170715332e-01
-1.103298962116241455e-01
-6.425920128822326660e-02
-2.693240642547607422e-01
-6.038058176636695862e-02
-1.318318396806716919e-01
-2.245118021965026855e-01
-2.636040747165679932e-01
-8.024471253156661987e-02
-1.247803196310997009e-01
-1.103560253977775574e-01
-1.340125799179077148e-01
-2.398389726877212524e-01
-1.011185050010681152e-01
-1.224338561296463013e-01
-1.885022073984146118e-01
-1.259415596723556519e-01
-2.088007628917694092e-01
-1.444564163684844971e-01
-7.841896265745162964e-02
-1.244899034500122070e-01
-1.347443610429763794e-01
-1.112535372376441956e-01
-1.409924328327178955e-01
-1.304786205291748047e-01
-2.200448811054229736e-01
-1.919848918914794922e-01
-1.276219487190246582e-01
-1.617305874824523926e-01
-1.251583695411682129e-01
-1.095444485545158386e-01
-2.018412053585052490e-01
-3.423613905906677246e-01
-2.521400451660156250e-01
-1.609855443239212036e-01
-2.814087271690368652e-01
-9.259309619665145874e-02
-1.824084520339965820e-01
-1.303146630525588989e-01
-2.591193914413452148e-01
-2.385738492012023926e-01
-3.025756180286407471e-01
-8.479710668325424194e-02
