1.834439672529697418e-02
1.595344692468643188e-01
-9.962301701307296753e-04
8.076798915863037109e-02
-1.063264086842536926e-01
-3.179713338613510132e-02
1.637416929006576538e-01
-2.134690620005130768e-02
6.252100318670272827e-02
8.970907330513000488e-02
8.789189159870147705e-02
1.177139282226562500e-01
-1.370639055967330933e-01
-1.173156127333641052e-01
8.562237955629825592e-03
1.431920379400253296e-01
-4.057065770030021667e-02
1.891775876283645630e-01
-2.560180379077792168e-03
2.673410177230834961e-01
4.148193448781967163e-02
2.098986059427261353e-01
2.178147248923778534e-02
2.202168703079223633e-01
-5.678928643465042114e-02
-1.325487196445465088e-01
2.340902090072631836e-01
-1.294015198945999146e-01
6.665158271789550781e-02
1.351463198661804199e-01
