-8.859245479106903076e-02
-9.558761119842529297e-02
-2.115721851587295532e-01
-2.003973126411437988e-01
-1.395694613456726074e-01
-1.300654560327529907e-01
-1.154279485344886780e-01
-1.512255817651748657e-01
-1.188409328460693359e-01
-1.062995046377182007e-01
-1.471772491931915283e-01
-1.792595684528350830e-01
-1.875570714473724365e-01
-8.046601712703704834e-02
-1.939210295677185059e-01
-1.718510091304779053e-01
-5.848020687699317932e-02
-1.293471306562423706e-01
-1.699737906455993652e-01
-1.635750830173492432e-01
-1.804423183202743530e-01
-2.114487290382385254e-01
-1.067420318722724915e-01
-1.090579293668270111e-02
-1.288642138242721558e-01
-9.312745183706283569e-02
-1.229094266891479492e-01
-1.248518154025077820e-01
-8.785469830036163330e-02
-6.344874948263168335e-02
-1.701880991458892822e-01
-1.926382184028625488e-01
-7.457502186298370361e-02
-8.590005338191986084e-02
-1.198491677641868591e-01
-7.807948440313339233e-02
-1.850837171077728271e-01
-2.182953208684921265e-01
-1.650283336639404297e-01
-9.965532273054122925e-02
-6.403104960918426514e-02
-3.438748791813850403e-02
-1.457923501729965210e-01
-5.105447769165039062e-02
-1.906106770038604736e-01
-1.086036190390586853e-01
-9.915243834257125854e-02
-7.041896134614944458e-02
-1.793705821037292480e-01
-2.092225253582000732e-01
-1.181998997926712036e-01
-1.332782059907913208e-01
-8.597315102815628052e-02
-1.389531642198562622e-01
-9.207033365964889526e-02
-7.434099167585372925e-02
-7.859396934509277344e-02
-4.561931267380714417e-02
-4.984823241829872131e-02
-1.227297708392143250e-01
-1.182357966899871826e-01
-1.054621338844299316e-01
-1.322430521249771118e-01
-1.141243204474449158e-01
-1.552488505840301514e-01
-2.337931096553802490e-01
-1.965101510286331177e-01
-1.700682640075683594e-01
-9.191410988569259644e-02
-1.122660785913467407e-01
-1.501102149486541748e-01
-1.663255244493484497e-01
-8.072020858526229858e-02
-1.874971985816955566e-01
-1.258345097303390503e-01
-2.241241745650768280e-02
-1.737520098686218262e-01
-6.330560147762298584e-02
-1.390574872493743896e-01
-9.185739606618881226e-02
-1.118305698037147522e-01
-1.038543805480003357e-01
-2.093478292226791382e-01
-1.094914749264717102e-01
-5.301237106323242188e-02
-2.198258787393569946e-01
-7.330858707427978516e-02
-1.785295456647872925e-01
-1.232210919260978699e-01
-1.793124824762344360e-01
-1.609119325876235962e-01
-2.161615192890167236e-01
-1.352727115154266357e-01
-1.535179466009140015e-01
-1.426723897457122803e-01
-1.996492743492126465e-01
-1.096301004290580750e-01
-1.178437471389770508e-01
-1.437406986951828003e-01
-1.810917705297470093e-01
-4.993990436196327209e-02
-1.614098995923995972e-01
-8.401891589164733887e-02
-1.867143064737319946e-01
-1.601918041706085205e-01
-1.879000514745712280e-01
-1.386887133121490479e-01
-1.914310008287429810e-01
-8.491578698158264160e-02
-4.885343462228775024e-02
-7.194310426712036133e-02
-1.182183399796485901e-01
-8.622445911169052124e-02
-7.876309752464294434e-02
-1.004221066832542419e-01
-1.630300879478454590e-01
-1.735020577907562256e-01
-7.639804482460021973e-02
-1.739835590124130249e-01
-1.646243929862976074e-01
-7.326116412878036499e-02
-4.652717709541320801e-02
-1.241978108882904053e-01
-2.630122937262058258e-02
-5.583713203668594360e-02
-9.910456836223602295e-02
-1.158546358346939087e-01
-1.909848004579544067e-01
-8.711625635623931885e-02
-7.779497653245925903e-02
-1.473645567893981934e-01
-1.174518987536430359e-01
-1.172255203127861023e-01
-1.011935546994209290e-01
-1.248030439019203186e-01
-7.943951338529586792e-02
-1.143229231238365173e-01
-1.249805986881256104e-01
-8.165475726127624512e-02
-1.115807816386222839e-01
-1.142146885395050049e-01
-9.592723101377487183e-02
-1.913719475269317627e-01
-1.268713027238845825e-01
-1.063248217105865479e-01
-1.320145279169082642e-01
-1.040168777108192444e-01
-1.273747086524963379e-01
-1.130541563034057617e-01
-2.782391570508480072e-02
-1.084228605031967163e-01
-5.202540382742881775e-02
-1.130350232124328613e-01
-1.828648447990417480e-01
-2.086469978094100952e-01
-6.201948598027229309e-02
-9.948986768722534180e-02
-1.129273325204849243e-01
-2.040899842977523804e-01
-1.289756447076797485e-01
-2.909390628337860107e-02
-1.877719908952713013e-01
-1.193691939115524292e-01
-1.046124845743179321e-01
-6.677355617284774780e-02
-2.188350707292556763e-01
-1.112100854516029358e-01
-1.529614031314849854e-01
-2.458383291959762573e-01
-1.205696836113929749e-01
-7.277907431125640869e-02
-1.356684565544128418e-01
-1.842013448476791382e-01
-9.435699880123138428e-02
-1.884606480598449707e-01
-5.976707488298416138e-02
-9.740810841321945190e-02
-1.944122314453125000e-01
-1.553202569484710693e-01
-2.058043628931045532e-01
-1.246043369174003601e-01
-4.614974930882453918e-02
-2.011796683073043823e-01
-5.613744631409645081e-02
-1.286937594413757324e-01
-4.188459366559982300e-02
-1.420352011919021606e-01
-9.691236913204193115e-02
-1.784021854400634766e-01
-6.855624914169311523e-02
-1.620163768529891968e-01
-2.170044332742691040e-01
-2.138977944850921631e-01
-1.010600104928016663e-01
-1.802872121334075928e-01
-1.559725552797317505e-01
-1.352511793375015259e-01
-2.251287400722503662e-01
-2.475691437721252441e-01
-2.074173241853713989e-01
