-9.533189535140991211e-01
-1.110771536827087402e+00
-1.058570981025695801e+00
-8.108733296394348145e-01
-1.510984897613525391e+00
-1.454709529876708984e+00
-1.449022769927978516e+00
-1.344361782073974609e+00
-1.373916387557983398e+00
-1.246711492538452148e+00
-1.248459577560424805e+00
-1.829382538795471191e+00
-1.576469063758850098e+00
-1.280238151550292969e+00
-7.429199814796447754e-01
-1.047910213470458984e+00
-1.731649756431579590e+00
-2.187372684478759766e+00
-1.195358633995056152e+00
-1.661916375160217285e+00
-1.124173402786254883e+00
-1.091477990150451660e+00
-1.932308197021484375e+00
-1.334071874618530273e+00
-9.007388353347778320e-01
-1.420546174049377441e+00
-9.438852071762084961e-01
-1.311498403549194336e+00
-1.506116628646850586e+00
-1.238566279411315918e+00
-6.003934741020202637e-01
-1.837679147720336914e+00
-1.509529829025268555e+00
-1.454551577568054199e+00
-1.426412463188171387e+00
-1.027846455574035645e+00
-1.366437554359436035e+00
-1.415937185287475586e+00
-1.943426489830017090e+00
-8.745977878570556641e-01
-6.874119639396667480e-01
-1.830627918243408203e+00
-1.400791406631469727e+00
-1.417127728462219238e+00
-5.643932819366455078e-01
-8.453884124755859375e-01
-2.302037239074707031e+00
-1.451222777366638184e+00
-1.845375418663024902e+00
-1.521775126457214355e+00
-5.977802276611328125e-01
-8.699568510055541992e-01
-1.980123043060302734e+00
-1.353090524673461914e+00
-6.317962408065795898e-01
-9.401683807373046875e-01
-4.871167540550231934e-01
-2.417540073394775391e+00
-9.361241459846496582e-01
-7.108288407325744629e-01
-2.045686960220336914e+00
-6.436151266098022461e-01
-9.039089083671569824e-01
-1.159749507904052734e+00
-4.882710576057434082e-01
-7.390707731246948242e-01
-1.452709436416625977e+00
-4.661985039710998535e-01
-1.402079582214355469e+00
-1.379161238670349121e+00
-1.904457449913024902e+00
-2.416760921478271484e+00
-8.760840296745300293e-01
-1.581497550010681152e+00
-1.090716123580932617e+00
-8.313258290290832520e-01
-1.401663303375244141e+00
-1.229323148727416992e+00
-7.837052345275878906e-01
-2.212617874145507812e+00
-1.278931617736816406e+00
-1.933037638664245605e+00
-7.587162256240844727e-01
-1.571471571922302246e+00
-4.456927776336669922e-01
-1.196229100227355957e+00
-1.867712736129760742e+00
-1.618528366088867188e+00
-1.610939979553222656e+00
-1.143481016159057617e+00
-1.495890259742736816e+00
-1.218808174133300781e+00
-2.043429136276245117e+00
-1.111549735069274902e+00
-1.576646566390991211e+00
-7.734056711196899414e-01
-1.288107514381408691e+00
-1.303603410720825195e+00
-7.612004876136779785e-01
-1.218908309936523438e+00
-1.394205451011657715e+00
-1.947528004646301270e+00
-5.671270489692687988e-01
-5.872982144355773926e-01
-4.713161587715148926e-01
-1.184687733650207520e+00
-5.762580633163452148e-01
-6.133311986923217773e-01
-1.720867991447448730e+00
-1.941556572914123535e+00
-1.453611493110656738e+00
-1.780364871025085449e+00
-1.406940221786499023e+00
-1.205708384513854980e+00
-2.074091911315917969e+00
-1.259413719177246094e+00
-1.924896478652954102e+00
-2.278535813093185425e-01
-1.239476561546325684e+00
-1.106629252433776855e+00
-1.357036828994750977e-01
-9.689980149269104004e-01
-1.514066815376281738e+00
-1.940330982208251953e+00
-1.257618784904479980e+00
-1.625149011611938477e+00
-4.321040809154510498e-01
-1.677904248237609863e+00
-1.427601814270019531e+00
-1.623210310935974121e+00
-1.736440300941467285e+00
-5.635354518890380859e-01
-1.316690564155578613e+00
-8.645149469375610352e-01
-2.829757928848266602e+00
-1.168899655342102051e+00
-1.223750829696655273e+00
-6.531680226325988770e-01
-1.791238188743591309e+00
-4.959281682968139648e-01
-1.485603451728820801e+00
-1.807732582092285156e+00
-1.957663178443908691e+00
-1.092533111572265625e+00
-2.152108907699584961e+00
-2.219450712203979492e+00
-1.227703452110290527e+00
-1.328018665313720703e+00
-1.856551051139831543e+00
-4.908997416496276855e-01
-1.748433232307434082e+00
-1.835074186325073242e+00
-1.051617741584777832e+00
-1.496897101402282715e+00
-1.877107381820678711e+00
-5.489954352378845215e-01
-2.091363430023193359e+00
-5.454173088073730469e-01
-6.728445887565612793e-01
-5.568603277206420898e-01
-2.137731790542602539e+00
-1.149089694023132324e+00
-1.116041302680969238e+00
-6.613563299179077148e-01
-1.119610071182250977e+00
-1.813515067100524902e+00
-1.573744773864746094e+00
-1.208101153373718262e+00
-1.874297618865966797e+00
-7.499540448188781738e-01
-2.255275011062622070e+00
-3.941015601158142090e-01
-3.333098292350769043e-01
-8.924392461776733398e-01
-2.414535522460937500e+00
-1.714973092079162598e+00
-4.936974048614501953e-01
-1.487627387046813965e+00
-1.751213908195495605e+00
-2.252502202987670898e+00
-3.003771901130676270e-01
-1.488371372222900391e+00
-1.131284236907958984e+00
-8.010998964309692383e-01
-9.949493408203125000e-01
-1.346621870994567871e+00
-1.931776523590087891e+00
-1.723584294319152832e+00
-1.148831129074096680e+00
-1.054507493972778320e+00
-8.086451888084411621e-01
-1.452203631401062012e+00
-1.490463137626647949e+00
-1.200649023056030273e+00
-6.733375787734985352e-01
-8.407080769538879395e-01
-8.232956528663635254e-01
-2.686114609241485596e-01
-1.433032751083374023e+00
-8.571266531944274902e-01
