-3.800968527793884277e-01
-2.170428186655044556e-01
-4.802980720996856689e-01
-3.455453813076019287e-01
-1.519035100936889648e-01
-4.060202240943908691e-01
-2.291942834854125977e-01
-2.151117622852325439e-01
-3.033539950847625732e-01
-2.314049005508422852e-01
-1.525595933198928833e-01
-2.477252036333084106e-01
-1.981566995382308960e-01
-2.638233602046966553e-01
-3.513099253177642822e-01
-4.241080880165100098e-01
-2.444223761558532715e-01
-3.321777582168579102e-01
-2.968466281890869141e-01
-2.737837731838226318e-01
-3.459743559360504150e-01
-3.929835259914398193e-01
-2.789289355278015137e-01
-2.673773169517517090e-01
-2.562981545925140381e-01
-2.968790829181671143e-01
-1.356076449155807495e-01
-1.831577271223068237e-01
-3.177199959754943848e-01
-1.910573393106460571e-01
-3.991673886775970459e-01
-1.711057573556900024e-01
-3.505042791366577148e-01
-2.598209083080291748e-01
-1.972945183515548706e-01
-4.957424700260162354e-01
-3.422445356845855713e-01
-3.035975098609924316e-01
-2.325447052717208862e-01
-2.873682081699371338e-01
-4.629418849945068359e-01
-2.965268194675445557e-01
-2.639873921871185303e-01
-2.764135897159576416e-01
-3.420675694942474365e-01
-2.331669181585311890e-01
-2.778916060924530029e-01
-1.834640949964523315e-01
-2.922302782535552979e-01
-2.292181104421615601e-01
-3.062426447868347168e-01
-3.848199844360351562e-01
-1.444948166608810425e-01
-2.802219986915588379e-01
-2.844289541244506836e-01
-2.132394462823867798e-01
-3.235182464122772217e-01
-1.596342027187347412e-01
-3.247274756431579590e-01
-3.341030776500701904e-01
-1.987577229738235474e-01
-3.983952105045318604e-01
-2.144251912832260132e-01
-3.817472159862518311e-01
-2.427214980125427246e-01
-3.126340508460998535e-01
-3.359072804450988770e-01
-2.181542068719863892e-01
-3.355772197246551514e-01
-3.900404274463653564e-01
-2.639212608337402344e-01
-1.785174757242202759e-01
-3.382186889648437500e-01
-2.114637047052383423e-01
-2.520888149738311768e-01
-4.472326636314392090e-01
-3.179498314857482910e-01
-1.606487035751342773e-01
-3.066239655017852783e-01
-2.095748782157897949e-01
-1.909513920545578003e-01
-2.593984603881835938e-01
-2.320370972156524658e-01
-2.176400572061538696e-01
-2.546146214008331299e-01
-2.120883464813232422e-01
-1.295242458581924438e-01
-2.559273242950439453e-01
-2.940953075885772705e-01
-3.123926520347595215e-01
-1.714341342449188232e-01
-2.426398843526840210e-01
-2.204013317823410034e-01
-2.352930307388305664e-01
-2.206962406635284424e-01
-2.605677247047424316e-01
-1.120315417647361755e-01
-3.370969593524932861e-01
-2.128736972808837891e-01
-2.048713862895965576e-01
-1.700156927108764648e-01
-2.671026289463043213e-01
-2.750637233257293701e-01
-3.385736048221588135e-01
-2.774833440780639648e-01
-2.773034870624542236e-01
-2.436778545379638672e-01
-2.476671487092971802e-01
-1.372790485620498657e-01
-2.959944605827331543e-01
-3.661789000034332275e-01
-2.197495996952056885e-01
-2.270216792821884155e-01
-1.784249544143676758e-01
-3.208990693092346191e-01
-2.978424727916717529e-01
-2.229107767343521118e-01
-2.137642353773117065e-01
-3.132720589637756348e-01
-3.589536845684051514e-01
-1.694012433290481567e-01
-4.553387165069580078e-01
-2.236135154962539673e-01
-1.628091037273406982e-01
-4.042612910270690918e-01
-3.720013201236724854e-01
-2.128964066505432129e-01
-2.874078452587127686e-01
-3.535735011100769043e-01
-2.084012478590011597e-01
-2.541691064834594727e-01
-2.685302197933197021e-01
-1.909966766834259033e-01
-3.967604935169219971e-01
-3.000177741050720215e-01
-1.528193503618240356e-01
-3.696894943714141846e-01
-1.819947659969329834e-01
-2.317235916852951050e-01
-2.149125337600708008e-01
-3.781124055385589600e-01
-2.187551409006118774e-01
-2.465668171644210815e-01
-3.944355845451354980e-01
-3.565485477447509766e-01
-3.279328644275665283e-01
-2.924393415451049805e-01
-1.553985029458999634e-01
-3.502821028232574463e-01
-2.156015336513519287e-01
-1.848179250955581665e-01
-2.590592801570892334e-01
-2.746693193912506104e-01
-3.482166826725006104e-01
-3.245463669300079346e-01
-1.681087911128997803e-01
-1.797679364681243896e-01
-3.461304903030395508e-01
-3.947924375534057617e-01
-3.464938402175903320e-01
-1.189331784844398499e-01
-1.059498637914657593e-01
-2.195843905210494995e-01
-3.628355264663696289e-01
-2.898442745208740234e-01
-3.343842625617980957e-01
-3.363058269023895264e-01
-2.368881404399871826e-01
-4.565649330615997314e-01
-1.977645754814147949e-01
-3.043884038925170898e-01
-3.086348474025726318e-01
-2.490832209587097168e-01
-3.006058335304260254e-01
-2.160373181104660034e-01
-2.421270757913589478e-01
-3.417422175407409668e-01
-2.696218490600585938e-01
-3.016876876354217529e-01
-1.405595391988754272e-01
-2.843829691410064697e-01
-1.118942126631736755e-01
-2.468552738428115845e-01
-2.431645840406417847e-01
-1.238200068473815918e-01
-1.832155138254165649e-01
-2.350042313337326050e-01
-3.251941502094268799e-01
-3.798595964908599854e-01
-3.524816036224365234e-01
-1.453653275966644287e-01
-2.143780142068862915e-01
-2.635999321937561035e-01
-1.911758184432983398e-01
-2.387724816799163818e-01
-2.931522727012634277e-01
-1.443481296300888062e-01
-4.141673445701599121e-01
-3.442925810813903809e-01
-5.339873954653739929e-02
