-4.437150001525878906e+00
-7.911890029907226562e+00
-3.504517555236816406e+00
-1.967402648925781250e+01
-2.794879531860351562e+01
-8.482971787452697754e-01
-6.797229766845703125e+00
-3.029635667800903320e+00
-1.988004302978515625e+01
-8.166092872619628906e+00
-1.550317192077636719e+01
2.014776945114135742e+00
-5.565227508544921875e+00
-1.074963212013244629e+00
2.036552190780639648e+00
1.201904654502868652e+00
-1.619379806518554688e+01
-1.088886737823486328e+01
-7.837966084480285645e-01
-1.014035129547119141e+01
6.189650058746337891e+00
1.591521358489990234e+01
-7.195359706878662109e+00
-1.912710952758789062e+01
-3.332248210906982422e+00
-5.967654705047607422e+00
-7.032042145729064941e-01
-1.500687694549560547e+01
-1.037109088897705078e+01
-4.584129333496093750e+00
-7.864623069763183594e-01
-2.383727073669433594e+01
-3.834361732006072998e-01
-8.196743965148925781e+00
-1.445487976074218750e+01
-1.721861839294433594e+01
-8.502611160278320312e+00
6.242769718170166016e+00
5.814920902252197266e+00
-7.601672172546386719e+00
6.150278091430664062e+00
-2.190288352966308594e+01
-1.348028373718261719e+01
-1.031560897827148438e+01
-1.410462665557861328e+01
-1.383045673370361328e+01
-3.253540277481079102e+00
-2.223035240173339844e+01
1.154404354095458984e+01
-7.076996803283691406e+00
-7.187730669975280762e-01
-2.183433151245117188e+01
-7.145843505859375000e+00
-4.706152439117431641e+00
-5.815372467041015625e-01
-1.609697914123535156e+01
-2.160516023635864258e+00
3.307749748229980469e+00
1.456424593925476074e+00
-7.051439762115478516e+00
-1.550429153442382812e+01
-3.092165946960449219e+00
-1.526872730255126953e+01
-4.473187446594238281e+00
-1.126778602600097656e+01
1.383972358703613281e+01
-1.794363594055175781e+01
-3.246866464614868164e+00
-4.442472934722900391e+00
-1.161645507812500000e+01
-1.714136695861816406e+01
-2.845354318618774414e+00
1.161016345024108887e+00
-6.203474998474121094e+00
-1.280951786041259766e+01
-1.717250251770019531e+01
-1.075677108764648438e+01
-7.825035095214843750e+00
-1.700338172912597656e+01
-1.610964775085449219e+01
-2.518112564086914062e+01
-1.256003570556640625e+01
-6.606396675109863281e+00
4.208346009254455566e-01
-1.184716987609863281e+01
9.624886512756347656e+00
-4.496663510799407959e-01
-1.714277458190917969e+01
-2.509983825683593750e+01
-1.278062629699707031e+01
-3.007652282714843750e+00
-2.156902885437011719e+01
-8.136590003967285156e+00
4.382780075073242188e+00
1.554860782623291016e+01
-1.115919303894042969e+01
-1.112716078758239746e+00
-1.963793945312500000e+01
-1.252768325805664062e+01
-1.224878692626953125e+01
-1.441371822357177734e+01
-1.712366676330566406e+01
-1.810035705566406250e+01
9.548696279525756836e-01
-9.053523063659667969e+00
-9.485086441040039062e+00
-5.993390560150146484e+00
-2.890755653381347656e+01
-1.383145236968994141e+01
2.814289033412933350e-01
-5.396739959716796875e+00
8.969042897224426270e-01
-7.748316287994384766e+00
-4.075718402862548828e+00
2.573265075683593750e+00
-4.831314086914062500e-01
-1.024113559722900391e+01
-1.770065689086914062e+01
4.607896804809570312e+00
-2.094129562377929688e+00
-1.009098339080810547e+01
-1.300937938690185547e+01
-5.868989467620849609e+00
-2.896504640579223633e+00
4.281424522399902344e+00
1.679030609130859375e+01
-3.744787454605102539e+00
-1.340307998657226562e+01
2.184046983718872070e+00
-7.978417873382568359e-01
-3.837291479110717773e+00
-2.100582695007324219e+01
8.621456146240234375e+00
5.891155242919921875e+00
-1.986347198486328125e+01
-7.502698421478271484e+00
-5.147279739379882812e+00
-9.171695709228515625e+00
-9.615472793579101562e+00
-1.664338684082031250e+01
-1.526829814910888672e+01
5.206298828125000000e-01
6.150750160217285156e+00
-1.216754531860351562e+01
-2.058759880065917969e+01
-8.329968452453613281e+00
-8.334992408752441406e+00
-1.316703605651855469e+01
-1.003764271736145020e+00
-2.882018327713012695e+00
-8.399750709533691406e+00
-1.739360237121582031e+01
1.118909549713134766e+01
-1.480963897705078125e+01
-1.703255772590637207e+00
-3.214757442474365234e+00
-1.095642089843750000e+01
-2.844595193862915039e+00
-1.590866565704345703e+01
-1.608500289916992188e+01
-6.214865207672119141e+00
-5.896030426025390625e+00
-1.377896881103515625e+01
-8.438975334167480469e+00
-1.530344009399414062e+01
-6.077468872070312500e+00
-1.495676898956298828e+01
3.138812541961669922e+00
-1.759238815307617188e+01
-2.421437978744506836e+00
-8.241317749023437500e+00
-2.706487846374511719e+01
-1.499233961105346680e+00
-1.125975251197814941e+00
-9.139842033386230469e+00
-2.781808078289031982e-01
5.086635112762451172e+00
-1.224039077758789062e+01
-2.239559745788574219e+01
-1.418251895904541016e+01
-2.188831329345703125e+01
-8.461875915527343750e+00
5.289577484130859375e+00
5.496686458587646484e+00
-1.899836730957031250e+01
7.353210926055908203e+00
-9.701045989990234375e+00
-1.591089916229248047e+01
-2.425662422180175781e+01
8.828243017196655273e-01
-1.442979812622070312e+01
-8.726874351501464844e+00
-1.698227310180664062e+01
1.435617351531982422e+01
-8.433666229248046875e+00
-1.589589881896972656e+01
-9.350114822387695312e+00
-1.896882355213165283e-01
8.936871528625488281e+00
-1.758821678161621094e+01
