-1.467608362436294556e-01
-1.245871305465698242e+00
-5.762202262878417969e+00
-3.829102277755737305e+00
-3.083991050720214844e+00
-4.968461036682128906e+00
-4.080513477325439453e+00
-2.907712459564208984e+00
-3.884081602096557617e+00
-2.144687414169311523e+00
-8.792188167572021484e-01
-4.225313186645507812e+00
5.562010765075683594e+00
-4.541577339172363281e+00
-2.744827985763549805e+00
-1.167134761810302734e+00
-9.206121414899826050e-02
-5.924605369567871094e+00
-8.692920804023742676e-01
-3.192084074020385742e+00
-6.081913113594055176e-01
-4.076146125793457031e+00
-3.356921076774597168e-01
-1.276747822761535645e+00
-3.162644624710083008e+00
-4.070485115051269531e+00
-2.204725503921508789e+00
-2.688088893890380859e+00
-1.974477887153625488e+00
-2.974227666854858398e+00
-1.568610191345214844e+00
-5.993713855743408203e+00
-1.686751365661621094e+00
-4.176566600799560547e+00
-2.377992868423461914e+00
-2.142664194107055664e+00
-1.777789831161499023e+00
-1.099051356315612793e+00
-5.102222919464111328e+00
-7.078858017921447754e-01
-7.011130452156066895e-01
3.556267619132995605e-01
-1.105541706085205078e+00
-2.571629762649536133e+00
-6.114189624786376953e-01
-5.702406883239746094e+00
-6.332457065582275391e+00
-2.323396444320678711e+00
-2.163185119628906250e+00
-2.734724998474121094e+00
-4.163856029510498047e+00
-4.640507221221923828e+00
-5.016521453857421875e+00
-5.524339675903320312e+00
-2.204934120178222656e+00
-2.552119493484497070e+00
-1.032612562179565430e+00
-1.452178955078125000e+00
-6.108701229095458984e-01
-4.021607875823974609e+00
-2.881583452224731445e+00
-4.761002540588378906e+00
1.473010182380676270e+00
-3.171048641204833984e+00
1.201600313186645508e+00
-3.304821014404296875e+00
-3.259790658950805664e+00
-1.692948579788208008e+00
-5.153537273406982422e+00
-1.429323554039001465e+00
-2.620915412902832031e+00
-3.443608283996582031e+00
-2.461638927459716797e+00
-1.977397561073303223e+00
-4.313681602478027344e+00
-4.999531269073486328e+00
-3.734878778457641602e+00
-1.488224983215332031e+00
-1.469027757644653320e+00
1.436280965805053711e+00
-4.436858654022216797e+00
-2.488355875015258789e+00
-4.214869499206542969e+00
-3.212259054183959961e+00
-3.554145812988281250e+00
-3.797972440719604492e+00
-3.332276821136474609e+00
-4.859731674194335938e+00
-6.140434741973876953e-01
-4.954130172729492188e+00
-2.553878545761108398e+00
-3.632352113723754883e+00
-3.642823398113250732e-01
-3.368841171264648438e+00
-4.182338714599609375e+00
-5.289638996124267578e+00
1.017475485801696777e+00
-2.894757688045501709e-01
-3.414519786834716797e+00
-4.992533683776855469e+00
-5.653994083404541016e+00
5.806308984756469727e-01
-1.740172028541564941e+00
2.982766389846801758e+00
-1.910225152969360352e+00
-1.471795797348022461e+00
1.696405559778213501e-02
4.942848682403564453e+00
-4.694427013397216797e+00
-1.327344179153442383e+00
-2.398236036300659180e+00
-1.253756880760192871e+00
-2.717181444168090820e+00
-4.722756862640380859e+00
-4.524675846099853516e+00
-3.907570362091064453e+00
-2.834416389465332031e+00
-4.532182693481445312e+00
-4.976526260375976562e+00
-3.417584657669067383e+00
-2.009984254837036133e+00
-2.201627753674983978e-02
-3.454645395278930664e+00
-4.981040000915527344e+00
-2.676667690277099609e+00
-4.613309860229492188e+00
-1.454484164714813232e-01
-1.739519715309143066e+00
2.270489633083343506e-01
-3.223622560501098633e+00
-4.446578979492187500e+00
3.632390022277832031e+00
-3.443208932876586914e+00
-2.821713685989379883e+00
-4.467347621917724609e+00
1.261430144309997559e+00
2.205543756484985352e+00
-1.045648574829101562e+00
-4.264625534415245056e-02
-1.726184248924255371e+00
-2.409854888916015625e+00
-6.254552841186523438e+00
-3.761325836181640625e+00
-1.664406776428222656e+00
1.368455290794372559e+00
-5.181524753570556641e+00
-1.751925826072692871e+00
-8.064525604248046875e+00
-4.984300136566162109e-01
-1.329562425613403320e+00
-5.696776390075683594e+00
-3.199372529983520508e+00
-1.359562873840332031e+00
-6.730151653289794922e+00
-5.086402893066406250e+00
-4.296998977661132812e+00
-3.998846054077148438e+00
-2.518817186355590820e+00
-3.536632955074310303e-01
-4.014103889465332031e+00
-1.799522399902343750e+00
-3.954502344131469727e+00
-1.627999544143676758e+00
1.847654134035110474e-01
4.754889905452728271e-01
-2.928694248199462891e+00
-3.971376657485961914e+00
-2.964315652847290039e+00
-3.310269117355346680e+00
-2.502293109893798828e+00
-6.734477043151855469e+00
-4.715722203254699707e-01
-2.777756690979003906e+00
-3.575692892074584961e+00
-2.250395536422729492e+00
-1.987129926681518555e+00
-1.506362795829772949e+00
-1.812055110931396484e+00
-2.098966121673583984e+00
-1.706017255783081055e+00
-4.336595058441162109e+00
-2.010255575180053711e+00
-3.627461910247802734e+00
-3.207133054733276367e+00
-2.501528263092041016e+00
-2.077569961547851562e+00
6.522861123085021973e-01
-3.194035768508911133e+00
-1.297248601913452148e+00
-9.522432684898376465e-01
-3.153498649597167969e+00
-4.395101666450500488e-01
-3.341707944869995117e+00
-1.917289972305297852e+00
-5.440227031707763672e+00
-3.443253040313720703e+00
-3.100962162017822266e+00
-8.514638543128967285e-01
-1.955000042915344238e+00
-2.287047147750854492e+00
