-1.614549636840820312e+00
7.781919240951538086e-01
-1.669372200965881348e+00
-1.045323491096496582e+00
-2.878719806671142578e+00
-3.060010671615600586e+00
-2.881882190704345703e+00
-1.506068229675292969e+00
-3.200698137283325195e+00
-3.407697916030883789e+00
-2.965590000152587891e+00
-2.148910284042358398e+00
-1.040224552154541016e+00
-3.459186077117919922e+00
-7.738075852394104004e-01
-3.162968635559082031e+00
-1.244135379791259766e+00
-3.017968535423278809e-01
-1.875667691230773926e+00
-2.947934865951538086e+00
-3.597081184387207031e+00
-3.273100614547729492e+00
-1.863979101181030273e+00
-1.578314900398254395e+00
-2.264053344726562500e+00
-1.009639501571655273e+00
-1.770002245903015137e+00
-1.333719849586486816e+00
-1.832670688629150391e+00
-4.386562824249267578e+00
4.970130622386932373e-01
-1.233399391174316406e+00
-4.433145046234130859e+00
-2.952021658420562744e-01
-3.535807371139526367e+00
-4.768112659454345703e+00
-3.915537357330322266e+00
-1.890775442123413086e+00
-3.026407003402709961e+00
-1.338234186172485352e+00
-6.417475700378417969e+00
-5.501801013946533203e+00
-2.604757547378540039e+00
-9.946774691343307495e-02
-2.322021007537841797e+00
-1.056567430496215820e+00
-2.925285100936889648e+00
-3.257951736450195312e+00
-1.495325326919555664e+00
-2.351837873458862305e+00
-5.578679442405700684e-01
-1.780001401901245117e+00
7.684268951416015625e-01
-3.262242317199707031e+00
-5.589208126068115234e+00
-2.084504604339599609e+00
-5.904414176940917969e+00
-3.979844152927398682e-01
-3.846812963485717773e+00
-7.804411649703979492e-01
-1.821628570556640625e+00
-6.951285362243652344e+00
1.882039159536361694e-01
-2.650442838668823242e+00
-1.667431592941284180e+00
-4.677339553833007812e+00
-3.999356269836425781e+00
-2.886869430541992188e+00
-7.740848064422607422e-01
-1.935644030570983887e+00
-3.518579721450805664e+00
-5.138999819755554199e-01
-2.849584102630615234e+00
-4.274165630340576172e+00
-5.689685821533203125e+00
-1.373451709747314453e+00
-3.187643289566040039e+00
-1.428816556930541992e+00
-1.811823964118957520e+00
-2.505786418914794922e+00
-3.108278512954711914e+00
-2.342230319976806641e+00
-2.172156333923339844e+00
-3.700421094894409180e+00
-3.415822982788085938e+00
-3.459904432296752930e+00
-5.266772747039794922e+00
-8.040841817855834961e-01
-1.578740239143371582e+00
-1.272454142570495605e+00
-1.270344972610473633e+00
-3.871002495288848877e-01
1.580187305808067322e-02
-7.633767127990722656e-01
-1.566999435424804688e+00
-2.012700319290161133e+00
-3.588159084320068359e+00
-1.741064429283142090e+00
-1.403435587882995605e+00
-4.028937816619873047e+00
-2.428105592727661133e+00
-1.902262926101684570e+00
-1.079123616218566895e+00
-2.513316154479980469e+00
-4.024369239807128906e+00
-1.648477554321289062e+00
-8.326386213302612305e-01
-1.395474076271057129e+00
-2.207038402557373047e+00
-2.718041181564331055e+00
-3.765058517456054688e+00
-5.157238006591796875e+00
-4.294893264770507812e+00
-4.390463352203369141e+00
-1.537712812423706055e+00
-6.444038867950439453e+00
-3.676845550537109375e+00
-2.164355516433715820e+00
-7.011141777038574219e-01
-4.971475124359130859e+00
-4.211349964141845703e+00
-4.347773075103759766e+00
2.336822032928466797e+00
-4.827052593231201172e+00
-1.804895401000976562e+00
1.416014432907104492e-01
-2.022422075271606445e+00
-4.272875785827636719e+00
-4.350238665938377380e-02
-6.330703735351562500e+00
-1.159558415412902832e+00
-4.309188842773437500e+00
-4.504948616027832031e+00
-5.088210105895996094e+00
-1.985880017280578613e+00
-4.279033184051513672e+00
-3.571266651153564453e+00
-8.961493968963623047e-01
-8.412903547286987305e-01
-5.273480415344238281e+00
-2.470036268234252930e+00
9.358873963356018066e-01
-2.884409666061401367e+00
-1.663252830505371094e+00
-5.452418327331542969e+00
-1.188611507415771484e+00
4.117874801158905029e-01
-4.849920272827148438e+00
-1.105280637741088867e+00
-6.444737315177917480e-01
-3.548295974731445312e+00
-3.417323589324951172e+00
-1.309095025062561035e+00
1.002058506011962891e+00
-3.970248699188232422e-01
-1.438583016395568848e+00
-1.371237039566040039e+00
-1.584225893020629883e+00
-2.950957059860229492e+00
-4.145256042480468750e+00
-6.088076114654541016e+00
-7.047520279884338379e-01
-1.088420152664184570e+00
-9.087618827819824219e+00
2.541776001453399658e-01
-3.400416612625122070e+00
-2.318954467773437500e+00
-4.506756305694580078e+00
-3.308656930923461914e+00
-4.764459133148193359e+00
-1.499312758445739746e+00
-4.032505035400390625e+00
-2.727481126785278320e+00
-1.808092236518859863e+00
-1.952906608581542969e+00
-4.647968769073486328e+00
-1.014216780662536621e+00
-2.353426694869995117e+00
-1.954900026321411133e+00
-1.352622151374816895e+00
-1.930520415306091309e+00
-2.815701484680175781e+00
-3.113616466522216797e+00
-1.554152607917785645e+00
-2.872423171997070312e+00
-2.133650541305541992e+00
-6.743679046630859375e+00
-3.650866508483886719e+00
-6.452009677886962891e-01
1.926208287477493286e-01
-1.227566480636596680e+00
-7.493033409118652344e-01
-2.143877267837524414e+00
-3.232259035110473633e+00
-1.692193031311035156e+00
-2.502254724502563477e+00
-4.265001296997070312e+00
-9.943678379058837891e-01
-6.593070983886718750e+00
-2.819352865219116211e+00
