-2.556857168674468994e-01
-1.170846298336982727e-01
-4.069308936595916748e-02
-2.309766560792922974e-01
-1.141808554530143738e-01
-1.470363885164260864e-01
-1.350980401039123535e-01
-1.315239816904067993e-01
-1.297105699777603149e-01
-3.149783313274383545e-01
-5.914279073476791382e-02
-2.334471493959426880e-01
-1.114142686128616333e-01
-1.721413135528564453e-01
-2.173300832509994507e-01
-1.612054109573364258e-01
-1.964561641216278076e-01
-1.987948715686798096e-01
-1.855665594339370728e-01
-2.000120282173156738e-01
-1.536320596933364868e-01
-1.586806923151016235e-01
-1.373134106397628784e-01
-1.689565926790237427e-01
-2.699975669384002686e-01
-1.695557981729507446e-01
-1.939798891544342041e-01
-2.998146712779998779e-01
-1.384847909212112427e-01
-2.061435878276824951e-01
-2.438555657863616943e-01
-1.095905005931854248e-01
-2.612525820732116699e-01
-8.640288561582565308e-02
-1.916593760251998901e-01
-1.927761286497116089e-01
-2.044163793325424194e-01
-2.053828388452529907e-01
-1.383465677499771118e-01
-1.368135213851928711e-01
-3.080728650093078613e-01
-1.910082250833511353e-01
-2.018879204988479614e-01
-1.976086795330047607e-01
-2.038435190916061401e-01
-1.507025957107543945e-01
-2.446476370096206665e-01
-1.467038840055465698e-01
-1.795689016580581665e-01
-2.282174974679946899e-01
-1.476079821586608887e-01
-1.727705895900726318e-01
-1.852231770753860474e-01
-1.531520038843154907e-01
-6.286431103944778442e-02
-1.276227235794067383e-01
-1.823125928640365601e-01
-1.979876458644866943e-01
-1.479244828224182129e-01
-2.227874696254730225e-01
-2.785249948501586914e-01
-1.403253376483917236e-01
-3.217872381210327148e-01
-2.144417762756347656e-01
-2.023115605115890503e-01
-2.278770357370376587e-01
-1.450982093811035156e-01
-9.337847679853439331e-02
-1.508627980947494507e-01
-1.695732623338699341e-01
-2.542892694473266602e-01
-8.543563634157180786e-02
-1.612029224634170532e-01
-3.115682601928710938e-01
-2.221660614013671875e-01
-1.858544498682022095e-01
-1.453086584806442261e-01
-3.318852186203002930e-01
-1.113742738962173462e-01
-1.793211698532104492e-01
-1.476027667522430420e-01
-1.294530481100082397e-01
-8.156289905309677124e-02
-2.051009535789489746e-01
-1.488499343395233154e-01
-1.383207142353057861e-01
-9.020832926034927368e-02
-1.907697021961212158e-01
-1.462241262197494507e-01
-1.794761270284652710e-01
-1.875787228345870972e-01
-2.178959101438522339e-01
-1.907435357570648193e-01
-1.209783405065536499e-01
-2.023651301860809326e-01
-1.246249675750732422e-01
-1.645341664552688599e-01
-1.994054466485977173e-01
-1.923035532236099243e-01
-1.223281621932983398e-01
-4.835227876901626587e-02
-2.723770439624786377e-01
-5.946540459990501404e-02
-2.202263474464416504e-01
-1.859766691923141479e-01
-2.084372788667678833e-01
-2.539737522602081299e-01
-1.715226471424102783e-01
-1.210422590374946594e-01
-1.683523952960968018e-01
-1.875250488519668579e-01
-2.159587889909744263e-01
-7.438035309314727783e-02
-9.604460000991821289e-02
-1.659161001443862915e-01
-1.733076572418212891e-01
-9.116383641958236694e-02
-1.974021941423416138e-01
-2.327913194894790649e-01
-1.585511565208435059e-01
-1.478728950023651123e-01
-1.160529702901840210e-01
-1.430633366107940674e-01
-2.100236415863037109e-01
-1.636993587017059326e-01
-1.988982707262039185e-01
-1.780117303133010864e-01
-2.153198421001434326e-01
-1.412944793701171875e-01
-1.267546564340591431e-01
-1.686887592077255249e-01
-2.380185872316360474e-01
-1.815048307180404663e-01
-1.713406443595886230e-01
-1.559450477361679077e-01
-2.091219872236251831e-01
-1.524253636598587036e-01
-1.666138619184494019e-01
-1.718546152114868164e-01
-2.445809692144393921e-01
-2.611531317234039307e-01
-1.934307068586349487e-01
-1.554836779832839966e-01
-2.997416555881500244e-01
-1.038234308362007141e-01
-1.361378431320190430e-01
-1.630885452032089233e-01
-1.778784096240997314e-01
-1.605717986822128296e-01
-2.990613281726837158e-01
-2.877730727195739746e-01
-2.078247517347335815e-01
-1.414180994033813477e-01
-2.118338346481323242e-01
-1.663950383663177490e-01
-2.029526531696319580e-01
-1.837049126625061035e-01
-2.326894104480743408e-01
-1.543220877647399902e-01
-1.434960216283798218e-01
-1.436178684234619141e-01
-1.682692468166351318e-01
-2.127205133438110352e-01
-1.889680922031402588e-01
-2.465861439704895020e-01
-2.110743373632431030e-01
-2.939653694629669189e-01
-1.981073766946792603e-01
-1.858602166175842285e-01
-2.086245715618133545e-01
-1.350690871477127075e-01
-1.838173717260360718e-01
-1.442787498235702515e-01
-2.889736592769622803e-01
-2.001175135374069214e-01
-1.315781176090240479e-01
-2.575069367885589600e-01
-2.263091653585433960e-01
-1.740559786558151245e-01
-1.331214904785156250e-01
-2.817808091640472412e-01
-1.559179276227951050e-01
-1.911035180091857910e-01
-1.753875464200973511e-01
-1.917928457260131836e-01
-2.510545551776885986e-01
-2.716657221317291260e-01
-1.712692677974700928e-01
-2.227639555931091309e-01
-1.708142012357711792e-01
-1.704418659210205078e-01
-1.593607217073440552e-01
-1.448899954557418823e-01
-2.088584005832672119e-01
-2.171849310398101807e-01
-8.615051954984664917e-02
-2.935954332351684570e-01
-2.022182941436767578e-01
-2.214913964271545410e-01
-9.886866807937622070e-02
