-6.912959218025207520e-01
-7.639777064323425293e-01
-9.333600997924804688e-01
-7.894775867462158203e-01
-8.661637902259826660e-01
-8.714469075202941895e-01
-6.494888067245483398e-01
-5.672593116760253906e-01
-8.836243152618408203e-01
-5.984571576118469238e-01
-6.400080323219299316e-01
-5.859687924385070801e-01
-8.764325976371765137e-01
-6.423463821411132812e-01
-6.500641107559204102e-01
-3.238776326179504395e-01
-9.271861314773559570e-01
-7.186544537544250488e-01
-2.706961631774902344e-01
-3.659571111202239990e-01
-9.881235361099243164e-01
-5.512837171554565430e-01
-3.368478119373321533e-01
-4.912081658840179443e-01
-5.006080865859985352e-01
-9.716020226478576660e-01
-6.034429073333740234e-01
-6.104370355606079102e-01
-7.732406258583068848e-01
-3.979394733905792236e-01
-5.260405540466308594e-01
-5.165309309959411621e-01
-9.499520659446716309e-01
-4.845687150955200195e-01
-6.183987259864807129e-01
-8.138351440429687500e-01
-6.733899116516113281e-01
-9.935120344161987305e-01
-5.025078058242797852e-01
-1.004695296287536621e+00
-5.794039368629455566e-01
-6.548837423324584961e-01
-6.508592963218688965e-01
-3.453823924064636230e-01
-4.402115941047668457e-01
-6.338183283805847168e-01
-5.097336769104003906e-01
-6.622214317321777344e-01
-9.016599655151367188e-01
-8.105221390724182129e-01
-9.239324331283569336e-01
-9.544792771339416504e-01
-7.099696397781372070e-01
-8.196818232536315918e-01
-9.546020030975341797e-01
-7.138763666152954102e-01
-4.211226999759674072e-01
-2.806239128112792969e-01
-7.195891737937927246e-01
-1.005829334259033203e+00
-8.766456246376037598e-01
-6.440471410751342773e-01
-7.227772474288940430e-01
-6.968700289726257324e-01
-4.720966219902038574e-01
-7.353908419609069824e-01
-5.584864616394042969e-01
-9.412963390350341797e-01
-6.558819413185119629e-01
-4.536850154399871826e-01
-4.705781638622283936e-01
-5.243800282478332520e-01
-6.517239212989807129e-01
-2.976602017879486084e-01
-7.412228584289550781e-01
-9.738591909408569336e-01
-7.132391929626464844e-01
-5.495945215225219727e-01
-6.101626753807067871e-01
-5.526338219642639160e-01
-8.713458180427551270e-01
-7.719791531562805176e-01
-9.980158209800720215e-01
-6.558683514595031738e-01
-4.466265738010406494e-01
-7.600405812263488770e-01
-5.961442589759826660e-01
-5.082678198814392090e-01
-5.103142261505126953e-01
-2.333068847656250000e-01
-2.305235117673873901e-01
-5.633848905563354492e-01
-6.848428845405578613e-01
-5.459936857223510742e-01
-4.254955351352691650e-01
-9.891440868377685547e-01
-1.101575016975402832e+00
-5.107644200325012207e-01
-3.719816505908966064e-01
-5.268296003341674805e-01
-9.380214810371398926e-01
-5.889164209365844727e-01
-4.513311386108398438e-01
-8.237659931182861328e-01
-5.894796252250671387e-01
-8.602532148361206055e-01
-8.440971374511718750e-01
-1.002115964889526367e+00
-1.039204597473144531e+00
-5.768682956695556641e-01
-4.925542473793029785e-01
-4.108707606792449951e-01
-3.278161287307739258e-01
-7.459942102432250977e-01
-5.207984447479248047e-01
-6.432989835739135742e-01
-6.848365664482116699e-01
-9.767251610755920410e-01
-6.102744936943054199e-01
-7.091091275215148926e-01
-8.588608503341674805e-01
-8.149743676185607910e-01
-4.768593013286590576e-01
-5.193011164665222168e-01
-1.072191238403320312e+00
-3.860660791397094727e-01
-6.975491046905517578e-01
-9.926924705505371094e-01
-6.166687011718750000e-01
-8.723605871200561523e-01
-8.844906091690063477e-01
-4.109904468059539795e-01
-4.755970835685729980e-01
-3.497510850429534912e-01
-3.811672627925872803e-01
-1.063808083534240723e+00
-4.400931894779205322e-01
-4.388294219970703125e-01
-5.675107240676879883e-01
-5.709647536277770996e-01
-6.499493122100830078e-01
-6.620004773139953613e-01
-6.773483157157897949e-01
-6.317860484123229980e-01
-6.740061044692993164e-01
-7.558361291885375977e-01
-5.701257586479187012e-01
-9.526804685592651367e-01
-6.335616111755371094e-01
-4.749771952629089355e-01
-7.324395775794982910e-01
-8.523165583610534668e-01
-5.550594925880432129e-01
-3.446300029754638672e-01
-9.592308402061462402e-01
-7.407919764518737793e-01
-8.779114484786987305e-01
-8.047716617584228516e-01
-8.676496148109436035e-01
-3.138511180877685547e-01
-9.325529336929321289e-01
-4.031065106391906738e-01
-8.077859878540039062e-01
-3.104336857795715332e-01
-7.518643736839294434e-01
-8.637847900390625000e-01
-7.501469850540161133e-01
-9.757887721061706543e-01
-3.530800044536590576e-01
-5.353425145149230957e-01
-6.002377271652221680e-01
-1.067536950111389160e+00
-6.709469556808471680e-01
-6.898666024208068848e-01
-7.098963856697082520e-01
-4.921241998672485352e-01
-4.457324147224426270e-01
-4.969528913497924805e-01
-2.862251698970794678e-01
-9.430136680603027344e-01
-9.398170709609985352e-01
-5.230991840362548828e-01
-7.524799108505249023e-01
-4.268303811550140381e-01
-6.794962286949157715e-01
-6.553636789321899414e-01
-9.162438511848449707e-01
-4.707297682762145996e-01
-8.141057491302490234e-01
-6.679351925849914551e-01
-4.567155241966247559e-01
-1.108808159828186035e+00
-7.090023756027221680e-01
-6.570119261741638184e-01
-4.048454463481903076e-01
-5.490547418594360352e-01
-7.215553522109985352e-01
-6.631518006324768066e-01
-7.593687772750854492e-01
-7.392394542694091797e-01
