-2.241266822814941406e+01
-2.401898384094238281e+01
-1.228253173828125000e+01
-1.417886447906494141e+01
-2.279514884948730469e+01
1.227019119262695312e+01
-7.054696559906005859e+00
-8.326954841613769531e+00
1.387127113342285156e+01
-6.470309734344482422e+00
-2.573002052307128906e+01
-2.031692695617675781e+01
-1.167709445953369141e+01
-4.190967082977294922e+00
-1.937964820861816406e+01
-1.226143360137939453e+01
-2.084458160400390625e+01
-4.815617084503173828e+00
1.687128663063049316e+00
-9.109412878751754761e-02
-1.313400268554687500e+00
-1.497163486480712891e+01
1.688986659049987793e+00
6.437193393707275391e+00
-2.241780042648315430e+00
-1.056187820434570312e+01
2.857123374938964844e+00
7.594950199127197266e+00
-1.404885959625244141e+01
-2.248460203409194946e-01
-8.003164291381835938e+00
-5.424783706665039062e+00
-1.875367927551269531e+01
-2.780827045440673828e+00
-3.517824411392211914e+00
-9.432829856872558594e+00
2.136763781309127808e-01
-6.987462520599365234e+00
-9.825489997863769531e+00
-4.017608165740966797e+00
-2.365827798843383789e+00
4.152443408966064453e+00
1.907164096832275391e+00
-4.210758686065673828e+00
-8.434136390686035156e+00
5.961117267608642578e+00
2.825094938278198242e+00
-3.947674274444580078e+00
-1.292782592773437500e+01
1.944514393806457520e+00
-1.695182800292968750e+01
-1.312394523620605469e+01
-7.604365825653076172e+00
-1.778336524963378906e+01
-4.943169593811035156e+00
6.687398433685302734e+00
-6.857452869415283203e+00
-2.523282289505004883e+00
-2.135777282714843750e+01
-4.805586338043212891e+00
-1.917496490478515625e+01
1.410121250152587891e+01
-2.121230697631835938e+01
-1.904029083251953125e+01
-4.393072605133056641e+00
1.502920627593994141e+00
8.576045036315917969e+00
-1.047708320617675781e+01
-7.096698880195617676e-01
-1.635578536987304688e+01
-1.850561141967773438e+01
-6.792223453521728516e+00
1.090944862365722656e+01
-4.136155605316162109e+00
-1.151671314239501953e+01
-5.072177410125732422e+00
-2.426417350769042969e+01
-1.845014762878417969e+01
-5.984974384307861328e+00
-7.308121204376220703e+00
1.852171897888183594e+00
1.340994238853454590e+00
4.423425197601318359e+00
-1.368508625030517578e+01
-2.243941497802734375e+01
-1.104946136474609375e+01
-2.746459960937500000e+01
-6.711789131164550781e+00
-1.842461204528808594e+01
-2.946705341339111328e+00
-1.310317325592041016e+01
-1.045315170288085938e+01
3.308197259902954102e+00
5.264620780944824219e+00
-8.428062438964843750e+00
2.906324863433837891e+00
-1.161347770690917969e+01
-1.554757595062255859e+00
-6.607731342315673828e+00
-1.724176788330078125e+01
-9.892833709716796875e+00
-2.908137130737304688e+01
-5.882639408111572266e+00
-1.472243785858154297e+01
-1.396189212799072266e+01
6.354506611824035645e-01
-1.899252700805664062e+01
-9.012919664382934570e-01
5.620563030242919922e+00
-9.857091903686523438e+00
-1.289247894287109375e+01
-1.065879940986633301e+00
-3.555946350097656250e+01
-2.166253328323364258e+00
-1.385348320007324219e+01
-1.151049900054931641e+01
8.320599555969238281e+00
-5.718601226806640625e+00
2.158326864242553711e+00
-1.314397621154785156e+01
-1.443040752410888672e+01
-8.530341148376464844e+00
-2.927689933776855469e+01
-3.416167795658111572e-01
-2.521982908248901367e+00
-5.935796260833740234e+00
-1.297976493835449219e+01
-8.595791816711425781e+00
-4.631111145019531250e+00
-2.300290489196777344e+01
-4.918336868286132812e+00
-2.735901069641113281e+01
-2.155280494689941406e+01
-1.070749092102050781e+01
8.897739410400390625e+00
-1.818320465087890625e+01
-1.117004299163818359e+01
-6.230175971984863281e+00
-2.637750053405761719e+01
-6.580019474029541016e+00
-2.953005790710449219e+00
1.767493844032287598e+00
-1.957217407226562500e+01
-7.881719589233398438e+00
-2.902407073974609375e+01
-1.108093738555908203e+01
-1.317716121673583984e+01
1.019089412689208984e+01
-8.090061187744140625e+00
1.243677586317062378e-01
-9.621690750122070312e+00
-2.404194593429565430e+00
1.504235267639160156e+00
-9.365608215332031250e+00
-2.089574050903320312e+01
6.810658931732177734e+00
-6.587879657745361328e+00
-2.152663421630859375e+01
-1.588335752487182617e+00
-2.328319549560546875e+01
-7.323617458343505859e+00
-1.007872200012207031e+01
2.685269117355346680e+00
-3.146239757537841797e+00
-1.767456436157226562e+01
5.983177185058593750e+00
-1.068408584594726562e+01
-1.332889366149902344e+01
2.581899881362915039e+00
-7.503983497619628906e+00
-7.856407165527343750e+00
-8.604487419128417969e+00
-8.744321823120117188e+00
5.976739883422851562e+00
-6.910396099090576172e+00
-1.385652637481689453e+01
2.019142389297485352e+00
-6.262398719787597656e+00
-7.565211296081542969e+00
-6.557904720306396484e+00
-5.798145294189453125e+00
-2.135778188705444336e+00
-1.696859741210937500e+01
4.680955886840820312e+00
-1.565680694580078125e+01
-1.918179631233215332e+00
-8.063605427742004395e-01
-1.782818412780761719e+01
-2.454218101501464844e+01
-9.138940811157226562e+00
-4.570708274841308594e+00
-6.458823680877685547e+00
5.244062423706054688e+00
-1.749308228492736816e+00
-7.299783229827880859e+00
-2.445731353759765625e+01
-1.628963470458984375e+01
-1.428461074829101562e+01
7.174217700958251953e+00
-3.782823979854583740e-01
