7.402876019477844238e-02
-1.675657629966735840e-01
1.439417749643325806e-01
-1.059779599308967590e-01
7.654643803834915161e-02
4.376330971717834473e-02
-4.805421456694602966e-03
1.835389249026775360e-02
-3.246627375483512878e-02
8.604791015386581421e-02
8.646243810653686523e-02
6.361526902765035629e-03
1.301621794700622559e-01
1.431684661656618118e-02
3.373911976814270020e-02
-1.406060308218002319e-01
3.072094544768333435e-02
1.155904084444046021e-01
-8.980248123407363892e-03
1.136517897248268127e-01
1.080906763672828674e-01
3.467560559511184692e-02
1.425198167562484741e-01
7.553055137395858765e-02
-8.678209036588668823e-02
5.976312607526779175e-02
6.609097868204116821e-02
-4.924720525741577148e-02
1.171934679150581360e-01
3.449358418583869934e-02
-4.773155972361564636e-02
-1.332239899784326553e-02
8.735874434933066368e-04
1.091771945357322693e-01
-4.421452060341835022e-02
-4.546873271465301514e-02
5.822728574275970459e-02
-1.254248339682817459e-02
1.003116890788078308e-01
5.146682262420654297e-02
2.107098698616027832e-01
-6.135419942438602448e-03
1.928454488515853882e-01
2.678631246089935303e-02
1.447726488113403320e-01
2.569500729441642761e-02
-2.533696033060550690e-02
-7.739516347646713257e-02
-2.009199559688568115e-02
1.443704366683959961e-01
