4.305493831634521484e-02
-1.460344642400741577e-01
-5.175233236514031887e-04
-1.778561621904373169e-02
-5.394740402698516846e-02
1.165392063558101654e-02
-1.441893354058265686e-02
5.132618919014930725e-02
5.183601006865501404e-02
2.316799573600292206e-02
1.007215399295091629e-02
-8.507210761308670044e-02
-3.180070593953132629e-02
-3.890523314476013184e-02
1.771767437458038330e-02
6.675730925053358078e-03
2.046716958284378052e-01
-5.208850838243961334e-03
4.951832443475723267e-02
4.424868896603584290e-02
-2.626113127917051315e-04
3.174209222197532654e-02
-7.303926348686218262e-02
6.496091932058334351e-02
-7.706150412559509277e-02
-2.502724342048168182e-02
-6.482706405222415924e-03
-5.311897397041320801e-02
-8.323004841804504395e-02
-3.518692404031753540e-02
-8.103117346763610840e-03
-8.988098800182342529e-02
-1.156305968761444092e-01
-1.043520029634237289e-02
1.506104785948991776e-02
1.290941238403320312e-01
7.187568396329879761e-02
1.663878187537193298e-02
9.848726540803909302e-02
-1.043953374028205872e-01
1.030475497245788574e-01
-8.813380450010299683e-02
-8.726355433464050293e-02
3.693032637238502502e-02
6.737207621335983276e-02
-2.931423671543598175e-02
-1.562574878334999084e-03
-3.709639236330986023e-02
-1.008296851068735123e-02
-5.740257352590560913e-02
6.393078714609146118e-02
1.552792615257203579e-03
5.382629111409187317e-02
9.487422555685043335e-02
8.511862903833389282e-02
5.787547677755355835e-02
8.608525991439819336e-02
8.570156246423721313e-02
-7.562285661697387695e-02
3.620152175426483154e-02
-1.071912236511707306e-02
7.213541120290756226e-02
9.136974811553955078e-02
5.630503594875335693e-02
-1.602438278496265411e-02
3.229478374123573303e-02
3.543546423316001892e-02
-1.058521401137113571e-02
1.766473241150379181e-02
1.434804797172546387e-01
-2.682513184845447540e-02
-3.400457277894020081e-02
1.821149140596389771e-02
4.010905325412750244e-02
1.335126906633377075e-01
7.974520325660705566e-03
5.332471057772636414e-02
6.671680510044097900e-02
1.029441803693771362e-01
-7.307674735784530640e-02
1.511774659156799316e-01
-1.190457865595817566e-02
-2.711335010826587677e-02
7.223206758499145508e-02
-3.498459979891777039e-02
3.983847796916961670e-02
-1.116625592112541199e-01
-2.030804753303527832e-02
6.079747155308723450e-02
5.623520538210868835e-02
1.190761998295783997e-01
1.143491193652153015e-01
3.920966386795043945e-02
-2.337074279785156250e-02
-2.066974900662899017e-02
-1.319377031177282333e-02
2.468878775835037231e-02
8.089000731706619263e-02
4.672674462199211121e-02
-2.393991500139236450e-02
