1.141472719609737396e-02
2.434887886047363281e-01
1.508200317621231079e-01
3.613097667694091797e-01
5.088876932859420776e-02
1.244559660553932190e-01
-9.632245451211929321e-02
1.669699400663375854e-01
1.296668946743011475e-01
3.023761510848999023e-01
2.570144534111022949e-01
4.016796126961708069e-02
2.321312604181002825e-05
-1.782886334694921970e-03
1.670701545663177967e-03
1.332378238439559937e-01
2.409758865833282471e-01
1.936890557408332825e-02
2.271886467933654785e-01
5.466457605361938477e-01
