8.886968344449996948e-02
1.447629649192094803e-02
-4.703494161367416382e-02
-2.080798894166946411e-02
-1.546304672956466675e-02
-1.219563931226730347e-01
6.880377233028411865e-02
8.383981883525848389e-03
4.431994631886482239e-02
2.353829517960548401e-02
-6.423340737819671631e-02
2.637786045670509338e-02
9.685741364955902100e-02
1.846567541360855103e-02
1.148031745105981827e-02
6.881217472255229950e-03
4.020615667104721069e-02
1.048304438591003418e-01
3.420251607894897461e-02
6.546712014824151993e-03
-3.627326712012290955e-02
4.349527880549430847e-02
-1.465867310762405396e-01
-1.261945348232984543e-02
1.357176573947072029e-03
2.657921425998210907e-02
4.456801339983940125e-02
-3.561815991997718811e-02
-2.211233414709568024e-02
5.986255779862403870e-02
7.640044391155242920e-02
-4.573580622673034668e-02
3.467090800404548645e-02
3.786627785302698612e-04
-2.292370051145553589e-02
6.941147893667221069e-02
6.837929785251617432e-02
3.586621582508087158e-02
3.861532732844352722e-02
2.215929143130779266e-02
8.178453147411346436e-02
-1.548380387248471379e-04
1.025501862168312073e-01
-5.857266113162040710e-02
1.620019674301147461e-01
7.350876927375793457e-02
-7.316816598176956177e-02
1.043027341365814209e-01
-1.155161997303366661e-03
3.114203363656997681e-02
-4.122982919216156006e-02
1.119681634008884430e-02
-4.811172932386398315e-02
-2.788494527339935303e-02
-3.099982067942619324e-02
1.384132914245128632e-02
1.804039115086197853e-03
8.381950855255126953e-02
1.493735760450363159e-01
2.022691071033477783e-02
7.551706582307815552e-02
-2.922916784882545471e-02
2.537633106112480164e-02
8.439395576715469360e-02
8.973145484924316406e-02
-8.518620580434799194e-02
3.818401321768760681e-02
1.429692283272743225e-02
1.026286110281944275e-01
-3.555003926157951355e-02
-8.837115019559860229e-02
1.394150499254465103e-02
-1.604540646076202393e-02
7.066426426172256470e-02
3.068146109580993652e-02
-9.537310339510440826e-03
-5.533092468976974487e-02
-2.633171901106834412e-02
-1.402274817228317261e-01
5.283895507454872131e-02
9.334350936114788055e-03
3.477037698030471802e-02
-2.667231857776641846e-02
-2.247326448559761047e-02
-8.750365115702152252e-03
4.667361825704574585e-02
-2.162297070026397705e-02
1.192270070314407349e-01
-1.158869266510009766e-02
-2.961167506873607635e-02
7.259926199913024902e-02
4.535472020506858826e-02
1.005205884575843811e-01
-2.288096025586128235e-02
2.932133153080940247e-02
3.453362360596656799e-02
-6.908020935952663422e-03
-4.861931502819061279e-02
5.653868988156318665e-02
-4.725886101368814707e-04
8.809378370642662048e-03
1.248927339911460876e-01
6.116060912609100342e-02
2.195180766284465790e-02
6.226275488734245300e-02
8.163666352629661560e-03
-4.510271362960338593e-03
-3.834013640880584717e-02
6.026380229741334915e-03
-7.784652709960937500e-02
3.449323400855064392e-02
-4.199736751616001129e-03
1.188336312770843506e-02
-1.048002013703808188e-04
8.151609450578689575e-02
1.299767661839723587e-02
4.403121396899223328e-02
3.069440089166164398e-02
-1.443782728165388107e-02
-7.310748100280761719e-02
-1.178003661334514618e-02
-9.033659473061561584e-03
-1.283308770507574081e-02
-8.709704130887985229e-02
4.859159141778945923e-02
-4.986194521188735962e-02
1.993424817919731140e-02
2.289761416614055634e-02
3.140440955758094788e-02
4.204653203487396240e-02
5.173363164067268372e-02
2.580251544713973999e-02
-7.491433527320623398e-03
-2.629080787301063538e-02
-9.028422832489013672e-02
3.752745687961578369e-02
-2.686207555234432220e-02
2.418387681245803833e-02
6.954057514667510986e-02
7.474794238805770874e-02
7.040779571980237961e-03
6.201982125639915466e-02
-4.278090596199035645e-02
-7.799444347620010376e-02
-2.835654281079769135e-02
-1.073823645710945129e-01
3.341887146234512329e-02
3.435496985912322998e-02
-5.701231304556131363e-03
1.107352077960968018e-01
