-2.594375908374786377e-01
-3.076397180557250977e-01
-3.207406103610992432e-01
-3.412342071533203125e-01
-1.439730376005172729e-01
-6.229010596871376038e-02
-3.421519100666046143e-01
-1.906070411205291748e-01
-3.793671429157257080e-01
-2.812177240848541260e-01
-2.782349288463592529e-01
-3.946221172809600830e-01
-3.324052691459655762e-01
-2.807371020317077637e-01
-2.935875952243804932e-01
-4.129785895347595215e-01
-2.024927139282226562e-01
-3.317815661430358887e-01
-3.153208196163177490e-01
-2.654771506786346436e-01
-2.407238483428955078e-01
-2.492458075284957886e-01
-2.525666952133178711e-01
-2.377627938985824585e-01
-1.377992779016494751e-01
-3.309181928634643555e-01
-2.703818976879119873e-01
-2.804761826992034912e-01
-8.532817661762237549e-02
-3.303083479404449463e-01
-1.410438865423202515e-01
-3.027457594871520996e-01
-1.247362196445465088e-01
-1.684792935848236084e-01
-3.002393245697021484e-01
-3.782619535923004150e-01
-3.363080024719238281e-01
-2.708749473094940186e-01
-2.204224020242691040e-01
-3.346363306045532227e-01
-3.084995746612548828e-01
-3.067598640918731689e-01
-2.520515024662017822e-01
-2.705327868461608887e-01
-2.220206111669540405e-01
-2.892659604549407959e-01
-3.031329214572906494e-01
-4.078139066696166992e-01
-3.839802145957946777e-01
-2.511839568614959717e-01
-4.405466914176940918e-01
-2.254693806171417236e-01
-3.255517184734344482e-01
-4.395778775215148926e-01
-3.390488326549530029e-01
-3.439003527164459229e-01
-4.223974645137786865e-01
-2.395402193069458008e-01
-3.730739355087280273e-01
-3.459447920322418213e-01
-2.852602303028106689e-01
-2.502669990062713623e-01
-3.299544155597686768e-01
-3.430787622928619385e-01
-3.344616889953613281e-01
-2.789144814014434814e-01
-2.520046234130859375e-01
-4.831264019012451172e-01
-2.943562567234039307e-01
-2.816951274871826172e-01
-2.435322850942611694e-01
-2.227268815040588379e-01
-2.141299843788146973e-01
-1.877304017543792725e-01
-2.637570798397064209e-01
-2.466036528348922729e-01
-1.752937287092208862e-01
-2.156110256910324097e-01
-3.764799237251281738e-01
-4.443699419498443604e-01
-3.911495506763458252e-01
-4.155692756175994873e-01
-1.328765302896499634e-01
-3.433336615562438965e-01
-2.035631686449050903e-01
-3.782386481761932373e-01
-2.163952440023422241e-01
-3.499861061573028564e-01
-2.598564624786376953e-01
-2.528111338615417480e-01
-3.021626174449920654e-01
-1.296449750661849976e-01
-5.125244855880737305e-01
-2.419695854187011719e-01
-3.548914492130279541e-01
-2.440340369939804077e-01
-2.624593079090118408e-01
-2.067600339651107788e-01
-2.113642692565917969e-01
-2.514430582523345947e-01
-3.282953500747680664e-01
-2.752393782138824463e-01
-2.610918283462524414e-01
-2.530838549137115479e-01
-4.618966877460479736e-01
-2.972091436386108398e-01
-2.215406000614166260e-01
-1.309069693088531494e-01
-3.067190945148468018e-01
-1.730865985155105591e-01
-2.916799485683441162e-01
-2.673142254352569580e-01
-2.803769409656524658e-01
-1.799590587615966797e-01
-4.262911975383758545e-01
-1.544007360935211182e-01
-6.152027100324630737e-02
-2.319513559341430664e-01
-2.620193958282470703e-01
-2.458450794219970703e-01
-3.238009810447692871e-01
-2.114687412977218628e-01
-2.552754580974578857e-01
-4.344558715820312500e-01
-1.948246657848358154e-01
-1.536978781223297119e-01
-3.131248652935028076e-01
-2.447420954704284668e-01
-2.085402607917785645e-01
-1.752027273178100586e-01
-2.551378607749938965e-01
-1.655853688716888428e-01
-1.232790052890777588e-01
-3.482405841350555420e-01
-3.115097582340240479e-01
-1.764703840017318726e-01
-2.532317638397216797e-01
-3.176189064979553223e-01
-2.610770463943481445e-01
-2.098521888256072998e-01
-1.570853441953659058e-01
-3.949417769908905029e-01
-2.755812108516693115e-01
-2.550212144851684570e-01
-2.595630288124084473e-01
-3.361068069934844971e-01
-2.545842230319976807e-01
-3.219188749790191650e-01
-7.995861023664474487e-02
-3.366016149520874023e-01
-1.951383203268051147e-01
-2.177598774433135986e-01
-2.836835682392120361e-01
-3.025533854961395264e-01
-2.751031219959259033e-01
-3.160368800163269043e-01
-2.285695821046829224e-01
-3.784735798835754395e-01
-3.475868999958038330e-01
-3.999996185302734375e-01
-2.741829752922058105e-01
-2.186251133680343628e-01
-2.148299366235733032e-01
-3.475856781005859375e-01
-3.232138454914093018e-01
-3.164522647857666016e-01
-1.812349110841751099e-01
-2.890890538692474365e-01
-2.470445483922958374e-01
-3.672118186950683594e-01
-2.521064877510070801e-01
-3.528159856796264648e-01
-3.031082749366760254e-01
-6.769817322492599487e-02
-2.734446227550506592e-01
-1.834018677473068237e-01
-1.647162437438964844e-01
-4.725217819213867188e-01
-3.551021814346313477e-01
-1.247295290231704712e-01
-1.263954788446426392e-01
-3.777523934841156006e-01
-2.169929295778274536e-01
-3.319310545921325684e-01
-2.452363967895507812e-01
-2.182589173316955566e-01
-3.420786857604980469e-01
-1.938569247722625732e-01
-3.827003240585327148e-01
-2.507892549037933350e-01
-2.931567132472991943e-01
-2.961315512657165527e-01
-2.464765310287475586e-01
-2.139841169118881226e-01
-3.470408916473388672e-01
-3.081641197204589844e-01
-2.205771952867507935e-01
-2.871060967445373535e-01
-3.158909976482391357e-01
-2.031561434268951416e-01
