-5.503343343734741211e-01
-6.955991387367248535e-01
-1.172564387321472168e+00
-1.839900493621826172e+00
-1.504908204078674316e+00
-8.870725631713867188e-01
-1.530124902725219727e+00
-1.830382347106933594e+00
-1.414996147155761719e+00
-1.607116341590881348e+00
-1.538378953933715820e+00
-1.510817885398864746e+00
-1.874840855598449707e+00
-2.749450802803039551e-01
-1.258030056953430176e+00
-1.183621883392333984e+00
-1.593626976013183594e+00
-2.187444448471069336e+00
-1.331234693527221680e+00
-1.521375060081481934e+00
-8.395150303840637207e-01
-1.858349680900573730e+00
-1.130616784095764160e+00
-2.174038648605346680e+00
-9.470973610877990723e-01
-1.836464047431945801e+00
-1.638861656188964844e+00
-1.695274353027343750e+00
-1.864044308662414551e+00
-1.023090958595275879e+00
-1.679069995880126953e+00
-1.486133813858032227e+00
-1.763832807540893555e+00
-1.283215165138244629e+00
-1.457342386245727539e+00
-1.329382300376892090e+00
-1.228150844573974609e+00
-1.479577422142028809e+00
-2.178637742996215820e+00
-1.027701020240783691e+00
-1.567266821861267090e+00
-1.079547524452209473e+00
-6.675237417221069336e-01
-1.039835453033447266e+00
-1.595184803009033203e+00
-1.110239386558532715e+00
-1.716620206832885742e+00
-1.018717885017395020e+00
-2.052909374237060547e+00
-1.769781112670898438e+00
-9.291502237319946289e-01
-1.501281380653381348e+00
-1.390122294425964355e+00
-9.148763418197631836e-01
-1.700436353683471680e+00
-1.067932724952697754e+00
-1.804869890213012695e+00
-1.189861416816711426e+00
-1.514075994491577148e+00
-1.291760444641113281e+00
-1.440376281738281250e+00
-1.213733434677124023e+00
-1.198704004287719727e+00
-1.519442796707153320e+00
-1.190082073211669922e+00
-1.548392057418823242e+00
-2.649590730667114258e+00
-7.494489550590515137e-01
-1.403078675270080566e+00
-9.491118192672729492e-01
-2.237249612808227539e+00
-1.182665973901748657e-01
-1.330229043960571289e+00
-7.531674504280090332e-01
-1.231155753135681152e+00
-1.733664512634277344e+00
-9.895747303962707520e-01
-2.224011659622192383e+00
-1.778536200523376465e+00
-2.696004867553710938e+00
-1.130064606666564941e+00
-1.007662653923034668e+00
-1.961137056350708008e+00
-1.447056531906127930e+00
-1.449505209922790527e+00
-7.006769180297851562e-01
-1.002826094627380371e+00
-2.184514760971069336e+00
-1.106031894683837891e+00
-1.657601237297058105e+00
-1.638013958930969238e+00
-1.265904068946838379e+00
-7.522581815719604492e-01
-7.189192175865173340e-01
-2.031593084335327148e+00
-9.016600251197814941e-01
-9.213094115257263184e-01
-5.850378870964050293e-01
-1.272276401519775391e+00
-1.240027666091918945e+00
-9.321277141571044922e-01
-1.632134556770324707e+00
1.795991361141204834e-01
-2.075536966323852539e+00
-4.270556271076202393e-01
-9.634746313095092773e-01
-1.460348725318908691e+00
-7.734592556953430176e-01
-8.724294900894165039e-01
-1.584285616874694824e+00
-6.200624108314514160e-01
-1.247868895530700684e+00
-1.243519902229309082e+00
-9.257022738456726074e-01
-6.620175838470458984e-01
-6.620389223098754883e-01
-6.156446337699890137e-01
-2.524573564529418945e+00
-1.427101731300354004e+00
-2.171110630035400391e+00
-1.063119769096374512e+00
-8.650376796722412109e-01
-1.068378567695617676e+00
-1.947063684463500977e+00
-1.425343871116638184e+00
-1.675046443939208984e+00
-1.256126880645751953e+00
-1.207793354988098145e+00
-4.581515491008758545e-01
-1.785100579261779785e+00
-1.803791880607604980e+00
-2.139911890029907227e+00
-9.903034567832946777e-01
-1.023352742195129395e+00
-1.024378895759582520e+00
-1.390348315238952637e+00
-1.835499048233032227e+00
-5.593457221984863281e-01
-9.807926416397094727e-01
-8.114042282104492188e-01
-1.103502988815307617e+00
-1.330013751983642578e+00
-1.510720133781433105e+00
-7.093548774719238281e-01
-5.368667840957641602e-01
-1.096217155456542969e+00
-1.540241599082946777e+00
-1.716506958007812500e+00
-4.878329038619995117e-01
-1.548672080039978027e+00
-1.690161466598510742e+00
-1.107808232307434082e+00
-1.868577003479003906e+00
-2.036102056503295898e+00
-1.692700266838073730e+00
-1.361788272857666016e+00
-1.467711806297302246e+00
-8.287884593009948730e-01
-1.268870711326599121e+00
-1.340662598609924316e+00
-1.402294874191284180e+00
-1.262411355972290039e+00
-1.536626219749450684e+00
-1.085539340972900391e+00
-8.397943973541259766e-01
-1.144186615943908691e+00
-1.880642175674438477e+00
-1.538672208786010742e+00
-1.558064460754394531e+00
-1.272726774215698242e+00
-1.379498243331909180e+00
-1.392341613769531250e+00
-1.099643230438232422e+00
-1.455187439918518066e+00
-1.664019584655761719e+00
-1.297873735427856445e+00
-1.557573556900024414e+00
-4.768483638763427734e-01
-1.009011387825012207e+00
-6.259189248085021973e-01
-1.281297683715820312e+00
-1.633288264274597168e+00
-1.599064588546752930e+00
-1.190617084503173828e+00
-1.523965001106262207e+00
-1.175345420837402344e+00
-9.813982248306274414e-01
-9.923550486564636230e-01
-1.155992627143859863e+00
-1.578140497207641602e+00
-9.613743424415588379e-01
-1.004056930541992188e+00
-7.592849731445312500e-01
-1.294415235519409180e+00
-1.326839923858642578e+00
-1.435604691505432129e+00
-1.152818083763122559e+00
-1.136596322059631348e+00
-1.269074201583862305e+00
-1.144062399864196777e+00
