-4.887151881121098995e-04
1.211823057383298874e-02
2.898663096129894257e-02
1.080903876572847366e-02
9.803591668605804443e-02
9.990071505308151245e-02
-5.180193111300468445e-02
2.539107017219066620e-02
1.127568259835243225e-01
7.363861799240112305e-02
-1.719244755804538727e-02
-5.871031433343887329e-02
-1.468040943145751953e-01
-7.328258454799652100e-02
2.981196343898773193e-02
-4.709787666797637939e-02
8.280215412378311157e-02
4.228161647915840149e-02
2.176012247800827026e-01
-5.141989886760711670e-02
-2.650366909801959991e-02
2.839979343116283417e-02
2.502434700727462769e-02
8.685531467199325562e-02
8.926917612552642822e-02
-6.071589887142181396e-02
-7.585985958576202393e-02
-1.639137417078018188e-02
1.246278658509254456e-01
8.031307160854339600e-02
-7.400062680244445801e-02
6.716258823871612549e-02
-3.537623910233378410e-03
9.169615060091018677e-02
3.882892057299613953e-02
1.504881773144006729e-02
2.149379253387451172e-02
-8.705607056617736816e-02
-6.839329749345779419e-02
2.329686284065246582e-02
-4.684041813015937805e-02
2.807912230491638184e-02
5.352481734007596970e-03
3.689774870872497559e-02
-5.724278837442398071e-02
-8.921964466571807861e-02
7.616718858480453491e-02
1.295755356550216675e-01
5.765143409371376038e-02
-1.852818280458450317e-01
2.405257895588874817e-02
1.082619726657867432e-01
1.015745401382446289e-01
3.460750356316566467e-02
-5.123858526349067688e-02
6.163984909653663635e-02
2.294490486383438110e-02
1.201292872428894043e-01
1.688044667243957520e-01
2.816545777022838593e-02
5.887644365429878235e-02
1.568325459957122803e-01
-1.090197265148162842e-01
8.616725914180278778e-03
-2.469439932610839605e-04
3.811072930693626404e-02
-6.918475031852722168e-02
4.640541225671768188e-02
8.737932890653610229e-02
-7.779384404420852661e-02
3.863137960433959961e-02
-4.848468303680419922e-02
-4.752542823553085327e-02
-6.693204492330551147e-02
1.686790212988853455e-02
4.367164894938468933e-02
4.728841409087181091e-02
1.272320449352264404e-01
-8.491893112659454346e-02
-1.273804157972335815e-02
1.033816039562225342e-01
7.375656068325042725e-02
2.815013192594051361e-02
6.814143061637878418e-02
-3.758674487471580505e-02
5.175626650452613831e-02
7.493416219949722290e-02
-2.378211356699466705e-02
-4.263434559106826782e-02
6.810363382101058960e-02
-7.833803445100784302e-02
7.494799047708511353e-02
-4.023994877934455872e-02
1.718713790178298950e-01
2.616557292640209198e-02
-7.114786654710769653e-02
-6.140616536140441895e-02
-5.973558872938156128e-04
6.438852846622467041e-02
-9.898475371301174164e-03
