-2.276009470224380493e-01
-4.756110534071922302e-02
-2.001826614141464233e-01
-1.518270224332809448e-01
-1.065533608198165894e-01
-1.861466616392135620e-01
-1.889767646789550781e-01
-1.886737495660781860e-01
-2.255745530128479004e-01
-5.094992369413375854e-02
-2.167577296495437622e-01
-1.024987623095512390e-01
-2.123928368091583252e-01
-1.691881269216537476e-01
-1.269083768129348755e-01
-1.159987300634384155e-01
-4.452607408165931702e-02
-1.816989332437515259e-01
-9.787999838590621948e-02
-2.194798588752746582e-01
-1.442019492387771606e-01
-2.630232572555541992e-01
-1.765660941600799561e-01
-2.600733339786529541e-01
-2.335644662380218506e-01
-2.680255770683288574e-01
-1.215533688664436340e-01
-1.387893855571746826e-01
-3.714219108223915100e-02
-1.453028768301010132e-01
-1.370618045330047607e-01
-1.892074048519134521e-01
-1.934163272380828857e-01
-1.375853419303894043e-01
-2.394367456436157227e-01
-2.488226294517517090e-01
-1.956492513418197632e-01
-1.830114722251892090e-01
-1.226752549409866333e-01
-2.386372536420822144e-01
-1.533980518579483032e-01
-1.682048141956329346e-01
-1.852455139160156250e-01
-1.373824477195739746e-01
-2.481494992971420288e-01
-1.683152467012405396e-01
-7.027604430913925171e-02
-2.326301634311676025e-01
-2.293021529912948608e-01
-1.678646653890609741e-01
-2.184478342533111572e-01
-2.332008183002471924e-01
-2.665046155452728271e-01
-1.655278056859970093e-01
-2.125253379344940186e-01
-2.132045626640319824e-01
-1.546857059001922607e-01
-2.572953701019287109e-01
-2.653934359550476074e-01
-2.077281177043914795e-01
-2.220341414213180542e-01
-1.301394999027252197e-01
-1.216895878314971924e-01
-1.696592867374420166e-01
-1.154386028647422791e-01
-1.759774386882781982e-01
-1.967873573303222656e-01
-7.346494495868682861e-02
-1.682643294334411621e-01
-1.076878234744071960e-01
-1.988084465265274048e-01
-2.022186517715454102e-01
-1.515499055385589600e-01
-5.857500061392784119e-02
-1.765045374631881714e-01
-1.337394863367080688e-01
-2.788963317871093750e-01
-1.501451283693313599e-01
-1.775607168674468994e-01
-1.032682061195373535e-01
-1.281846016645431519e-01
-2.215935140848159790e-01
-1.574221700429916382e-01
-2.185924947261810303e-01
-1.395850181579589844e-01
-2.550486922264099121e-01
-2.327080219984054565e-01
-1.610562205314636230e-01
-3.063733577728271484e-01
-2.555876374244689941e-01
-1.024873405694961548e-01
-2.228902429342269897e-01
-2.039621919393539429e-01
-1.812569797039031982e-01
-1.613661050796508789e-01
-1.423982530832290649e-01
-2.051390856504440308e-01
-2.164986878633499146e-01
-2.491853535175323486e-01
-1.362469196319580078e-01
-1.822377145290374756e-01
-1.818740814924240112e-01
-2.262107431888580322e-01
-2.974871695041656494e-01
-9.038013219833374023e-02
-9.333273768424987793e-02
-1.098790019750595093e-01
-1.498970091342926025e-01
-2.081951685249805450e-02
-2.025007158517837524e-01
-1.935684382915496826e-01
-2.489426136016845703e-01
-1.863089203834533691e-01
-1.171205341815948486e-01
-2.709587216377258301e-01
-1.441555768251419067e-01
-1.497629731893539429e-01
-1.757610738277435303e-01
-1.769001185894012451e-01
-1.968159824609756470e-01
-1.617260277271270752e-01
-1.369169056415557861e-01
-1.263411045074462891e-01
-9.277155995368957520e-02
-2.441659867763519287e-01
-1.885737329721450806e-01
-1.631303876638412476e-01
-2.238276302814483643e-01
-9.404519945383071899e-02
-1.146557927131652832e-01
-2.398727238178253174e-01
-2.040065377950668335e-01
-1.721073836088180542e-01
-2.379359602928161621e-01
-1.181339621543884277e-01
-2.955321371555328369e-01
-1.268946379423141479e-01
-1.596200168132781982e-01
-1.722664684057235718e-01
-1.589083671569824219e-01
-2.111536860466003418e-01
-1.611970365047454834e-01
-9.654270857572555542e-02
-8.559131622314453125e-02
-1.508506983518600464e-01
-1.883198469877243042e-01
-1.716654449701309204e-01
-1.587967872619628906e-01
-2.435340434312820435e-01
-2.442642003297805786e-01
-1.387414038181304932e-01
-1.224454939365386963e-01
-1.476095020771026611e-01
-2.078904658555984497e-01
-2.347997725009918213e-01
-1.936863213777542114e-01
-1.007023230195045471e-01
-3.955043852329254150e-02
-2.080078870058059692e-01
-9.501399099826812744e-02
-1.561962664127349854e-01
-1.656452864408493042e-01
-2.212542593479156494e-01
-1.756346523761749268e-01
-1.374561190605163574e-01
-1.572115719318389893e-01
-1.350088715553283691e-01
-1.129766926169395447e-01
-7.306335866451263428e-02
-2.591836750507354736e-01
-2.222888469696044922e-01
-1.576896905899047852e-01
-1.311423331499099731e-01
-2.760709524154663086e-01
-2.662105858325958252e-01
-2.203571647405624390e-01
-2.013052552938461304e-01
-1.154121384024620056e-01
-2.208277434110641479e-01
-1.443989127874374390e-01
-2.524323761463165283e-01
-1.501120626926422119e-01
-1.728442460298538208e-01
-2.004695236682891846e-01
-2.286396920680999756e-01
-1.672921627759933472e-01
-2.777544856071472168e-01
-8.927866071462631226e-02
-2.852087318897247314e-01
-1.042055115103721619e-01
-1.425032019615173340e-01
-2.549616694450378418e-01
-1.178724616765975952e-01
-1.144725084304809570e-01
-1.846246123313903809e-01
-5.484281107783317566e-02
-1.154373958706855774e-01
-9.471377730369567871e-02
-2.477508783340454102e-01
-1.906706690788269043e-01
