3.641332685947418213e-02
-8.969196677207946777e-02
-2.546686679124832153e-02
-1.483059674501419067e-01
1.649139225482940674e-01
1.138654798269271851e-01
2.608406245708465576e-01
7.098551094532012939e-02
-1.036616489291191101e-01
3.959932364523410797e-03
-2.773185819387435913e-02
-5.515992268919944763e-02
-2.712529711425304413e-02
-3.234678506851196289e-02
-4.716662690043449402e-02
1.706345565617084503e-02
1.294432487338781357e-02
-3.096285834908485413e-02
3.100352361798286438e-02
1.630113571882247925e-01
2.911976072937250137e-03
1.096250042319297791e-01
-5.245196819305419922e-02
-1.694614626467227936e-02
7.451032102108001709e-02
1.287185847759246826e-01
1.482817977666854858e-01
-3.120015608146786690e-03
7.663039118051528931e-02
-8.819543756544589996e-03
1.879527978599071503e-02
1.612848937511444092e-01
-1.805349625647068024e-02
1.432299800217151642e-02
-3.940902650356292725e-03
1.633093506097793579e-01
1.742823421955108643e-01
2.427222207188606262e-02
9.874244779348373413e-02
7.231213618069887161e-03
-4.365139827132225037e-02
9.221304953098297119e-02
5.908000841736793518e-02
1.974174231290817261e-01
-2.357933111488819122e-02
-8.255666494369506836e-02
4.664991796016693115e-02
-1.125506609678268433e-01
1.513781249523162842e-01
1.097726896405220032e-01
