2.213053852319717407e-01
2.378744333982467651e-01
8.001500740647315979e-03
-1.248819157481193542e-01
-1.003754660487174988e-01
5.082956701517105103e-02
9.656267613172531128e-02
5.317581072449684143e-02
1.181661933660507202e-01
1.656019389629364014e-01
1.121086329221725464e-01
-1.583220250904560089e-02
2.683290243148803711e-01
6.775095313787460327e-02
-6.091202795505523682e-02
4.651212692260742188e-02
5.753423646092414856e-02
-5.566266365349292755e-03
-3.120369650423526764e-02
1.280207186937332153e-01
1.530578173696994781e-02
8.627340197563171387e-02
-1.937424391508102417e-01
-1.303211897611618042e-01
1.851147264242172241e-01
2.154546976089477539e-01
-5.821155011653900146e-02
2.339075654745101929e-01
1.369097530841827393e-01
2.402462065219879150e-01
