1.306860893964767456e-02
2.956573851406574249e-02
1.319128572940826416e-01
1.278860270977020264e-01
1.871599070727825165e-02
1.930489093065261841e-01
4.022586345672607422e-02
1.490952074527740479e-01
5.482615903019905090e-02
9.524734318256378174e-02
-1.505648791790008545e-01
1.371243894100189209e-01
9.344723820686340332e-02
1.539114117622375488e-01
2.166882455348968506e-01
-4.896061494946479797e-02
2.388001233339309692e-01
-1.697001308202743530e-01
1.547734290361404419e-01
-6.737606227397918701e-02
1.206880155950784683e-02
5.792023986577987671e-02
-4.786228761076927185e-02
6.795276701450347900e-02
-1.482084579765796661e-02
-6.341131031513214111e-02
6.494090706110000610e-02
-1.206966564059257507e-01
1.189229488372802734e-01
8.735780417919158936e-02
8.922794461250305176e-02
-7.848505675792694092e-02
-5.726437270641326904e-02
1.821803748607635498e-01
-6.688597053289413452e-02
4.664212930947542191e-03
1.003980040550231934e-01
1.418243348598480225e-01
6.481683813035488129e-03
6.212462112307548523e-02
-5.101006850600242615e-02
-5.760963261127471924e-02
5.860274285078048706e-02
-4.447625204920768738e-02
1.063839867711067200e-01
4.012043774127960205e-02
5.051424726843833923e-02
4.528221115469932556e-02
3.994102776050567627e-02
5.530294030904769897e-02
