1.361242681741714478e-01
-4.536242410540580750e-02
4.533309489488601685e-02
1.658936738967895508e-01
2.014350742101669312e-01
1.981897205114364624e-01
2.044775336980819702e-01
2.479838877916336060e-01
1.205811426043510437e-01
3.407081216573715210e-02
-2.157210186123847961e-02
1.387726515531539917e-01
2.631152747198939323e-03
-1.668968982994556427e-02
1.755527853965759277e-01
-4.582754522562026978e-02
2.285941243171691895e-01
-8.914035558700561523e-02
1.627076864242553711e-01
5.798476561903953552e-02
2.133338302373886108e-01
-2.969322353601455688e-02
5.481291934847831726e-02
2.947723120450973511e-02
2.688105404376983643e-01
7.703801244497299194e-02
-9.427714347839355469e-02
5.569826066493988037e-02
6.298942491412162781e-03
-1.142650544643402100e-01
