-2.008067607879638672e+00
-1.938459157943725586e+00
-1.030410766601562500e+00
-4.598277568817138672e+00
-2.474587440490722656e+00
-1.699074864387512207e+00
-5.658876419067382812e+00
-2.033510923385620117e+00
-4.274309158325195312e+00
-4.247923374176025391e+00
-3.564702510833740234e+00
-2.339573383331298828e+00
-2.903623819351196289e+00
-1.171784520149230957e+00
-3.108591794967651367e+00
-2.496551275253295898e+00
-3.726877689361572266e+00
-1.290226578712463379e+00
1.168411448597908020e-01
-1.912836909294128418e+00
-1.109138369560241699e+00
-7.501885890960693359e-01
-1.781524300575256348e+00
-3.803911924362182617e+00
-4.876053333282470703e+00
-1.548757076263427734e+00
4.116094112396240234e+00
-4.758487224578857422e+00
-1.138941884040832520e+00
-6.408625602722167969e+00
-2.674246311187744141e+00
-4.377858638763427734e+00
-4.427413463592529297e+00
-3.160165309906005859e+00
-4.360712528228759766e+00
-2.959043085575103760e-01
-3.256652116775512695e+00
-2.818470716476440430e+00
-2.720561981201171875e+00
-1.438944935798645020e+00
-3.215579986572265625e+00
-2.499413251876831055e+00
-6.440428644418716431e-02
-3.400485515594482422e+00
-2.706761598587036133e+00
-3.211527824401855469e+00
-2.489957332611083984e+00
-1.968969821929931641e+00
-2.431117057800292969e+00
-2.122157096862792969e+00
-2.721955299377441406e+00
-2.813194513320922852e+00
-3.569453060626983643e-01
1.046931266784667969e+00
-3.347310304641723633e+00
-2.001327514648437500e+00
-2.035367727279663086e+00
-3.960249900817871094e+00
-4.789365291595458984e+00
-2.804452896118164062e+00
-3.031255722045898438e+00
-2.821959733963012695e+00
-4.552447199821472168e-01
-3.951292991638183594e+00
-1.935193419456481934e+00
-2.306684970855712891e+00
-3.735095262527465820e+00
-2.115364789962768555e+00
-2.721333026885986328e+00
-2.205582380294799805e+00
-3.128812789916992188e+00
-4.501722812652587891e+00
-1.629153132438659668e+00
-2.160178184509277344e+00
-2.344063758850097656e+00
-9.479918479919433594e-01
-9.863702654838562012e-01
-2.301022291183471680e+00
-3.982277393341064453e+00
1.911560535430908203e+00
-2.119460344314575195e+00
-7.477549076080322266e+00
-7.968304157257080078e+00
-6.718676567077636719e+00
1.296071290969848633e+00
-1.736554317176342010e-02
-3.256468296051025391e+00
-3.850604057312011719e+00
-1.588153481483459473e+00
4.905694425106048584e-01
-9.262988567352294922e-01
1.617387384176254272e-01
-2.747413396835327148e+00
-4.080116271972656250e+00
-2.986814975738525391e+00
-3.956361293792724609e+00
-5.846372604370117188e+00
1.931265830993652344e+00
-4.332770705223083496e-01
-1.826012015342712402e+00
-6.120752334594726562e+00
-2.639103174209594727e+00
-4.019385337829589844e+00
-3.987906694412231445e+00
-1.789425849914550781e+00
-5.036453247070312500e+00
-2.725605726242065430e+00
-5.731860160827636719e+00
-2.819713592529296875e+00
5.312243700027465820e-01
-2.591825723648071289e+00
1.931326270103454590e+00
-5.535097718238830566e-01
-1.942027688026428223e+00
-5.802544355392456055e-01
-2.634734630584716797e+00
-3.122372150421142578e+00
-1.667105674743652344e+00
-2.857267856597900391e-01
-5.784589290618896484e+00
-1.710210919380187988e+00
-3.065166711807250977e+00
-2.977087974548339844e+00
-5.568640232086181641e+00
-1.605151653289794922e+00
-4.200998842716217041e-01
-4.897925853729248047e+00
-1.920502781867980957e+00
-4.326997280120849609e+00
-2.364934206008911133e+00
1.471633076667785645e+00
-2.714128017425537109e+00
-2.363040447235107422e+00
-3.718120336532592773e+00
-2.931495904922485352e+00
-3.471344470977783203e+00
-3.156293630599975586e+00
1.331153988838195801e+00
-6.172835350036621094e+00
-2.445369005203247070e+00
-6.468792915344238281e+00
-3.283968865871429443e-01
5.621951222419738770e-01
-2.187493324279785156e+00
-1.318478107452392578e+00
-5.323048591613769531e+00
4.754942655563354492e-01
1.275695681571960449e+00
-1.738417029380798340e+00
-2.554068088531494141e+00
-2.268885523080825806e-01
-8.152047395706176758e-01
-5.269402503967285156e+00
-2.301221370697021484e+00
-3.415221214294433594e+00
-3.750833749771118164e+00
1.996044039726257324e+00
-5.993199825286865234e+00
5.080964416265487671e-02
-4.790839672088623047e+00
-8.185927391052246094e+00
-3.254856824874877930e+00
5.285063982009887695e-01
-2.713365793228149414e+00
-1.505618691444396973e+00
-1.829168438911437988e+00
-1.284143805503845215e+00
6.794611811637878418e-01
-1.280582308769226074e+00
-2.777802944183349609e+00
-2.416737824678421021e-01
-1.852636337280273438e+00
-3.502823412418365479e-01
-1.451331853866577148e+00
-1.674232363700866699e+00
-5.939820766448974609e+00
-4.143105983734130859e+00
-2.988460063934326172e+00
-7.867142558097839355e-03
-2.275992870330810547e+00
-3.516927957534790039e+00
-2.061478137969970703e+00
-2.999794244766235352e+00
-1.779553174972534180e+00
-3.037671089172363281e+00
-8.435355126857757568e-02
-1.137522220611572266e+00
-4.865397453308105469e+00
-5.372864723205566406e+00
-4.249147891998291016e+00
-1.571260213851928711e+00
-7.798691272735595703e+00
-9.454831480979919434e-01
-4.106069564819335938e+00
-4.632431507110595703e+00
-9.047635793685913086e-01
1.175767302513122559e+00
-2.344213247299194336e+00
-1.672369360923767090e+00
-2.809149026870727539e+00
