2.952867448329925537e-01
2.977080829441547394e-02
-1.727105863392353058e-02
-3.990029916167259216e-02
-6.970572471618652344e-02
2.504349946975708008e-01
3.123356215655803680e-02
7.932006567716598511e-02
6.147001683712005615e-02
2.199869155883789062e-01
-3.681220114231109619e-02
1.435013562440872192e-01
-1.721915304660797119e-01
1.533997207880020142e-01
2.790442407131195068e-01
1.294218599796295166e-01
1.225587874650955200e-01
1.316926181316375732e-01
-2.968507073819637299e-02
-8.235640078783035278e-02
-7.766895741224288940e-02
2.096593081951141357e-01
3.240715712308883667e-02
3.417812287807464600e-02
-5.858513526618480682e-03
-1.382696181535720825e-01
3.443032801151275635e-01
7.828948646783828735e-02
1.719943620264530182e-02
1.185497418045997620e-01
