-4.997215699404478073e-03
1.914171725511550903e-01
1.200020909309387207e-01
-8.993406780064105988e-03
1.764451153576374054e-02
5.282090604305267334e-02
-7.283879816532135010e-02
5.137933045625686646e-02
1.853965222835540771e-01
5.071885511279106140e-02
7.330300752073526382e-03
1.215468198060989380e-01
1.046648472547531128e-01
7.102246582508087158e-02
-4.164132848381996155e-02
8.786269277334213257e-02
2.225321903824806213e-02
1.233417615294456482e-01
7.458816468715667725e-02
-6.266753375530242920e-02
1.290543973445892334e-01
1.738651692867279053e-01
1.575877964496612549e-01
7.780862599611282349e-02
6.794106960296630859e-02
-2.803127653896808624e-02
-9.298998117446899414e-02
5.308808758854866028e-02
-4.500959068536758423e-02
1.566543579101562500e-01
-3.261883556842803955e-02
4.522561281919479370e-02
2.836088091135025024e-02
5.801029130816459656e-02
8.409564197063446045e-02
8.894487470388412476e-02
-2.934424020349979401e-02
-1.372385025024414062e-01
9.250833839178085327e-02
-5.902591720223426819e-02
4.259366914629936218e-02
-3.801868110895156860e-02
1.233477070927619934e-01
1.998744606971740723e-01
2.184281125664710999e-02
-3.974168375134468079e-02
-6.389273703098297119e-02
2.177583128213882446e-01
-1.754837185144424438e-01
4.784623906016349792e-02
