-7.924857735633850098e-02
-1.105356737971305847e-01
-4.836420714855194092e-02
2.279846463352441788e-03
3.025188110768795013e-02
-1.004461012780666351e-02
1.366625446826219559e-02
-2.896686457097530365e-02
2.656161040067672729e-02
1.966905407607555389e-02
-6.016715243458747864e-02
5.466990545392036438e-02
-3.232581913471221924e-02
-2.798298373818397522e-03
-3.190284594893455505e-02
-2.343385294079780579e-02
1.975155249238014221e-02
6.526560336351394653e-02
2.390715852379798889e-02
4.558929055929183960e-02
1.053140219300985336e-02
1.120752561837434769e-02
-5.693343654274940491e-02
-3.041352890431880951e-02
1.893668621778488159e-02
-6.160292401909828186e-02
8.436873555183410645e-02
4.545443505048751831e-02
-2.359561435878276825e-02
4.019604250788688660e-02
2.400074386969208717e-03
-3.865303099155426025e-02
-3.833957388997077942e-02
5.666925385594367981e-02
2.286454103887081146e-02
3.592885285615921021e-02
-8.881867676973342896e-02
-5.104692652821540833e-02
4.864329099655151367e-02
1.208689715713262558e-02
-3.099336288869380951e-02
-1.987247355282306671e-02
4.689897969365119934e-02
9.057852439582347870e-03
-2.555133309215307236e-03
5.044664442539215088e-02
-1.464163977652788162e-02
4.759341105818748474e-02
1.165301948785781860e-01
6.187451258301734924e-02
-3.595467284321784973e-02
4.653807356953620911e-02
-2.347017638385295868e-02
6.053731217980384827e-02
-5.373267829418182373e-02
-5.891121923923492432e-03
-1.805876009166240692e-02
1.119947433471679688e-02
-9.732472151517868042e-02
6.181603297591209412e-02
-1.649837126024067402e-03
3.748128947336226702e-04
-6.822581402957439423e-03
1.095382124185562134e-02
7.470316439867019653e-02
1.398955378681421280e-02
1.197139322757720947e-01
-2.729994431138038635e-02
-4.181207716464996338e-02
-6.187490373849868774e-02
2.502571418881416321e-02
-4.674331285059452057e-03
2.354290895164012909e-02
2.835983596742153168e-02
3.461655974388122559e-02
-3.827301040291786194e-02
-9.654226154088973999e-02
-8.335141837596893311e-02
-5.454495921730995178e-02
-6.521606445312500000e-02
3.645981848239898682e-02
2.012140117585659027e-02
-4.938032105565071106e-02
-3.146311268210411072e-02
-1.781330443918704987e-02
1.752847582101821899e-01
-1.410133298486471176e-02
-3.141164034605026245e-02
-2.996704354882240295e-02
-1.269411854445934296e-02
7.746403105556964874e-03
9.205904789268970490e-03
-1.576212584041059017e-03
-1.473036594688892365e-02
4.251119866967201233e-02
-5.199258215725421906e-03
5.874949321150779724e-02
-7.385007292032241821e-02
-3.674088278785347939e-03
-3.360980749130249023e-02
3.096586279571056366e-02
7.477658800780773163e-03
5.034099891781806946e-02
-1.031982228159904480e-01
-1.367953605949878693e-02
8.010252565145492554e-02
-1.752081327140331268e-02
8.237612992525100708e-02
-1.996814832091331482e-02
1.888040639460086823e-02
5.665939301252365112e-02
-5.551524087786674500e-02
-2.650996856391429901e-02
-3.971556201577186584e-02
-4.955735057592391968e-02
-1.268196254968643188e-01
-5.101169273257255554e-02
-9.791232645511627197e-02
4.194468259811401367e-02
7.698291912674903870e-03
1.367965620011091232e-02
4.051136597990989685e-02
-6.478896737098693848e-02
-1.737377606332302094e-02
2.017584629356861115e-02
-3.437849506735801697e-02
8.556588739156723022e-02
5.109766032546758652e-03
-1.760147744789719582e-03
6.890334933996200562e-02
5.639215558767318726e-02
2.399670518934726715e-02
4.026871919631958008e-02
1.150587201118469238e-02
2.402266254648566246e-03
-3.582885488867759705e-02
-1.705968193709850311e-02
-8.536664396524429321e-02
1.002557352185249329e-01
1.036454886198043823e-01
-3.573536127805709839e-02
5.523522198200225830e-02
-2.171072922646999359e-02
-5.806843936443328857e-02
4.692782089114189148e-02
-5.142907053232192993e-02
1.063082553446292877e-02
1.457831729203462601e-02
-1.030473224818706512e-02
1.048950292170047760e-02
-1.203527376055717468e-01
6.242389976978302002e-02
-8.858510293066501617e-03
9.918534010648727417e-02
-5.763936787843704224e-02
2.198102325201034546e-02
5.443701148033142090e-02
1.199093554168939590e-02
-4.973549395799636841e-02
1.239218004047870636e-02
1.433480065315961838e-03
9.414088563062250614e-04
-1.232272945344448090e-02
-1.991417258977890015e-02
-7.155355066061019897e-02
4.719212651252746582e-02
9.607210755348205566e-02
-4.854434635490179062e-03
6.239993870258331299e-02
-1.319100055843591690e-02
-2.293473854660987854e-02
4.610157012939453125e-02
-6.709969136863946915e-03
7.599184662103652954e-02
1.714096590876579285e-02
-3.210739791393280029e-02
-8.987838029861450195e-02
-6.932143867015838623e-02
5.698655545711517334e-02
-4.428656399250030518e-02
3.299106657505035400e-02
4.858451336622238159e-02
6.489565223455429077e-02
1.581998658366501331e-03
-5.209242179989814758e-02
-2.195352688431739807e-02
5.543090030550956726e-02
-1.640410870313644409e-01
4.671579971909523010e-02
4.570404440164566040e-02
7.333254069089889526e-02
-4.358296468853950500e-02
5.942318961024284363e-02
-1.261147391051054001e-02
1.049971673637628555e-02
-2.499660104513168335e-02
5.276239663362503052e-02
-1.428604964166879654e-02
-8.428989350795745850e-02
-1.322265807539224625e-02
