1.529856771230697632e-02
1.341543998569250107e-02
-6.552176177501678467e-02
3.187334164977073669e-02
2.424027211964130402e-02
1.414205040782690048e-02
6.709714978933334351e-02
4.069216176867485046e-02
-1.252518892288208008e-01
-6.206146255135536194e-02
-6.685101240873336792e-02
-5.427080765366554260e-02
1.364620029926300049e-02
-2.092697471380233765e-02
3.175936266779899597e-02
-5.084242671728134155e-02
-4.756904020905494690e-02
-2.958491630852222443e-02
-1.302659697830677032e-02
-9.956940263509750366e-02
4.107144102454185486e-02
4.397478327155113220e-02
-4.163450747728347778e-02
2.229811623692512512e-02
1.457055937498807907e-02
-4.556993767619132996e-02
2.782836742699146271e-02
-3.570621088147163391e-02
4.604909569025039673e-02
6.036287173628807068e-02
-6.959145516157150269e-02
-1.171224983409047127e-03
-4.270406439900398254e-02
-1.140075996518135071e-01
3.237727656960487366e-02
8.361689746379852295e-03
-8.613201230764389038e-02
-2.648552879691123962e-02
7.345431298017501831e-02
9.155399352312088013e-02
-9.936834871768951416e-02
-4.467710107564926147e-02
1.385056693106889725e-02
5.200406536459922791e-02
1.856051385402679443e-02
7.116589229553937912e-03
1.876473985612392426e-02
6.212903559207916260e-02
5.101685971021652222e-02
1.555997040122747421e-02
-2.097102440893650055e-02
4.368276800960302353e-03
-1.358990464359521866e-02
2.425160631537437439e-02
-1.241046097129583359e-02
-3.382550552487373352e-02
1.921211183071136475e-02
8.818251080811023712e-03
-3.625290095806121826e-02
-3.053739480674266815e-02
2.048189938068389893e-02
3.642237558960914612e-02
2.176105044782161713e-03
-3.220753744244575500e-02
2.808258123695850372e-02
-7.342728227376937866e-02
5.446828529238700867e-02
3.579286113381385803e-02
-1.099455449730157852e-02
-6.212172657251358032e-02
5.030203238129615784e-02
-8.352176845073699951e-02
3.565865010023117065e-02
4.259441792964935303e-02
1.240632012486457825e-01
-6.457449495792388916e-02
3.617082908749580383e-02
6.778423488140106201e-02
-2.183881821110844612e-03
-2.275940775871276855e-02
-6.427543610334396362e-02
-1.121089700609445572e-02
-7.710748165845870972e-02
-3.801460191607475281e-02
7.936924695968627930e-03
6.461838632822036743e-02
-4.792513791471719742e-03
6.429533660411834717e-02
1.006788834929466248e-01
2.611748129129409790e-02
1.373864989727735519e-02
1.139927655458450317e-02
-6.471642106771469116e-02
-7.006014231592416763e-03
-1.560858450829982758e-02
-4.950576648116111755e-02
4.192545637488365173e-02
-6.771577894687652588e-02
-3.533706441521644592e-02
5.983582511544227600e-02
-2.121468447148799896e-02
3.938733041286468506e-02
-3.690033778548240662e-02
1.441498845815658569e-01
-5.505935102701187134e-02
-3.538128361105918884e-02
8.705550432205200195e-02
-8.176997303962707520e-02
1.292899344116449356e-02
-5.440461263060569763e-02
6.664679967798292637e-04
-1.729316860437393188e-01
-1.127009931951761246e-02
-6.121914461255073547e-02
3.176525607705116272e-02
5.023622140288352966e-02
5.918424576520919800e-02
-2.214697748422622681e-02
-6.135015189647674561e-02
1.694467291235923767e-02
1.047165468335151672e-01
-4.359576851129531860e-03
3.369973227381706238e-02
-3.954929113388061523e-02
-1.452984753996133804e-02
7.495431602001190186e-02
-1.189272291958332062e-02
5.302636325359344482e-02
4.130868986248970032e-02
-1.051358282566070557e-01
2.924270927906036377e-02
3.406761586666107178e-02
-1.490422245115041733e-02
9.283993393182754517e-02
6.893580779433250427e-03
8.121354132890701294e-02
4.286423698067665100e-02
2.030794508755207062e-02
3.787085786461830139e-02
-7.528337836265563965e-02
-3.852494433522224426e-02
1.686856523156166077e-02
-2.823891490697860718e-02
-4.628451913595199585e-02
-3.041346790269017220e-03
-4.989370703697204590e-02
-5.356360599398612976e-02
2.210677135735750198e-03
3.061290644109249115e-02
5.699215084314346313e-02
1.385126728564500809e-02
-2.392747625708580017e-02
4.728177934885025024e-02
8.283855766057968140e-02
-2.647706866264343262e-02
-5.377722904086112976e-03
-1.114472560584545135e-02
-8.700125664472579956e-02
-3.882741555571556091e-02
4.706262145191431046e-03
-2.851148694753646851e-02
-3.583393618464469910e-02
-3.736054897308349609e-02
5.007746163755655289e-03
-3.084411285817623138e-02
6.948127411305904388e-03
-9.970321319997310638e-03
9.709927253425121307e-03
5.501727387309074402e-02
7.700047641992568970e-02
6.645984947681427002e-02
5.877929180860519409e-02
-1.132317781448364258e-01
1.968132890760898590e-02
5.311633646488189697e-02
6.037908419966697693e-02
4.650361370295286179e-03
-7.192170713096857071e-03
-2.836258709430694580e-02
1.659893058240413666e-02
-1.600157916545867920e-01
-3.344585746526718140e-02
-4.551445320248603821e-02
1.690198853611946106e-02
-6.274165119975805283e-03
3.225855901837348938e-02
1.949901506304740906e-02
-3.866112977266311646e-02
-9.488550014793872833e-03
4.285854846239089966e-02
7.570838183164596558e-02
3.171043470501899719e-02
2.014936506748199463e-02
3.713810816407203674e-02
7.343048229813575745e-03
9.628880769014358521e-02
1.370442938059568405e-02
2.482533641159534454e-02
4.474688321352005005e-02
1.038827672600746155e-01
