3.326719626784324646e-02
-1.173052042722702026e-01
-9.107262641191482544e-02
-4.399090074002742767e-03
-2.150669135153293610e-02
4.327758401632308960e-02
-5.866860970854759216e-02
4.197481647133827209e-02
-6.202774588018655777e-03
-2.300418913364410400e-02
1.873994991183280945e-02
1.030708290636539459e-02
1.131407469511032104e-01
3.900521248579025269e-02
-4.631090536713600159e-02
1.196845341473817825e-02
2.962486259639263153e-02
2.422696165740489960e-02
-2.062159217894077301e-02
4.063990712165832520e-02
-5.226333066821098328e-02
5.326983984559774399e-03
-2.521269954741001129e-02
2.142217196524143219e-02
3.701898828148841858e-02
1.008778288960456848e-01
-2.841494232416152954e-02
1.070047542452812195e-01
-4.414726048707962036e-02
4.423525929450988770e-02
-9.644049406051635742e-02
2.598325349390506744e-02
-5.636430531740188599e-02
2.778516616672277451e-03
2.669727057218551636e-02
4.020063206553459167e-02
-5.483340471982955933e-02
-4.132799431681632996e-02
-1.716473698616027832e-02
2.811916358768939972e-02
-5.287959426641464233e-02
7.799969613552093506e-02
-1.568448357284069061e-02
-4.203834757208824158e-02
5.240951851010322571e-02
1.482262462377548218e-01
-1.804682239890098572e-02
8.131552487611770630e-03
-1.669880934059619904e-02
-1.673748530447483063e-02
-4.411659017205238342e-02
7.102501392364501953e-02
5.116189364343881607e-03
-2.831401489675045013e-02
-5.472199618816375732e-02
-1.224397798068821430e-03
-2.098742686212062836e-02
-3.313201293349266052e-02
7.543237507343292236e-02
7.866883277893066406e-02
1.318074017763137817e-01
8.888600021600723267e-02
3.145160153508186340e-02
8.489571511745452881e-02
-6.117175146937370300e-02
1.020872220396995544e-01
1.307359486818313599e-01
-1.957841683179140091e-03
-6.486783921718597412e-02
6.698887050151824951e-02
1.021174341440200806e-01
-3.794178366661071777e-02
8.809404098428785801e-04
2.274714969098567963e-02
-2.221570163965225220e-02
4.567723721265792847e-03
-6.567840278148651123e-02
-1.782270893454551697e-02
-7.036174833774566650e-02
6.634742766618728638e-02
-1.726242341101169586e-02
-7.230425626039505005e-02
6.849189102649688721e-02
-5.273510515689849854e-02
2.157355099916458130e-02
3.222598508000373840e-02
2.805930376052856445e-02
1.146857533603906631e-02
-2.850299514830112457e-02
-3.366953879594802856e-02
-2.671705000102519989e-02
-4.988526925444602966e-02
-4.626740887761116028e-02
-5.670939013361930847e-02
-5.973874777555465698e-02
3.034363128244876862e-02
7.695387303829193115e-02
-1.495143491774797440e-02
-1.068503335118293762e-01
8.224952034652233124e-03
1.884493231773376465e-02
5.616825073957443237e-02
1.966758817434310913e-02
-2.982864901423454285e-02
-5.642377305775880814e-03
3.372106328606605530e-02
8.735224604606628418e-02
-6.806898117065429688e-02
1.824653707444667816e-02
2.938497997820377350e-02
1.299744471907615662e-02
4.653171822428703308e-02
-5.642234906554222107e-02
-4.344404209405183792e-03
-3.782089333981275558e-03
1.016271933913230896e-01
-2.869012951850891113e-02
-8.607429452240467072e-03
3.477098047733306885e-02
-7.477576285600662231e-02
3.029503487050533295e-02
1.019642651081085205e-01
9.590477496385574341e-02
7.582553476095199585e-02
-1.755979843437671661e-02
1.177883800119161606e-02
-1.300151348114013672e-01
-4.046587273478507996e-02
-4.099655523896217346e-02
-4.997144918888807297e-03
1.128960996866226196e-01
-8.482419885694980621e-03
-1.386656146496534348e-02
-2.353253029286861420e-02
-4.170919209718704224e-02
-5.105696991086006165e-02
2.547798864543437958e-02
6.704002618789672852e-02
7.695511449128389359e-03
-5.468897148966789246e-02
-6.053907796740531921e-02
-3.546075150370597839e-02
9.442974813282489777e-03
-1.359266787767410278e-01
9.231469780206680298e-02
-7.178033888339996338e-02
1.802940107882022858e-02
-1.982616819441318512e-02
1.501723565161228180e-02
1.084226965904235840e-01
