2.661153860390186310e-02
8.342571556568145752e-02
2.180978655815124512e-02
-1.113151479512453079e-02
5.715911462903022766e-02
-5.389865860342979431e-02
8.714762516319751740e-03
-7.501096930354833603e-03
4.663419723510742188e-02
-2.073816210031509399e-02
-3.334191441535949707e-02
7.186946272850036621e-02
7.768180966377258301e-02
2.100148797035217285e-02
8.569337427616119385e-02
-2.667886018753051758e-02
1.544828340411186218e-02
5.515031889081001282e-02
5.717228166759014130e-03
2.388078905642032623e-02
-2.579783461987972260e-02
-2.273016050457954407e-02
-1.039732620120048523e-01
1.709073409438133240e-02
-5.266549065709114075e-02
-3.734690137207508087e-03
-2.221271581947803497e-02
1.031800266355276108e-02
-2.507624775171279907e-02
4.546388983726501465e-02
1.281557232141494751e-01
-6.118101999163627625e-02
5.515285208821296692e-02
1.060639992356300354e-01
-3.961889073252677917e-02
5.213530734181404114e-02
-7.426840066909790039e-02
-5.491845309734344482e-02
1.038464065641164780e-02
-4.858120530843734741e-02
-5.718770250678062439e-02
-7.145041134208440781e-03
7.054957002401351929e-02
-1.580684781074523926e-01
-3.862079605460166931e-02
1.054432988166809082e-02
-4.047633614391088486e-03
4.623229056596755981e-02
-6.844393908977508545e-02
-6.949627399444580078e-02
-1.473941653966903687e-02
2.165265940129756927e-02
5.253862962126731873e-02
-8.144921064376831055e-02
-6.577111780643463135e-02
4.209506884217262268e-02
-1.009985804557800293e-02
3.719771653413772583e-02
-5.759042501449584961e-02
-4.430331289768218994e-02
4.033496975898742676e-02
6.791525334119796753e-02
-1.314547806978225708e-01
-1.868281140923500061e-02
-1.370998844504356384e-02
8.916437625885009766e-03
-3.615192836150527000e-03
1.731774955987930298e-02
-2.826527319848537445e-02
-6.522624194622039795e-02
5.584202706813812256e-03
1.618968881666660309e-02
-1.127481460571289062e-02
-7.972016930580139160e-02
1.102856621146202087e-01
-7.281949371099472046e-02
2.434150129556655884e-02
-1.767064258456230164e-02
-2.828851528465747833e-02
-1.105003524571657181e-02
-9.513469040393829346e-02
-7.840151898562908173e-03
-4.356585443019866943e-02
2.294486388564109802e-02
-4.542765393853187561e-02
7.660692930221557617e-02
8.854545652866363525e-02
4.063436016440391541e-02
-5.666777864098548889e-02
-2.969680726528167725e-02
2.797637321054935455e-02
5.225170031189918518e-02
1.676447130739688873e-02
-4.983264207839965820e-02
-2.199090085923671722e-02
2.398760803043842316e-02
-2.483210340142250061e-02
-1.070932298898696899e-02
-9.770095348358154297e-04
-6.220266222953796387e-02
9.080980718135833740e-02
2.599452063441276550e-02
1.079567428678274155e-02
2.566120121628046036e-03
8.180912584066390991e-02
1.161307543516159058e-01
4.663501679897308350e-02
1.334854662418365479e-01
1.542072892189025879e-01
-2.503367885947227478e-02
-7.842241227626800537e-02
2.394340373575687408e-02
-2.754746004939079285e-02
3.323052078485488892e-02
7.718520937487483025e-04
3.757729008793830872e-02
-1.931084506213665009e-02
5.381977651268243790e-03
8.000619709491729736e-03
3.813801333308219910e-02
4.214213043451309204e-02
1.357609331607818604e-01
3.763334453105926514e-02
-2.700757235288619995e-02
1.454745698720216751e-02
2.296967431902885437e-02
3.871986269950866699e-02
-1.865686289966106415e-02
1.608770936727523804e-01
-2.570286951959133148e-02
1.665138304233551025e-01
4.993059486150741577e-02
3.014957346022129059e-02
9.092111140489578247e-03
-1.371120382100343704e-02
4.227780923247337341e-02
4.814093187451362610e-02
-1.157835274934768677e-01
-2.051813155412673950e-02
-8.897233754396438599e-02
-6.473250687122344971e-03
-1.782494410872459412e-02
-7.434087991714477539e-02
1.368889492005109787e-02
-7.428589463233947754e-02
5.132668465375900269e-02
-8.247895538806915283e-02
1.268994342535734177e-02
3.100653411820530891e-03
8.638440817594528198e-02
