-1.945449262857437134e-01
-3.967474102973937988e-01
-3.365716338157653809e-01
-2.803250253200531006e-01
-2.565574944019317627e-01
-3.861528933048248291e-01
-1.559438556432723999e-01
-1.242965459823608398e-01
-9.651678800582885742e-02
-2.404650300741195679e-01
-3.093536496162414551e-01
-1.859535723924636841e-01
-1.165816411375999451e-01
-2.467700690031051636e-01
-3.694309890270233154e-01
-2.176834195852279663e-01
-3.188665211200714111e-01
-3.544586896896362305e-01
-1.609975248575210571e-01
-3.057276606559753418e-01
-1.966939866542816162e-01
-2.727942466735839844e-01
-3.538831770420074463e-01
-2.714355587959289551e-01
-2.250478863716125488e-01
-1.037789657711982727e-01
-2.810701131820678711e-01
-2.554051280021667480e-01
-2.236271947622299194e-01
-3.115884661674499512e-01
-3.270342051982879639e-01
-1.697104573249816895e-01
-3.179273903369903564e-01
-4.210584163665771484e-01
-2.688042819499969482e-01
-1.786414831876754761e-01
-2.419733107089996338e-01
-2.450767904520034790e-01
-2.140927612781524658e-01
-2.900645434856414795e-01
-2.543093860149383545e-01
-2.441589385271072388e-01
-4.782426953315734863e-01
-3.231872916221618652e-01
-4.848384559154510498e-01
-2.753091752529144287e-01
-1.162932366132736206e-01
-3.256060481071472168e-01
-3.693740963935852051e-01
-2.579207420349121094e-01
-2.848348617553710938e-01
-3.520011305809020996e-01
-3.151946961879730225e-01
-2.809847295284271240e-01
-2.323594987392425537e-01
-2.488150000572204590e-01
-4.159261584281921387e-01
-2.855725586414337158e-01
-1.191994175314903259e-01
-4.363071918487548828e-01
-3.740392327308654785e-01
-2.263803929090499878e-01
-2.455801963806152344e-01
-4.595372080802917480e-01
-1.261372268199920654e-01
-2.833499610424041748e-01
-1.455514878034591675e-01
-3.861227631568908691e-01
-4.158202409744262695e-01
-1.744469404220581055e-01
-2.682079672813415527e-01
-3.139433264732360840e-01
-1.559393107891082764e-01
-2.974047064781188965e-01
-4.860683381557464600e-01
-2.200784534215927124e-01
-2.317738085985183716e-01
-2.409352362155914307e-01
-3.351742625236511230e-01
-3.262797594070434570e-01
-3.109304904937744141e-01
-3.121925294399261475e-01
-2.977784574031829834e-01
-1.628648042678833008e-01
-8.123946934938430786e-02
-3.273775577545166016e-01
-2.887265980243682861e-01
-1.901521384716033936e-01
-4.258346855640411377e-01
-2.448705136775970459e-01
-2.038224935531616211e-01
-1.423613876104354858e-01
-3.847973346710205078e-01
-3.289354443550109863e-01
-2.716718316078186035e-01
-1.902916580438613892e-01
-3.091590404510498047e-01
-3.076637387275695801e-01
-3.251794278621673584e-01
-2.486204057931900024e-01
-1.636430323123931885e-01
-3.223221004009246826e-01
-8.660645782947540283e-02
-4.155672192573547363e-01
-2.340028584003448486e-01
-2.774736583232879639e-01
-3.977418541908264160e-01
-2.650687992572784424e-01
-3.640786707401275635e-01
-3.428663313388824463e-01
-3.465071916580200195e-01
-2.603785991668701172e-01
-2.416770160198211670e-01
-4.139186143875122070e-01
-2.147397994995117188e-01
-3.270228505134582520e-01
-4.092747569084167480e-01
-3.213441669940948486e-01
-2.670190930366516113e-01
-3.769189715385437012e-01
-2.147911339998245239e-01
-3.321179449558258057e-01
-1.797492951154708862e-01
-3.303662836551666260e-01
-1.583513617515563965e-01
-2.718264162540435791e-01
-1.750824600458145142e-01
-2.360772043466567993e-01
-2.131303250789642334e-01
-4.011069834232330322e-01
-3.981646001338958740e-01
-2.612935006618499756e-01
-3.592473864555358887e-01
-2.975995540618896484e-01
-2.373184710741043091e-01
-1.428646296262741089e-01
-4.012309312820434570e-01
-4.510999321937561035e-01
-2.079527080059051514e-01
-3.218351304531097412e-01
-2.452416568994522095e-01
-3.821384608745574951e-01
-2.470193803310394287e-01
-2.384107708930969238e-01
-2.588894367218017578e-01
-4.651350975036621094e-01
-2.485995739698410034e-01
-1.552852988243103027e-01
-1.960174888372421265e-01
-2.475639134645462036e-01
-3.766841888427734375e-01
-1.551796495914459229e-01
-1.796560436487197876e-01
-3.814047873020172119e-01
-3.294773101806640625e-01
-4.043752551078796387e-01
-2.105229198932647705e-01
-3.581425845623016357e-01
-2.484840601682662964e-01
-3.940299749374389648e-01
-2.517804801464080811e-01
-3.417513966560363770e-01
-3.474739491939544678e-01
-1.373400986194610596e-01
-2.501761317253112793e-01
-3.404260873794555664e-01
-2.423629909753799438e-01
-3.971294164657592773e-01
-1.322674751281738281e-01
-2.870033979415893555e-01
-3.449247479438781738e-01
-4.190164208412170410e-01
-2.280710935592651367e-01
-3.066838085651397705e-01
-2.536804378032684326e-01
-1.999098509550094604e-01
-3.247319757938385010e-01
-3.819400370121002197e-01
-2.436683177947998047e-01
-2.911096215248107910e-01
-2.882745862007141113e-01
-3.153879642486572266e-01
-2.387336790561676025e-01
-2.797386646270751953e-01
-3.406159579753875732e-01
-3.344147503376007080e-01
-3.532077372074127197e-01
-2.699409723281860352e-01
-1.996392905712127686e-01
-1.645059138536453247e-01
-2.004603743553161621e-01
-2.977629601955413818e-01
-2.207021415233612061e-01
-1.796703040599822998e-01
-2.329804003238677979e-01
-1.978837996721267700e-01
-2.782818078994750977e-01
-2.768245041370391846e-01
-2.437441498041152954e-01
-2.149441391229629517e-01
