2.553356885910034180e-01
1.850745230913162231e-01
2.716299593448638916e-01
7.611963152885437012e-02
1.282219439744949341e-01
2.563825249671936035e-01
2.853061854839324951e-01
1.304207742214202881e-01
4.405269399285316467e-02
2.165366560220718384e-01
-2.512488067150115967e-01
1.798811405897140503e-01
7.155306637287139893e-02
-1.401269156485795975e-02
5.891577154397964478e-02
1.764892190694808960e-01
5.004077553749084473e-01
5.456486344337463379e-02
2.094185352325439453e-01
-9.373662620782852173e-02
