-1.818005752563476562e+01
-6.559463977813720703e+00
4.840062856674194336e-01
9.039155244827270508e-01
1.894912338256835938e+01
8.101685523986816406e+00
-1.049139499664306641e+00
-1.044856452941894531e+01
3.503254175186157227e+00
-1.625192642211914062e+00
-3.350841522216796875e+00
-1.290064334869384766e+01
-2.596564865112304688e+01
-4.700767517089843750e+00
-2.055058288574218750e+01
-1.144010353088378906e+01
-1.403928756713867188e+01
-9.620198249816894531e+00
-4.325808048248291016e+00
-8.643013000488281250e+00
3.248353958129882812e+00
-9.436960816383361816e-01
-2.439613151550292969e+01
-1.736651039123535156e+01
-9.523859977722167969e+00
-1.402081394195556641e+01
-1.340858173370361328e+01
-2.460486173629760742e+00
-8.778385162353515625e+00
4.354783058166503906e+00
-4.611832797527313232e-01
-2.342656898498535156e+01
-1.206078338623046875e+01
-2.320986175537109375e+01
-2.123237991333007812e+01
-5.918570995330810547e+00
-1.578953361511230469e+01
-1.083165931701660156e+01
-6.859190464019775391e+00
-1.544780731201171875e+00
-1.588486385345458984e+01
1.076242256164550781e+01
-6.078199386596679688e+00
-6.136494874954223633e-01
-1.018642139434814453e+01
-3.028453636169433594e+01
3.935106754302978516e+00
2.654246807098388672e+00
-1.670385169982910156e+01
-1.120588207244873047e+01
-2.049361228942871094e+01
-1.459630775451660156e+01
-4.727465629577636719e+00
-2.565483474731445312e+01
6.334202289581298828e+00
-1.909131431579589844e+01
-1.171628093719482422e+01
-7.168199539184570312e+00
-1.429090213775634766e+01
-4.856641292572021484e+00
4.296976566314697266e+00
-2.696484947204589844e+01
1.290694832801818848e+00
-9.272190093994140625e+00
8.227275609970092773e-01
2.679606676101684570e+00
-2.521475219726562500e+01
2.392745733261108398e+00
-2.076125907897949219e+01
-1.059373378753662109e+00
3.548853695392608643e-01
-2.524743652343750000e+01
2.342795282602310181e-01
-1.276294422149658203e+01
-8.899581909179687500e+00
-9.913874626159667969e+00
-2.393246173858642578e+00
6.434431076049804688e+00
-2.330103635787963867e+00
-1.833479690551757812e+01
-1.965379834175109863e+00
-2.316475957632064819e-01
7.475649833679199219e+00
-1.667183876037597656e+01
-5.639671325683593750e+00
1.151829361915588379e+00
-7.827473163604736328e+00
-1.426327800750732422e+01
5.409071922302246094e+00
-1.235995960235595703e+01
-7.988317012786865234e+00
-7.869272828102111816e-01
-2.317445373535156250e+01
-1.319371604919433594e+01
-9.498284339904785156e+00
-1.476589393615722656e+01
-2.203238487243652344e+00
-1.681405425071716309e+00
2.660271883010864258e+00
-1.483338165283203125e+01
-1.906298828125000000e+01
-7.057812213897705078e+00
-1.829424285888671875e+01
3.091541051864624023e+00
-1.027656078338623047e+01
-2.168711185455322266e+00
-1.750987434387207031e+01
6.836280345916748047e+00
3.733848333358764648e+00
6.726098537445068359e+00
-2.175043296813964844e+01
-4.365595340728759766e+00
-1.281447696685791016e+01
-1.595166301727294922e+01
-4.881933033466339111e-01
-2.052311515808105469e+01
-1.468602418899536133e+00
2.723592519760131836e+00
9.827890396118164062e+00
-8.803111076354980469e+00
-4.325883388519287109e+00
-7.034195423126220703e+00
-9.563222885131835938e+00
1.318647503852844238e+00
-4.157206058502197266e+00
-1.581107997894287109e+01
-1.634418106079101562e+01
-3.836030006408691406e+00
-3.697110176086425781e+00
-7.322567462921142578e+00
-2.572357559204101562e+01
-1.091599655151367188e+01
-2.137708663940429688e+01
-2.873343658447265625e+01
9.775713920593261719e+00
-8.372039794921875000e+00
1.157833385467529297e+01
-1.743514823913574219e+01
-1.702704811096191406e+01
-5.770969867706298828e+00
-2.497671127319335938e+00
-1.446878910064697266e+01
-1.373034238815307617e+00
-2.127352237701416016e+00
-1.486895370483398438e+01
-1.250704383850097656e+01
-8.581309318542480469e+00
-5.263440608978271484e+00
-1.561966323852539062e+01
-8.047113418579101562e+00
-5.218272686004638672e+00
-4.330191135406494141e+00
1.704861760139465332e+00
-2.049445152282714844e+01
3.966307401657104492e+00
-1.586292362213134766e+01
-1.066650581359863281e+01
4.340805053710937500e+00
-2.305212402343750000e+01
-5.655009746551513672e+00
-3.043169498443603516e+00
3.200860261917114258e+00
-4.394565105438232422e+00
-1.202946186065673828e+01
-1.796912789344787598e+00
-1.106159973144531250e+01
-1.283199787139892578e+01
-3.686165571212768555e+00
-1.210019397735595703e+01
-1.380300426483154297e+01
3.538670063018798828e+00
-1.510746383666992188e+01
-2.358824539184570312e+01
-1.601091384887695312e+01
7.458508610725402832e-01
-1.166209411621093750e+01
-2.070105552673339844e+01
3.663586452603340149e-03
-4.758915424346923828e+00
-2.024559783935546875e+01
-3.180340290069580078e+00
-6.324718475341796875e+00
-1.370355987548828125e+01
-4.229009628295898438e+00
-1.171050834655761719e+01
3.783262968063354492e+00
-2.079927062988281250e+01
1.224147319793701172e+01
-9.785357475280761719e+00
-1.742804718017578125e+01
-1.357961940765380859e+01
-2.190648078918457031e+01
1.313618302345275879e+00
7.550217151641845703e+00
-8.865521430969238281e+00
-8.857698440551757812e+00
6.537156581878662109e+00
9.715657830238342285e-01
-1.143725490570068359e+01
4.971129894256591797e+00
