8.257349580526351929e-02
1.044617369771003723e-01
-2.271745912730693817e-02
2.135778963565826416e-01
8.472338318824768066e-03
1.562846638262271881e-02
-2.224117666482925415e-01
6.813382357358932495e-02
4.593922197818756104e-02
1.458749920129776001e-01
-3.766116872429847717e-02
5.973719060420989990e-02
-7.524584978818893433e-02
1.375044733285903931e-01
-1.132276281714439392e-02
-7.923096418380737305e-03
5.531967058777809143e-02
-4.337245598435401917e-02
4.279808700084686279e-02
1.259188055992126465e-01
-1.072916314005851746e-01
8.156268298625946045e-02
-1.104815118014812469e-02
-1.979855448007583618e-02
-7.511153072118759155e-02
2.279927395284175873e-02
7.124469429254531860e-02
-1.284646093845367432e-01
-5.639627575874328613e-03
-1.980399154126644135e-02
-9.521025419235229492e-02
-4.778261855244636536e-02
-1.104383021593093872e-01
1.420448534190654755e-02
7.277306169271469116e-03
-7.902412861585617065e-02
3.746342286467552185e-02
-1.343322396278381348e-01
-7.380983792245388031e-03
3.927004337310791016e-02
4.959850013256072998e-02
3.818415477871894836e-02
-1.363037154078483582e-02
5.255177617073059082e-02
3.511859104037284851e-02
3.504739329218864441e-02
4.700937867164611816e-02
3.017338225618004799e-03
-1.029121950268745422e-01
6.995820254087448120e-02
