1.696084141731262207e-01
-6.955966353416442871e-02
7.624667137861251831e-02
2.494525313377380371e-01
6.376785784959793091e-02
4.278404712677001953e-01
-1.021780166774988174e-02
1.985105574131011963e-01
1.966530233621597290e-01
-9.257279452867805958e-04
2.850529551506042480e-01
1.179047524929046631e-01
-1.429692655801773071e-01
1.613060534000396729e-01
6.427012383937835693e-02
2.353151142597198486e-01
3.338982909917831421e-02
-8.552541583776473999e-02
-1.084501817822456360e-01
6.606745719909667969e-02
7.912211865186691284e-02
1.427116543054580688e-01
-8.835045248270034790e-02
-1.066244542598724365e-01
2.462782561779022217e-01
2.320185601711273193e-01
1.768568605184555054e-01
-1.273420155048370361e-01
9.392216801643371582e-02
1.122740507125854492e-01
