-8.832935243844985962e-02
-7.980147004127502441e-02
-3.518420457839965820e-02
1.746541820466518402e-02
-7.785695046186447144e-02
1.127272471785545349e-02
1.511757075786590576e-02
3.887249156832695007e-02
-2.050216495990753174e-02
-2.831640094518661499e-02
8.667720109224319458e-02
-8.265165239572525024e-02
-6.803327053785324097e-02
4.237520322203636169e-02
-5.142559483647346497e-02
4.059979226440191269e-03
1.633704453706741333e-02
2.248427644371986389e-02
2.719612233340740204e-02
4.537266492843627930e-02
4.496565088629722595e-02
-2.779252082109451294e-02
7.104220241308212280e-02
5.153368785977363586e-02
2.338399924337863922e-02
-3.193713352084159851e-02
4.104704409837722778e-02
9.671684354543685913e-02
3.657290339469909668e-02
7.800850272178649902e-02
-5.538139864802360535e-02
1.704476028680801392e-02
-4.489040747284889221e-02
-1.927622593939304352e-02
1.118090283125638962e-02
5.396719556301832199e-03
8.197396993637084961e-03
-2.920485101640224457e-02
-6.118692830204963684e-02
8.509606868028640747e-02
-3.200319781899452209e-02
6.996657699346542358e-02
-1.213631629943847656e-01
1.626228477107360959e-04
1.243183109909296036e-02
7.510600984096527100e-02
6.421012803912162781e-03
3.573578549548983574e-03
-3.603620687499642372e-03
-8.398073911666870117e-02
6.114859506487846375e-02
-4.800246655941009521e-02
2.395191974937915802e-02
1.092300843447446823e-02
1.210698392242193222e-02
2.884690836071968079e-02
-7.851412147283554077e-02
2.805063687264919281e-02
-3.651655279099941254e-03
-2.661527507007122040e-02
-9.494539699517190456e-04
-9.713199920952320099e-03
-4.264369606971740723e-02
-3.673181682825088501e-02
6.843309849500656128e-02
6.586133688688278198e-02
3.785994835197925568e-03
2.149343863129615784e-02
3.909004107117652893e-02
3.528095781803131104e-03
1.259699314832687378e-01
-1.296230256557464600e-01
1.646881178021430969e-02
6.599050015211105347e-02
4.225208982825279236e-02
-2.790062129497528076e-02
-5.979896709322929382e-02
2.422193251550197601e-02
-7.956889271736145020e-02
-3.351275622844696045e-02
1.161689870059490204e-02
1.969057135283946991e-02
7.221689820289611816e-02
3.155180439352989197e-02
2.765771932899951935e-02
-1.220777817070484161e-02
5.337415263056755066e-02
1.008014474064111710e-02
2.347425557672977448e-02
-7.238640449941158295e-03
2.027351595461368561e-02
1.701854541897773743e-02
-9.060314297676086426e-02
3.031926229596138000e-02
-4.332928452640771866e-03
5.163355916738510132e-02
-7.672015577554702759e-02
5.621935427188873291e-02
5.820175632834434509e-02
-6.792446225881576538e-02
1.044119521975517273e-02
6.102466210722923279e-02
4.192344471812248230e-02
-1.479083020240068436e-02
3.988709673285484314e-02
1.020741611719131470e-01
-1.523523870855569839e-02
-1.750579103827476501e-02
-5.431569367647171021e-02
1.294050216674804688e-01
4.149515181779861450e-02
-3.281439840793609619e-02
5.538225639611482620e-03
9.639127552509307861e-02
5.882695782929658890e-03
3.738816361874341965e-03
-2.161532640457153320e-02
-4.867281764745712280e-02
1.142088230699300766e-02
6.261038035154342651e-02
-1.571063511073589325e-02
1.026624534279108047e-02
2.919091843068599701e-02
-1.466049440205097198e-02
-1.974453590810298920e-02
2.948882430791854858e-02
-1.612606830894947052e-02
-7.008961401879787445e-03
-5.837632343173027039e-02
4.548614844679832458e-02
-4.111119359731674194e-02
1.793318055570125580e-02
4.355338960886001587e-02
6.803425028920173645e-03
3.505659475922584534e-02
3.974087908864021301e-02
-4.115842282772064209e-02
-1.429880037903785706e-02
6.733524054288864136e-02
-5.205035209655761719e-02
-8.184030302800238132e-04
-1.814163289964199066e-02
-5.649498477578163147e-02
6.634261459112167358e-02
5.780753493309020996e-02
6.226179003715515137e-02
2.070045843720436096e-02
2.412014454603195190e-02
4.582091793417930603e-02
-2.917152270674705505e-02
-2.632971107959747314e-02
1.026102453470230103e-01
3.215557336807250977e-02
5.671634897589683533e-02
2.438822388648986816e-02
-5.506755784153938293e-02
1.188774406909942627e-02
1.076259277760982513e-02
3.629575669765472412e-02
-7.823156192898750305e-03
1.070567071437835693e-01
-1.276383362710475922e-02
5.965500324964523315e-02
9.857632964849472046e-02
-6.407851353287696838e-03
6.944178789854049683e-02
1.534894201904535294e-02
1.089139934629201889e-02
1.302912738174200058e-02
8.022646605968475342e-02
5.656592547893524170e-03
-2.128322795033454895e-02
-4.299861937761306763e-02
3.261655941605567932e-02
5.768961273133754730e-04
-1.357775926589965820e-02
5.426504835486412048e-02
1.009606719017028809e-01
-2.908580750226974487e-02
2.582435496151447296e-02
-6.397904455661773682e-02
-4.219370707869529724e-02
6.193801388144493103e-02
8.040908724069595337e-03
1.050505321472883224e-03
-9.039928019046783447e-02
-6.013083737343549728e-03
1.409165095537900925e-02
-6.383042037487030029e-02
5.107804015278816223e-02
9.990078397095203400e-03
4.576065391302108765e-02
2.511796075850725174e-03
9.232916869223117828e-03
3.440156579017639160e-02
7.015502452850341797e-02
5.766947567462921143e-02
-5.382117629051208496e-02
-2.691245824098587036e-02
4.163070395588874817e-02
