-5.959415435791015625e-01
-8.368296623229980469e-01
-8.499065637588500977e-01
-8.157659173011779785e-01
-3.097501993179321289e-01
-5.529522895812988281e-01
-4.424529969692230225e-01
-7.978982329368591309e-01
-5.665301084518432617e-01
-7.566397786140441895e-01
-6.127991676330566406e-01
-6.352833509445190430e-01
-6.967415809631347656e-01
-4.952552020549774170e-01
-5.384320616722106934e-01
-1.052124381065368652e+00
-6.510273218154907227e-01
-7.858994603157043457e-01
-9.804489016532897949e-01
-6.861052513122558594e-01
-7.578542828559875488e-01
-3.780456185340881348e-01
-5.995678901672363281e-01
-5.781866312026977539e-01
-9.012317657470703125e-01
-3.925473690032958984e-01
-5.773960947990417480e-01
-7.518250942230224609e-01
-9.307080507278442383e-01
-7.247784137725830078e-01
-2.904094755649566650e-01
-5.653392076492309570e-01
-7.171825170516967773e-01
-9.170044064521789551e-01
-9.218583703041076660e-01
-7.784203290939331055e-01
-3.188110589981079102e-01
-5.003355741500854492e-01
-5.072671771049499512e-01
-5.505842566490173340e-01
-7.204744815826416016e-01
-6.206573843955993652e-01
-9.739502072334289551e-01
-6.699169874191284180e-01
-3.371759653091430664e-01
-7.441658973693847656e-01
-1.047605514526367188e+00
-5.520895123481750488e-01
-6.768499016761779785e-01
-8.109808564186096191e-01
-5.769500136375427246e-01
-3.687862455844879150e-01
-7.515422701835632324e-01
-1.993981003761291504e-01
-7.241948246955871582e-01
-1.068314194679260254e+00
-1.245113164186477661e-01
-5.868527889251708984e-01
-9.402450323104858398e-01
-6.140151619911193848e-01
-6.006590127944946289e-01
-8.465877771377563477e-01
-4.662794768810272217e-01
-3.793157637119293213e-01
-4.883131086826324463e-01
-7.275822758674621582e-01
-8.981018662452697754e-01
-6.299229264259338379e-01
-9.105289578437805176e-01
-4.610505402088165283e-01
-6.600520014762878418e-01
-6.592422127723693848e-01
-8.298626542091369629e-01
-8.615686297416687012e-01
-7.779555916786193848e-01
-9.781244397163391113e-01
-7.719560861587524414e-01
-5.522976517677307129e-01
-4.732718467712402344e-01
-3.700885772705078125e-01
-5.979267358779907227e-01
-7.425932884216308594e-01
-5.004423260688781738e-01
-5.604889392852783203e-01
-5.057252049446105957e-01
-7.673916220664978027e-01
-5.819305181503295898e-01
-8.405586481094360352e-01
-6.978096961975097656e-01
-6.137002110481262207e-01
-1.120618581771850586e+00
-7.959275841712951660e-01
-9.867051839828491211e-01
-8.942832350730895996e-01
-8.779901266098022461e-01
-2.191052306443452835e-03
-1.003426790237426758e+00
-6.551949977874755859e-01
-5.534906983375549316e-01
-3.349421024322509766e-01
-5.269811749458312988e-01
-7.215432524681091309e-01
-6.675313115119934082e-01
-4.987068772315979004e-01
-2.258543372154235840e-01
-6.031312346458435059e-01
-3.450978398323059082e-01
-9.063198566436767578e-01
-5.927329659461975098e-01
-5.325860977172851562e-01
-9.624513983726501465e-01
-8.092266321182250977e-01
-7.945825457572937012e-01
-5.822735428810119629e-01
-9.008215665817260742e-01
-4.402184188365936279e-01
-7.237427830696105957e-01
-2.903468310832977295e-01
-6.061692833900451660e-01
-9.009449481964111328e-01
-7.746534347534179688e-01
-4.672093391418457031e-01
-9.486327767372131348e-01
-6.811684370040893555e-01
-4.071923494338989258e-01
-5.808746218681335449e-01
-5.826215147972106934e-01
-6.386812925338745117e-01
-4.388160705566406250e-01
-5.701069831848144531e-01
-3.382764458656311035e-01
-5.504868626594543457e-01
-8.726166486740112305e-01
-7.142348289489746094e-01
-8.084123134613037109e-01
-6.814571022987365723e-01
-2.415378540754318237e-01
-8.601985573768615723e-01
-7.355324625968933105e-01
-2.185624241828918457e-01
-5.564606785774230957e-01
-8.476362824440002441e-01
-7.419842481613159180e-01
-8.395720720291137695e-01
-5.695983171463012695e-01
-6.032938957214355469e-01
-7.047916650772094727e-01
-6.299355030059814453e-01
-5.258342027664184570e-01
-4.830328524112701416e-01
-1.082173824310302734e+00
-6.503217220306396484e-01
-6.881954669952392578e-01
-4.397090971469879150e-01
-4.085986018180847168e-01
-5.100716352462768555e-01
-6.795181632041931152e-01
-6.751319766044616699e-01
-5.074965953826904297e-01
-6.794419884681701660e-01
-7.346169948577880859e-01
-6.101070642471313477e-01
-4.636232852935791016e-01
-8.360688090324401855e-01
-6.817018985748291016e-01
-7.507394552230834961e-01
-9.323519468307495117e-01
-6.431195139884948730e-01
-6.062036752700805664e-01
-6.292616128921508789e-01
-8.024123907089233398e-01
-8.449581861495971680e-01
-6.198090314865112305e-01
-6.242808699607849121e-01
-4.117110371589660645e-01
-7.954164743423461914e-01
-4.459260106086730957e-01
-9.957635998725891113e-01
-8.173952698707580566e-01
-9.190089702606201172e-01
-3.302753865718841553e-01
-5.520741939544677734e-01
-6.023013591766357422e-01
-3.987036943435668945e-01
-4.730427861213684082e-01
-4.408987462520599365e-01
-5.911341905593872070e-01
-5.473053455352783203e-01
-9.092613458633422852e-01
-3.721628785133361816e-01
-4.053651094436645508e-01
-5.311189889907836914e-01
-3.623978793621063232e-01
-1.003520011901855469e+00
-7.323450446128845215e-01
-7.387856841087341309e-01
-8.379411697387695312e-01
-7.314332723617553711e-01
-9.407318830490112305e-01
-8.474041223526000977e-01
