-1.407402604818344116e-01
-7.565469294786453247e-02
-1.040969043970108032e-02
-1.034339293837547302e-01
-1.690277904272079468e-01
-7.420644909143447876e-02
-1.508060246706008911e-01
-1.859479844570159912e-01
-1.220280379056930542e-01
-1.099817454814910889e-01
-2.072863131761550903e-01
-4.802665114402770996e-02
-1.035504117608070374e-01
-2.555926516652107239e-02
-1.090330034494400024e-01
-1.899107992649078369e-01
-1.704970002174377441e-01
-1.855410486459732056e-01
-1.475067287683486938e-01
-9.781172126531600952e-02
-8.473302423954010010e-02
-1.912103146314620972e-01
-2.117429077625274658e-01
-2.096620053052902222e-01
-1.353125870227813721e-01
-2.046323120594024658e-01
-9.725812822580337524e-02
-8.201635628938674927e-02
-1.986586898565292358e-01
-1.470482200384140015e-01
-1.916345804929733276e-01
-4.678939282894134521e-02
-1.544604897499084473e-01
-1.077883020043373108e-01
-1.370965242385864258e-01
-1.082665324211120605e-01
-1.269965022802352905e-01
-9.502455592155456543e-02
-1.149824187159538269e-01
-7.130020111799240112e-02
-2.255090922117233276e-01
-7.298363745212554932e-02
-1.345141679048538208e-01
-5.929911509156227112e-02
-1.902531981468200684e-01
-1.556453108787536621e-01
-1.089844107627868652e-01
-1.670680493116378784e-01
-3.586769104003906250e-02
-2.107637226581573486e-01
-2.235196381807327271e-01
-1.151062101125717163e-01
-1.716236621141433716e-01
-5.086320266127586365e-02
-1.229285970330238342e-01
-2.001076638698577881e-01
-1.325019598007202148e-01
-2.528821229934692383e-01
-1.537176519632339478e-01
-1.630452871322631836e-01
-1.525949537754058838e-01
-1.267553865909576416e-01
-8.674248307943344116e-02
-1.637719571590423584e-01
-2.237768620252609253e-01
-1.536303907632827759e-01
-1.958951056003570557e-01
-1.753566265106201172e-01
-1.482659429311752319e-01
-1.545985192060470581e-01
-1.128904968500137329e-01
-1.275892406702041626e-01
-1.814833283424377441e-01
-1.739328652620315552e-01
-7.245265692472457886e-02
-2.245103716850280762e-01
-1.903204321861267090e-01
-8.910901099443435669e-02
-2.033531814813613892e-01
-9.292757511138916016e-02
-4.105227813124656677e-02
-1.382521390914916992e-01
-1.752515137195587158e-01
-1.215143203735351562e-01
-5.441848561167716980e-02
-1.074976995587348938e-01
-1.080535873770713806e-01
-1.213655024766921997e-01
-1.352635324001312256e-01
-1.891938000917434692e-01
-1.079107150435447693e-01
-1.074116900563240051e-01
-1.783618777990341187e-01
-1.544218212366104126e-01
-5.948463454842567444e-02
-1.421382874250411987e-01
-2.139325290918350220e-01
-1.478697657585144043e-01
-1.895600110292434692e-01
-7.288008183240890503e-02
-1.616113781929016113e-01
-1.125633269548416138e-01
-9.159502387046813965e-02
-1.301292479038238525e-01
-2.335356473922729492e-01
-1.840702742338180542e-01
-2.263313978910446167e-01
-2.297308295965194702e-01
-1.804443746805191040e-01
-8.380297571420669556e-02
-1.265651732683181763e-01
-1.914805918931961060e-01
-2.041128575801849365e-01
-2.123997509479522705e-01
-1.833554059267044067e-01
-1.043463349342346191e-01
-1.728669404983520508e-01
-8.718467503786087036e-02
-1.465000063180923462e-01
-1.535392850637435913e-01
-2.138558030128479004e-01
-1.404007077217102051e-01
-1.935652345418930054e-01
-1.584488749504089355e-01
-2.695864252746105194e-02
-5.181519687175750732e-02
-1.271448433399200439e-01
-1.102632284164428711e-01
-1.204946413636207581e-01
-1.522891521453857422e-01
-2.073634564876556396e-01
-9.374282509088516235e-02
-9.243889153003692627e-02
-1.075128242373466492e-01
-1.892665624618530273e-01
-9.167094528675079346e-02
-1.105206459760665894e-01
-2.362413108348846436e-01
-1.015912443399429321e-01
-2.593926154077053070e-02
-1.787320524454116821e-01
-1.231085285544395447e-01
-1.068802177906036377e-01
-1.315041035413742065e-01
-1.350060701370239258e-01
-9.309145808219909668e-02
-1.937015801668167114e-01
-9.218452870845794678e-02
-8.429925143718719482e-02
-2.091215699911117554e-01
-1.514347642660140991e-01
-1.740828901529312134e-01
-4.550018534064292908e-02
-9.081243723630905151e-02
-2.088596671819686890e-01
-2.024847567081451416e-01
-1.134631931781768799e-01
-1.383780092000961304e-01
-1.294658780097961426e-01
-1.394752860069274902e-01
-1.224561333656311035e-01
-6.465207785367965698e-02
-1.194892451167106628e-01
-8.910451084375381470e-03
-3.160645440220832825e-02
-1.423023492097854614e-01
-1.694557219743728638e-01
-1.640722006559371948e-01
-6.260134279727935791e-02
-7.553604245185852051e-02
-7.766677439212799072e-02
-6.321764737367630005e-02
-2.521331310272216797e-01
-1.610160320997238159e-01
-9.565896540880203247e-02
-1.735648363828659058e-01
-1.207690015435218811e-01
-1.002843827009201050e-01
-1.432953327894210815e-01
-7.065905630588531494e-02
-1.294219493865966797e-01
-1.504932194948196411e-01
-1.145885884761810303e-01
-8.649211376905441284e-02
-1.495294570922851562e-01
-1.690979748964309692e-01
-7.895965874195098877e-02
-2.202411144971847534e-01
-7.608910650014877319e-02
-4.761002212762832642e-02
-1.700251549482345581e-01
-1.321351826190948486e-01
-1.613806337118148804e-01
-1.595859229564666748e-01
-2.187832146883010864e-01
-1.767878532409667969e-01
-1.276740878820419312e-01
-1.903330087661743164e-01
-1.870536804199218750e-01
-1.302447468042373657e-01
