1.538869086652994156e-02
3.576756641268730164e-02
8.475050330162048340e-02
-9.118787944316864014e-02
8.553628623485565186e-02
4.698982834815979004e-02
-2.154879644513130188e-02
-7.294618338346481323e-02
9.161691367626190186e-02
9.610077366232872009e-03
-3.795861080288887024e-02
1.243663579225540161e-02
-1.593968570232391357e-01
2.840133011341094971e-02
3.251037374138832092e-02
6.927609443664550781e-02
-6.033193692564964294e-02
8.715771138668060303e-02
1.700071431696414948e-02
-2.677567861974239349e-02
-6.161582842469215393e-02
6.696016341447830200e-02
9.900139272212982178e-02
-9.153997898101806641e-02
3.458091244101524353e-02
-1.161237899214029312e-02
1.424430459737777710e-01
7.918126136064529419e-02
1.199616938829421997e-01
1.175905950367450714e-02
-5.666762217879295349e-02
4.306284710764884949e-02
-2.799997106194496155e-02
2.273483201861381531e-02
1.261303722858428955e-01
-1.391044631600379944e-02
1.215729340910911560e-01
1.576423346996307373e-01
6.911664456129074097e-02
6.574185937643051147e-02
2.660399861633777618e-02
1.447221916168928146e-02
-3.155390545725822449e-02
-2.791930921375751495e-02
-6.195522844791412354e-03
6.535569578409194946e-02
-3.836779296398162842e-02
3.104340983554720879e-03
3.325437381863594055e-02
-3.886947408318519592e-02
-2.498381212353706360e-02
2.049451507627964020e-02
8.637237548828125000e-02
3.696206957101821899e-03
7.593925297260284424e-02
-5.115196574479341507e-03
-1.256998330354690552e-01
-3.468123078346252441e-02
7.308347523212432861e-02
8.920743316411972046e-02
4.454301670193672180e-02
-6.249360740184783936e-02
1.432513911277055740e-02
-7.503927499055862427e-02
-1.048615425825119019e-01
-1.577982120215892792e-02
-2.145994268357753754e-02
1.119234114885330200e-01
6.910191476345062256e-02
5.552502721548080444e-02
6.694651395082473755e-02
-7.770770788192749023e-02
-1.394415274262428284e-02
-8.882773108780384064e-03
3.478941693902015686e-02
-3.005023486912250519e-02
-2.045724913477897644e-02
6.240134313702583313e-02
3.764645755290985107e-02
2.229285426437854767e-02
6.832269579172134399e-02
2.524255774915218353e-03
3.454052284359931946e-02
-3.462044522166252136e-02
-7.472771406173706055e-02
-2.492945455014705658e-02
-1.260354183614253998e-02
1.485159844160079956e-01
-2.565395459532737732e-02
5.164127051830291748e-02
6.607286632061004639e-02
-5.075931083410978317e-03
1.218588575720787048e-01
-1.517932582646608353e-02
2.246215753257274628e-02
-2.424036338925361633e-02
4.248240031301975250e-03
-1.989606209099292755e-02
-2.968523465096950531e-02
-1.019033938646316528e-01
