-2.805760622024536133e+00
-7.346091270446777344e+00
-1.423956489562988281e+01
-1.233905982971191406e+01
-1.612247657775878906e+01
-1.760387420654296875e+01
-1.198768424987792969e+01
4.028469085693359375e+00
-2.690338134765625000e+00
-9.755105018615722656e+00
-9.852676391601562500e+00
1.241203212738037109e+01
-1.511894321441650391e+01
6.068427562713623047e+00
-1.842849135398864746e+00
-1.027893543243408203e+01
-2.100757980346679688e+01
-4.395254135131835938e+00
-1.832031250000000000e+01
-1.886302947998046875e+01
-7.710358619689941406e+00
-1.645835113525390625e+01
-1.709047889709472656e+01
-9.186242103576660156e+00
-1.196988773345947266e+01
-1.398229980468750000e+01
-1.489054679870605469e+01
1.257814121246337891e+01
-1.062726593017578125e+01
-1.011668491363525391e+01
-2.019778490066528320e+00
-4.345976829528808594e+00
4.999338626861572266e+00
-5.538626194000244141e+00
2.012770622968673706e-01
1.745396614074707031e+01
-1.622743797302246094e+01
-5.674567699432373047e+00
-5.087497711181640625e+00
-6.892951965332031250e+00
-1.247497653961181641e+01
-1.456822276115417480e+00
-3.390430927276611328e+00
-1.212569904327392578e+01
-1.050332927703857422e+01
-6.570598602294921875e+00
-2.165531730651855469e+01
2.669425487518310547e+00
-2.245555496215820312e+01
-1.043809509277343750e+01
1.197535514831542969e+01
-1.776775741577148438e+01
-1.527673721313476562e+00
-1.782569408416748047e+00
7.870960712432861328e+00
-4.489642381668090820e-01
-1.132021522521972656e+01
-1.785520744323730469e+01
-1.594496917724609375e+01
-2.248439216613769531e+01
-2.757992744445800781e+00
-9.495039939880371094e+00
-2.023953914642333984e+00
-1.553576850891113281e+01
-1.138469457626342773e+00
-1.012919235229492188e+01
-8.640794754028320312e+00
-6.978248119354248047e+00
-1.904724311828613281e+01
-4.359071254730224609e+00
-2.264000511169433594e+01
-6.777262210845947266e+00
1.333996295928955078e+01
-2.436932802200317383e+00
3.365403413772583008e+00
-2.039509582519531250e+01
-2.002360725402832031e+01
-1.105316162109375000e+01
-1.096940135955810547e+01
-7.527445793151855469e+00
-2.303762817382812500e+01
-7.268514633178710938e+00
2.276673316955566406e+00
-1.210335445404052734e+01
-1.083406448364257812e+01
-3.151130914688110352e+00
-3.080396175384521484e+00
-4.967054843902587891e+00
-1.836666679382324219e+01
7.428647518157958984e+00
-1.325004863739013672e+01
-2.938386344909667969e+01
-1.648160362243652344e+01
-2.254407691955566406e+01
-8.529065132141113281e+00
1.165170907974243164e+00
6.752645969390869141e-01
-4.614618778228759766e+00
-9.683198928833007812e+00
-1.632429122924804688e+01
-1.692946434020996094e+01
-1.777896499633789062e+01
-4.558855056762695312e+00
-2.997569799423217773e+00
5.566972732543945312e+00
-5.362476825714111328e+00
1.562183141708374023e+00
-1.969109153747558594e+01
-1.244750499725341797e+01
-1.947706794738769531e+01
-9.078240394592285156e+00
-3.742186069488525391e+00
8.360197067260742188e+00
-6.485698223114013672e+00
7.505354404449462891e+00
-1.579588508605957031e+01
-3.185702800750732422e+00
-4.342210292816162109e+00
-1.406663227081298828e+01
1.515398740768432617e+00
1.358910202980041504e+00
-9.829817771911621094e+00
-9.431707382202148438e+00
-1.327246570587158203e+01
-9.892271041870117188e+00
-1.274699878692626953e+01
-3.672508478164672852e+00
-1.914908790588378906e+01
-6.197717785835266113e-01
-1.870635414123535156e+01
-7.631186485290527344e+00
-7.963512897491455078e+00
1.622051715850830078e+00
1.213566064834594727e+00
-9.727180480957031250e+00
-4.188041985034942627e-01
-1.101529407501220703e+01
-1.354492568969726562e+01
1.939357757568359375e+00
1.165247797966003418e+00
-1.178382301330566406e+01
1.322867202758789062e+01
-1.473998832702636719e+01
1.197416019439697266e+01
3.507957696914672852e+00
-8.740985870361328125e+00
-9.274591803550720215e-01
1.295637989044189453e+01
-1.282846450805664062e+01
-2.172177314758300781e+01
-7.667408943176269531e+00
-2.143217277526855469e+01
-3.633497714996337891e+00
1.145361185073852539e+00
-7.182037353515625000e+00
-1.423625850677490234e+01
-6.673488140106201172e+00
-1.306620025634765625e+01
-1.564224147796630859e+01
1.349762797355651855e+00
-3.387017965316772461e+00
-3.172493219375610352e+00
-9.971426010131835938e+00
-2.398081779479980469e+00
3.908908843994140625e+00
-1.534182643890380859e+01
-6.242182731628417969e+00
-1.785893559455871582e+00
-8.327032089233398438e+00
-1.445382595062255859e+01
-4.368068218231201172e+00
2.556510686874389648e+00
-1.423249435424804688e+01
-1.367805099487304688e+01
-1.585601234436035156e+01
-3.696610450744628906e+00
-8.166657447814941406e+00
9.734786987304687500e+00
-2.097061347961425781e+01
-2.106895256042480469e+01
-8.776892662048339844e+00
-1.474641799926757812e+01
-1.119920063018798828e+01
-1.595595073699951172e+01
1.421082019805908203e+01
-1.428252506256103516e+01
-9.324452400207519531e+00
8.065546035766601562e+00
-9.510741233825683594e+00
-5.257895946502685547e+00
-2.167253112792968750e+01
-8.573476791381835938e+00
-2.005516242980957031e+01
-1.527740597724914551e+00
-9.103962779045104980e-01
-2.128087234497070312e+01
-8.617448806762695312e+00
-4.237236499786376953e+00
-8.063743591308593750e+00
-8.854703903198242188e+00
