-1.073903664946556091e-01
-1.081466674804687500e-01
2.842369973659515381e-01
4.984585195779800415e-02
-1.559014082886278629e-03
1.282599121332168579e-01
1.549481600522994995e-02
3.496047283988445997e-04
1.609527468681335449e-01
-6.548080593347549438e-02
5.301572009921073914e-02
2.077770382165908813e-01
4.975225403904914856e-02
-1.369297597557306290e-02
7.901506870985031128e-02
2.927507646381855011e-02
-1.393718123435974121e-01
9.679125994443893433e-02
5.639284849166870117e-03
-9.932878613471984863e-02
3.526555746793746948e-02
1.476042438298463821e-02
-2.016436122357845306e-02
2.234290540218353271e-01
1.325159221887588501e-01
1.173947900533676147e-01
2.529784739017486572e-01
3.726014494895935059e-02
-2.309684827923774719e-02
-6.258274614810943604e-02
