-5.093199759721755981e-02
-6.643040105700492859e-03
2.751229517161846161e-02
4.138320311903953552e-02
8.065353333950042725e-02
-7.330480217933654785e-02
-2.125336788594722748e-02
3.975732624530792236e-02
1.788219250738620758e-02
6.005001813173294067e-02
-5.462995544075965881e-02
-6.336010247468948364e-02
1.055432185530662537e-01
-5.487857758998870850e-02
7.253111153841018677e-02
-2.761143818497657776e-02
-7.282517850399017334e-02
3.429194912314414978e-02
4.898240417242050171e-02
-3.748382255434989929e-02
1.304211374372243881e-02
-5.826096981763839722e-02
4.501636605709791183e-03
4.876069352030754089e-02
1.811570487916469574e-02
3.556829318404197693e-02
1.198040917515754700e-01
4.838697984814643860e-02
-6.049468740820884705e-02
-3.654233738780021667e-02
1.340318098664283752e-02
2.209478989243507385e-02
-8.694171160459518433e-02
1.798728108406066895e-02
1.143174245953559875e-01
2.025769278407096863e-02
4.039107263088226318e-02
3.207486495375633240e-02
-4.661581944674253464e-03
-3.352997452020645142e-02
9.111096151173114777e-03
1.526500582695007324e-01
-9.615633636713027954e-02
5.659103393554687500e-02
2.310360595583915710e-02
9.402077645063400269e-02
7.936670631170272827e-02
1.666235923767089844e-02
-6.509277224540710449e-02
2.246273681521415710e-02
1.454251911491155624e-02
1.055915281176567078e-01
5.579205602407455444e-02
-2.469480596482753754e-02
4.612788558006286621e-03
9.691688418388366699e-02
8.036210201680660248e-03
-9.591007232666015625e-02
1.318469922989606857e-02
8.509675040841102600e-03
4.742171615362167358e-02
1.049980595707893372e-01
-1.320610474795103073e-02
9.895193576812744141e-02
-3.452717512845993042e-02
-2.634862810373306274e-02
1.063278038054704666e-02
7.480548229068517685e-03
2.766374498605728149e-02
4.563879221677780151e-02
3.126507997512817383e-02
8.334732800722122192e-02
-3.750122338533401489e-02
-3.441134840250015259e-02
-5.460347607731819153e-02
5.335075035691261292e-02
2.315175905823707581e-02
8.378725498914718628e-02
-6.165778264403343201e-03
2.621343731880187988e-02
3.198357298970222473e-02
5.579468607902526855e-02
-6.872804462909698486e-02
5.437477957457304001e-03
-2.774428948760032654e-02
-5.623456835746765137e-02
3.461089730262756348e-02
5.785050615668296814e-02
-9.207583218812942505e-02
-2.789307199418544769e-02
5.556730926036834717e-02
5.778873804956674576e-03
-2.390994131565093994e-02
2.331757423235103488e-04
-1.843345351517200470e-02
-1.123014837503433228e-02
2.670818567276000977e-02
-3.038468956947326660e-02
-1.271836739033460617e-02
5.045387521386146545e-02
-7.086153142154216766e-03
3.290411457419395447e-02
-1.471642497926950455e-02
-4.021250084042549133e-02
1.172426342964172363e-01
-7.530154660344123840e-03
-3.794980049133300781e-02
1.139874160289764404e-01
2.925736643373966217e-02
3.490084782242774963e-02
6.831820309162139893e-02
5.533491820096969604e-02
5.174705386161804199e-02
8.460837416350841522e-03
-5.137438885867595673e-03
6.662321835756301880e-02
-6.098507344722747803e-02
8.878312259912490845e-02
2.251946739852428436e-02
2.529264055192470551e-02
-1.676371879875659943e-02
1.642346195876598358e-02
3.868101164698600769e-02
1.012429688125848770e-02
-2.065167576074600220e-02
5.252418667078018188e-02
-6.992681324481964111e-02
9.645502269268035889e-02
-3.891791030764579773e-02
-5.345162935554981232e-04
-1.077712327241897583e-01
-3.989325091242790222e-02
1.819784520193934441e-03
-4.852500557899475098e-02
-1.155727542936801910e-02
1.261423807591199875e-02
-8.475137874484062195e-03
-2.609858475625514984e-02
1.216180250048637390e-01
-8.005937933921813965e-02
1.286258269101381302e-02
-5.719748884439468384e-02
1.799655519425868988e-02
1.710435934364795685e-02
8.822952955961227417e-02
-2.866284921765327454e-02
-1.921573095023632050e-02
3.361397236585617065e-02
7.003044337034225464e-02
-2.996353618800640106e-02
