1.978651992976665497e-02
-2.671781480312347412e-01
2.270697802305221558e-01
3.803187310695648193e-01
1.005981639027595520e-01
2.056700289249420166e-01
2.478890568017959595e-01
1.156398877501487732e-01
-5.662686750292778015e-02
2.736921422183513641e-02
1.933760195970535278e-01
2.263620495796203613e-02
-1.427029073238372803e-01
4.110608994960784912e-02
-4.292984306812286377e-02
1.830335408449172974e-01
2.043757736682891846e-01
-3.247207775712013245e-02
4.738054797053337097e-02
8.299798518419265747e-02
