-1.576652765274047852e+00
-1.492955088615417480e+00
-7.024304270744323730e-01
-1.297797203063964844e+00
-8.029917478561401367e-01
-9.372239708900451660e-01
-7.883320450782775879e-01
-1.100713133811950684e+00
-2.110218524932861328e+00
-8.832294344902038574e-01
-1.329290986061096191e+00
-1.300452351570129395e+00
-8.375403881072998047e-01
-1.648243427276611328e+00
-1.051774144172668457e+00
-1.380625128746032715e+00
-1.318462491035461426e+00
-3.095821142196655273e-01
-9.285121560096740723e-01
-8.178074359893798828e-01
-5.045694708824157715e-01
-1.392422437667846680e+00
-4.186022281646728516e-01
-1.418636679649353027e+00
-2.386833541095256805e-02
-2.055418968200683594e+00
-7.490246891975402832e-01
-1.722937703132629395e+00
-5.071202516555786133e-01
-1.617498636245727539e+00
-1.761470198631286621e+00
-8.355391025543212891e-01
-1.197597026824951172e+00
-7.377372980117797852e-01
-1.842274516820907593e-01
-2.051427125930786133e+00
-1.262321114540100098e+00
-1.290941596031188965e+00
-1.327921748161315918e+00
-1.769809365272521973e+00
-1.254151701927185059e+00
-3.106894493103027344e-01
-4.933260977268218994e-01
-1.711465597152709961e+00
-2.171804904937744141e+00
-3.113221228122711182e-01
-1.554811716079711914e+00
-9.826220870018005371e-01
-1.569612622261047363e+00
-1.537141680717468262e+00
-1.871690034866333008e+00
-1.538515806198120117e+00
-1.131239891052246094e+00
-1.285075545310974121e+00
-1.288810014724731445e+00
-2.239339113235473633e+00
-1.519443869590759277e+00
-1.528114557266235352e+00
-1.754427790641784668e+00
-7.319779396057128906e-01
-2.057932376861572266e+00
-1.133858680725097656e+00
-1.184150695800781250e+00
-1.317564010620117188e+00
-1.882682442665100098e+00
-1.947857141494750977e+00
-1.424296140670776367e+00
-5.664708018302917480e-01
3.129227459430694580e-01
-1.462758898735046387e+00
-1.239616155624389648e+00
-4.941695332527160645e-01
-8.393023014068603516e-01
-8.416665196418762207e-01
-5.100339055061340332e-01
-9.997107982635498047e-01
-1.752275943756103516e+00
-1.946733474731445312e+00
-1.110574722290039062e+00
-1.437870860099792480e+00
-1.809724926948547363e+00
-3.157544732093811035e-01
-1.150313854217529297e+00
-8.058816194534301758e-01
-6.512565016746520996e-01
-1.258644938468933105e+00
-2.012734174728393555e+00
-7.024943828582763672e-01
-1.453932881355285645e+00
-1.608177781105041504e+00
-1.546513676643371582e+00
-1.226634144783020020e+00
-7.317612171173095703e-01
-1.277043342590332031e+00
-1.634074687957763672e+00
-1.293367862701416016e+00
-1.603383660316467285e+00
-1.154144883155822754e+00
-8.960268497467041016e-01
-1.269830465316772461e+00
-7.628785967826843262e-01
-1.014680385589599609e+00
-1.596174716949462891e+00
-1.292838156223297119e-01
-1.657397270202636719e+00
-2.171650648117065430e+00
-2.122938156127929688e+00
-1.562584280967712402e+00
-1.797729253768920898e+00
-1.838865518569946289e+00
-2.377630472183227539e+00
-9.970142841339111328e-01
-1.009149432182312012e+00
-1.309496760368347168e+00
-1.714640736579895020e+00
-6.628432273864746094e-01
-1.224822521209716797e+00
-4.353886842727661133e-01
-9.761874675750732422e-01
-1.029177069664001465e+00
-2.077369928359985352e+00
-1.219548463821411133e+00
-1.838092446327209473e+00
-4.180774092674255371e-01
-1.346989154815673828e+00
-7.473749518394470215e-01
-1.004082441329956055e+00
-9.974156022071838379e-01
-7.587441205978393555e-01
-1.969897866249084473e+00
-9.500524401664733887e-01
-1.339962363243103027e+00
-6.424608230590820312e-01
-1.626142740249633789e+00
-1.367422819137573242e+00
-1.373371481895446777e+00
-1.295756697654724121e+00
-1.163063883781433105e+00
-1.035109877586364746e+00
-8.297165632247924805e-01
3.160492181777954102e-01
-1.855014920234680176e+00
-1.549250721931457520e+00
-1.190513849258422852e+00
-9.422860741615295410e-01
-1.186277985572814941e+00
-2.279457092285156250e+00
-1.220372796058654785e+00
-9.400175213813781738e-01
-1.112746953964233398e+00
-1.249781370162963867e+00
-1.650538802146911621e+00
-1.555550575256347656e+00
-1.703132152557373047e+00
-8.493105173110961914e-01
-5.886502265930175781e-01
-6.928780674934387207e-01
-1.288328528404235840e+00
-4.893907606601715088e-01
-7.119721770286560059e-01
-2.177960872650146484e+00
-1.990789413452148438e+00
-1.082327604293823242e+00
-5.047923326492309570e-01
-1.288349270820617676e+00
-1.246747136116027832e+00
-1.262163162231445312e+00
-1.063204288482666016e+00
-1.985833168029785156e+00
-1.882722139358520508e+00
-1.188642024993896484e+00
-1.754337549209594727e+00
-1.725641489028930664e+00
-1.537609457969665527e+00
-1.213346481323242188e+00
-9.506598711013793945e-01
-1.877320289611816406e+00
-1.295505046844482422e+00
-1.488441586494445801e+00
-1.219895124435424805e+00
-1.468266963958740234e+00
-2.026896476745605469e+00
-1.769375681877136230e+00
-1.442112445831298828e+00
-3.856499791145324707e-01
-1.997964262962341309e+00
-1.220465064048767090e+00
-1.872389554977416992e+00
-6.156064867973327637e-01
-1.016766071319580078e+00
-1.165550112724304199e+00
-9.282529950141906738e-01
-1.822918176651000977e+00
-5.548084378242492676e-01
-1.268613219261169434e+00
-8.966248035430908203e-01
-1.363358736038208008e+00
-1.059193134307861328e+00
-1.459303140640258789e+00
-3.694666624069213867e-01
