2.294264733791351318e-01
9.598649106919765472e-03
-9.795828722417354584e-03
2.585613727569580078e-01
1.488673835992813110e-01
7.984063029289245605e-02
2.200571894645690918e-01
2.721695899963378906e-01
-1.683678179979324341e-01
2.576166689395904541e-01
-2.709327638149261475e-02
1.699684746563434601e-02
5.514903068542480469e-01
3.001463599503040314e-02
3.328542709350585938e-01
1.369864493608474731e-01
-1.599995642900466919e-01
-1.208401322364807129e-01
1.514849532395601273e-02
1.965316683053970337e-01
