-5.718537569046020508e-01
-4.264057576656341553e-01
-6.121056675910949707e-01
-6.082096099853515625e-01
-7.191913127899169922e-01
-8.308901190757751465e-01
-6.781067252159118652e-01
-4.282144010066986084e-01
-5.744838118553161621e-01
-4.416698217391967773e-01
-4.717900156974792480e-01
-7.048757076263427734e-01
-5.990690588951110840e-01
-7.088448405265808105e-01
-7.540255188941955566e-01
-7.574709057807922363e-01
-3.219530582427978516e-01
-6.443587541580200195e-01
-3.368777632713317871e-01
-7.994521856307983398e-01
-6.208700537681579590e-01
-6.454521417617797852e-01
-4.339343011379241943e-01
-8.973259925842285156e-01
-1.403826773166656494e-01
-9.211010932922363281e-01
-7.195724248886108398e-01
-3.428441286087036133e-01
-3.691470623016357422e-01
-4.431204497814178467e-01
-6.522634029388427734e-01
-4.457311928272247314e-01
-1.081023693084716797e+00
-7.238348722457885742e-01
-6.540942788124084473e-01
-8.426489830017089844e-01
-5.311051607131958008e-01
-7.092523574829101562e-01
-8.011116385459899902e-01
-7.214877605438232422e-01
-5.872796773910522461e-01
-4.562399089336395264e-01
-8.694398403167724609e-01
-3.934690058231353760e-01
-5.133723020553588867e-01
-8.490756750106811523e-01
-7.478675246238708496e-01
-3.864500522613525391e-01
-5.992644429206848145e-01
-4.148662388324737549e-01
-4.956711828708648682e-01
-7.585156559944152832e-01
-9.042387008666992188e-01
-1.038384199142456055e+00
-7.321950793266296387e-01
-8.137906789779663086e-01
-1.821613460779190063e-01
-6.285263299942016602e-01
-7.843729853630065918e-01
-5.923995971679687500e-01
-7.121567726135253906e-01
-8.870670795440673828e-01
-7.803580760955810547e-01
-8.810601234436035156e-01
-4.536675214767456055e-01
-6.600046157836914062e-01
-4.607706069946289062e-01
-3.847373425960540771e-01
-7.172055840492248535e-01
-6.550621986389160156e-01
-6.662147045135498047e-01
-5.466334819793701172e-01
-7.071123123168945312e-01
-8.028379082679748535e-01
-5.234065055847167969e-01
-3.931365013122558594e-01
-1.042542934417724609e+00
-4.687141180038452148e-01
-7.442215085029602051e-01
-5.536006093025207520e-01
-6.763545274734497070e-01
-2.820035815238952637e-01
-6.680220961570739746e-01
-3.686933517456054688e-01
-8.474604487419128418e-01
-8.178985118865966797e-01
-9.115620255470275879e-01
-7.443784475326538086e-01
-7.312873601913452148e-01
-6.298856735229492188e-01
-7.141095399856567383e-01
-6.132498383522033691e-01
-7.208321094512939453e-01
-5.904835462570190430e-01
-7.667669653892517090e-01
-4.357083439826965332e-01
-2.519638538360595703e-01
-6.069693565368652344e-01
-5.968217253684997559e-01
-7.450298070907592773e-01
-6.285396218299865723e-01
-6.188716888427734375e-01
-6.644384860992431641e-01
-6.567746400833129883e-01
-8.785489201545715332e-01
-6.215449571609497070e-01
-6.684691905975341797e-01
-5.916526913642883301e-01
-5.800166130065917969e-01
-5.114545822143554688e-01
-4.413291513919830322e-01
-6.478284597396850586e-01
-7.141752839088439941e-01
-5.388119816780090332e-01
-5.833718180656433105e-01
-5.581098794937133789e-01
-5.602601766586303711e-01
-6.443491578102111816e-01
-5.159897208213806152e-01
-7.173313498497009277e-01
-8.371117115020751953e-01
-6.269000172615051270e-01
-7.412574291229248047e-01
-6.744998693466186523e-01
-9.687650203704833984e-01
-9.154786467552185059e-01
-8.012013435363769531e-01
-7.011457085609436035e-01
-8.205283880233764648e-01
-5.641731023788452148e-01
-5.462563633918762207e-01
-3.651253581047058105e-01
-5.814666748046875000e-01
-6.462644934654235840e-01
-2.997677326202392578e-01
-6.585248708724975586e-01
-6.153327226638793945e-01
-3.248532116413116455e-01
-6.826364994049072266e-01
-6.960343122482299805e-01
-6.637145876884460449e-01
-3.389472365379333496e-01
-7.994533777236938477e-01
-4.574510157108306885e-01
-3.455811738967895508e-01
-5.352797508239746094e-01
-7.922043204307556152e-01
-6.059768795967102051e-01
-7.171539664268493652e-01
-8.577526807785034180e-01
-2.266037315130233765e-01
-7.581065297126770020e-01
-9.077523946762084961e-01
-5.689629316329956055e-01
-7.050715684890747070e-01
-5.905746817588806152e-01
-7.110573053359985352e-01
-5.162419080734252930e-01
-7.013864517211914062e-01
-7.411784529685974121e-01
-5.182055234909057617e-01
-6.989714503288269043e-01
-4.114168584346771240e-01
-5.200324058532714844e-01
-3.392993211746215820e-01
-7.633603215217590332e-01
-7.635105848312377930e-01
-3.423129022121429443e-01
-5.359598398208618164e-01
-6.081954240798950195e-01
-4.521492719650268555e-01
-9.838111996650695801e-01
-5.213871002197265625e-01
-6.995819807052612305e-01
-6.672683954238891602e-01
-7.094121575355529785e-01
-5.090334415435791016e-01
-2.987284064292907715e-01
-5.430403351783752441e-01
-1.117191433906555176e+00
-7.629469633102416992e-01
-1.005282998085021973e+00
-5.541172027587890625e-01
-7.633189558982849121e-01
-4.098649621009826660e-01
-5.303050279617309570e-01
-7.598045468330383301e-01
-6.590027213096618652e-01
-5.232905745506286621e-01
-6.329731941223144531e-01
-3.978602886199951172e-01
-5.989025235176086426e-01
-3.314582705497741699e-01
-5.662558674812316895e-01
-5.753293037414550781e-01
-5.809670686721801758e-01
-6.420587897300720215e-01
-4.175671041011810303e-01
-8.190711736679077148e-01
-6.049007773399353027e-01
