1.151114627718925476e-01
4.330087453126907349e-02
-5.620795488357543945e-02
-4.890388250350952148e-02
1.209950521588325500e-01
7.095161825418472290e-02
3.771197050809860229e-02
1.066444814205169678e-01
1.204571872949600220e-01
3.581470623612403870e-02
9.932205080986022949e-02
5.166988447308540344e-02
9.003248065710067749e-03
2.990764006972312927e-02
8.115188032388687134e-02
-1.313176155090332031e-01
3.705000504851341248e-02
-7.557705789804458618e-02
-3.549211472272872925e-02
8.239411562681198120e-02
6.267617642879486084e-02
8.445426076650619507e-02
5.442138388752937317e-02
9.805265814065933228e-03
-5.725638195872306824e-02
1.093734130263328552e-01
-1.200628560036420822e-02
1.411526370793581009e-02
-9.504851698875427246e-02
7.867004722356796265e-02
5.129451677203178406e-02
-9.793810546398162842e-02
2.725133858621120453e-02
-1.047319322824478149e-01
-8.748570084571838379e-02
1.849545724689960480e-02
-6.089255958795547485e-02
-8.664301037788391113e-02
3.546506166458129883e-02
4.267597198486328125e-02
2.409764379262924194e-02
-2.344235964119434357e-02
-5.823707208037376404e-03
-2.612983621656894684e-02
-1.862697303295135498e-02
4.297381266951560974e-02
-5.612993240356445312e-02
6.151499971747398376e-02
-8.807966113090515137e-02
1.224028784781694412e-02
4.743472486734390259e-02
6.415155529975891113e-02
9.916399419307708740e-02
-4.191739857196807861e-02
7.399758696556091309e-02
1.056398376822471619e-01
-2.712009660899639130e-02
4.471922665834426880e-02
1.823088228702545166e-01
-5.685365572571754456e-02
8.767679333686828613e-03
3.304595500230789185e-02
9.369689971208572388e-03
-9.409845620393753052e-02
-9.574250876903533936e-02
1.189054455608129501e-02
5.851222574710845947e-02
4.072461649775505066e-02
2.147557912394404411e-03
-4.739862680435180664e-02
2.251052483916282654e-02
3.683546185493469238e-02
-4.987783730030059814e-02
1.834727637469768524e-02
6.381493061780929565e-02
2.932414785027503967e-02
1.866526603698730469e-01
4.067516699433326721e-02
4.919556155800819397e-02
-1.085561420768499374e-02
-2.678218297660350800e-02
1.889466308057308197e-02
9.669309854507446289e-02
1.215598732233047485e-02
1.710903830826282501e-02
2.890559844672679901e-02
-2.796592190861701965e-02
-5.499116610735654831e-03
-1.552843302488327026e-01
-1.405214611440896988e-02
1.310948133468627930e-01
-1.000111326575279236e-01
1.595836132764816284e-02
1.081453915685415268e-02
-2.914537489414215088e-02
1.638311147689819336e-01
-8.927747607231140137e-03
6.769227236509323120e-02
1.261131023056805134e-03
-6.158184632658958435e-02
