-1.804839819669723511e-01
-2.734343111515045166e-01
-4.463042616844177246e-01
-3.425809442996978760e-01
-1.215444505214691162e-01
-1.981920450925827026e-01
-2.545768320560455322e-01
-2.171303033828735352e-01
-1.155761033296585083e-01
-2.271203249692916870e-01
-3.367713987827301025e-01
-3.433744609355926514e-01
-2.046393305063247681e-01
-1.883658766746520996e-01
-2.045548707246780396e-01
-2.390649169683456421e-01
-2.145255506038665771e-01
-1.635756790637969971e-01
-2.247619479894638062e-01
-3.703208565711975098e-01
-4.630290865898132324e-01
-3.024227023124694824e-01
-2.315446287393569946e-01
-3.728418648242950439e-01
-2.312438786029815674e-01
-4.043387472629547119e-01
-1.127617731690406799e-01
-1.821128278970718384e-01
-2.388096600770950317e-01
-2.694784402847290039e-01
-2.930020093917846680e-01
-2.549870014190673828e-01
-1.485517770051956177e-01
-2.832916080951690674e-01
-1.299095600843429565e-01
-2.840143740177154541e-01
-2.444391399621963501e-01
-1.893998831510543823e-01
-1.391594409942626953e-01
-3.188441693782806396e-01
-4.114141464233398438e-01
-3.214956223964691162e-01
-3.774470090866088867e-01
-2.920311689376831055e-01
-2.951965332031250000e-01
-1.837144643068313599e-01
-3.101918995380401611e-01
-2.230815440416336060e-01
-2.318504005670547485e-01
-1.848323643207550049e-01
-1.551609784364700317e-01
-2.554133236408233643e-01
-2.142790853977203369e-01
-1.935475021600723267e-01
-3.168553411960601807e-01
-3.587513864040374756e-01
-4.770878851413726807e-01
-2.071224004030227661e-01
-2.152097672224044800e-01
-2.665554583072662354e-01
-2.268291711807250977e-01
-2.974682152271270752e-01
-2.410635650157928467e-01
-2.845717370510101318e-01
-3.361565172672271729e-01
-2.610376179218292236e-01
-4.005532860755920410e-01
-4.127006828784942627e-01
-2.750366330146789551e-01
-2.537762522697448730e-01
-2.808374464511871338e-01
-9.995964169502258301e-02
-3.372084498405456543e-01
-3.582689464092254639e-01
-4.329856038093566895e-01
-3.105667829513549805e-01
-4.175782799720764160e-01
-2.171902060508728027e-01
-2.182521671056747437e-01
-1.151973083615303040e-01
-2.085565030574798584e-01
-4.072098433971405029e-01
-2.295921891927719116e-01
-2.917070388793945312e-01
-3.039561510086059570e-01
-1.144791096448898315e-01
-2.828476727008819580e-01
-1.230575293302536011e-01
-1.677533537149429321e-01
-3.384479284286499023e-01
-2.351242601871490479e-01
-2.287542521953582764e-01
-1.666341871023178101e-01
-3.722613453865051270e-01
-2.771390974521636963e-01
-2.055309712886810303e-01
-2.443589866161346436e-01
-3.679667711257934570e-01
-3.884814083576202393e-01
-1.319126933813095093e-01
-2.495699226856231689e-01
-2.844415903091430664e-01
-1.840973794460296631e-01
-2.022948563098907471e-01
-2.194498181343078613e-01
-1.966907382011413574e-01
-1.130918785929679871e-01
-3.182022273540496826e-01
-2.996572852134704590e-01
-2.021922916173934937e-01
-4.524238705635070801e-01
-1.866532266139984131e-01
-4.199793338775634766e-01
-3.097445070743560791e-01
-3.182661831378936768e-01
-2.461031526327133179e-01
-9.379389137029647827e-02
-1.362975835800170898e-01
-1.232099011540412903e-01
-2.602480947971343994e-01
-3.151221573352813721e-01
-2.333251684904098511e-01
-2.157529443502426147e-01
-1.694969832897186279e-01
-3.005716204643249512e-01
-7.033131271600723267e-02
-3.332145214080810547e-01
-2.699431478977203369e-01
-4.726310670375823975e-01
-2.264595329761505127e-01
-2.608753740787506104e-01
-3.132996559143066406e-01
-2.608984410762786865e-01
-2.903470695018768311e-01
-2.144333124160766602e-01
-2.526762783527374268e-01
-3.022128641605377197e-01
-3.778743147850036621e-01
-4.031552970409393311e-01
-2.990273237228393555e-01
-3.044323325157165527e-01
-3.600235283374786377e-01
-3.660278618335723877e-01
-3.859986066818237305e-01
-2.842852771282196045e-01
-2.707227468490600586e-01
-1.993796527385711670e-01
-3.077449202537536621e-01
-3.287801742553710938e-01
-4.441869854927062988e-01
-3.896568715572357178e-01
-3.772602379322052002e-01
-3.873584568500518799e-01
-3.486776947975158691e-01
-1.944237053394317627e-01
-1.037938520312309265e-01
-2.822955548763275146e-01
-2.541581690311431885e-01
-2.331827431917190552e-01
-2.260888665914535522e-01
-3.426222801208496094e-01
-1.772482097148895264e-01
-2.617018520832061768e-01
-2.803148329257965088e-01
-3.298309743404388428e-01
-1.607037335634231567e-01
-2.788640558719635010e-01
-2.041151821613311768e-01
-2.359886467456817627e-01
-1.133634001016616821e-01
-3.400465548038482666e-01
-7.445380836725234985e-02
-3.124186098575592041e-01
-2.174296081066131592e-01
-3.637083172798156738e-01
-4.622719883918762207e-01
-1.782775968313217163e-01
-2.743075191974639893e-01
-2.634316980838775635e-01
-2.474135011434555054e-01
-2.506168782711029053e-01
-3.237339556217193604e-01
-3.727306723594665527e-01
-2.770246267318725586e-01
-1.570677757263183594e-01
-3.126341402530670166e-01
-1.397905051708221436e-01
-4.752682745456695557e-01
-2.112151831388473511e-01
-3.413182199001312256e-01
-3.150011897087097168e-01
-3.300010859966278076e-01
-3.531558513641357422e-01
-2.232274562120437622e-01
-2.311238497495651245e-01
-3.464608490467071533e-01
-4.387473762035369873e-01
-2.291186451911926270e-01
-3.613755106925964355e-01
-3.580166697502136230e-01
