4.411742091178894043e-02
-2.873123809695243835e-02
-1.036874204874038696e-01
4.809652641415596008e-02
-6.365283578634262085e-02
-1.534880548715591431e-01
-9.604630991816520691e-03
3.327910602092742920e-02
1.390795689076185226e-03
-4.922906681895256042e-02
-2.098820917308330536e-02
5.448601022362709045e-02
1.143183857202529907e-01
-7.680203765630722046e-02
5.925500392913818359e-02
8.883763849735260010e-02
1.155721843242645264e-01
4.119721055030822754e-02
-3.540768101811408997e-02
-1.403855830430984497e-01
-5.611732602119445801e-02
5.882714316248893738e-02
5.515674501657485962e-02
6.992857158184051514e-02
8.061087876558303833e-02
-8.289150148630142212e-02
-3.786927089095115662e-02
5.861023906618356705e-03
-2.960131689906120300e-02
1.194302737712860107e-01
2.147331275045871735e-02
1.222657691687345505e-02
7.386062294244766235e-02
7.938963919878005981e-02
1.504593193531036377e-01
-8.251791447401046753e-02
6.468160450458526611e-02
4.237608984112739563e-02
-8.061745762825012207e-02
-4.758846014738082886e-03
6.896276026964187622e-02
9.637369774281978607e-03
1.104163900017738342e-01
-8.272131532430648804e-02
3.142627328634262085e-02
6.001883000135421753e-02
-3.996773064136505127e-02
-7.678420096635818481e-02
2.958932425826787949e-03
-6.075687706470489502e-02
6.940097361803054810e-02
-2.819328382611274719e-02
1.258323434740304947e-03
3.723171353340148926e-02
-2.253251709043979645e-02
6.451255828142166138e-02
7.042343169450759888e-02
-1.792304031550884247e-02
-6.252388656139373779e-02
7.128649950027465820e-02
1.779019460082054138e-02
1.041112318634986877e-01
-8.738272637128829956e-02
-6.360320840030908585e-04
3.219395503401756287e-02
4.676039516925811768e-02
-2.106261998414993286e-02
-6.910963356494903564e-02
1.283122003078460693e-01
4.455488920211791992e-02
5.433759838342666626e-02
6.093473359942436218e-02
4.202423244714736938e-02
4.973480105400085449e-02
9.650526940822601318e-02
1.522013172507286072e-02
9.114788472652435303e-02
-8.870923891663551331e-03
1.048073992133140564e-01
1.193820014595985413e-01
-3.209032863378524780e-02
-7.244316861033439636e-03
-8.840986341238021851e-02
-5.125350318849086761e-03
1.487088389694690704e-02
-2.187967533245682716e-03
7.461708784103393555e-02
-2.869946882128715515e-02
2.206982485949993134e-02
-1.430300436913967133e-02
7.978809624910354614e-02
8.415419608354568481e-02
3.437264263629913330e-02
5.176844447851181030e-02
-7.272568345069885254e-02
-7.351782917976379395e-02
8.750423789024353027e-02
4.593367129564285278e-02
-1.675814539194107056e-01
6.119335442781448364e-02
