-1.409470736980438232e-01
-4.682514443993568420e-02
-1.183194890618324280e-01
-1.253107637166976929e-01
-1.140482202172279358e-01
-2.096695303916931152e-01
-1.953709870576858521e-01
-1.257311552762985229e-01
-1.319707930088043213e-01
-9.999496489763259888e-02
-1.058662608265876770e-01
-9.611728787422180176e-02
-1.393909454345703125e-01
-1.698466837406158447e-01
-1.404622942209243774e-01
-1.695824712514877319e-01
-1.920524239540100098e-01
-7.844584435224533081e-02
-1.998151540756225586e-01
-1.251184791326522827e-01
-6.276110559701919556e-02
-1.048376709222793579e-01
-8.267185837030410767e-02
-1.908552795648574829e-01
-1.896039247512817383e-01
-1.734141707420349121e-01
-7.208634912967681885e-02
-1.900127530097961426e-01
-1.000701263546943665e-01
-9.385929256677627563e-02
-8.619750291109085083e-02
-6.365973502397537231e-02
-1.851228773593902588e-01
-1.838130652904510498e-01
-1.220143586397171021e-01
-1.281157732009887695e-01
-1.704380214214324951e-01
-1.534639149904251099e-01
-1.706421822309494019e-01
-1.402724981307983398e-01
-1.071379482746124268e-01
-1.914623230695724487e-01
-6.827523559331893921e-02
-6.439176946878433228e-02
-1.488821506500244141e-01
-5.764229595661163330e-02
-1.308226138353347778e-01
-1.057274863123893738e-01
-1.798128187656402588e-01
-1.447442919015884399e-01
-1.271082907915115356e-01
-6.583219766616821289e-02
-1.390574723482131958e-01
-1.836289465427398682e-01
-1.418568938970565796e-01
-3.878469765186309814e-02
-5.881525576114654541e-02
-1.447388678789138794e-01
-1.443540453910827637e-01
-6.750516593456268311e-02
-2.267811596393585205e-01
-1.991433799266815186e-01
-5.371871218085289001e-02
-1.873992979526519775e-01
-1.252060830593109131e-01
-1.617298424243927002e-01
-1.890986859798431396e-01
-1.772442460060119629e-01
-1.597221642732620239e-01
-1.818757951259613037e-01
-9.208249300718307495e-02
-8.395990729331970215e-02
-1.131739169359207153e-01
-8.069442957639694214e-02
-7.111842930316925049e-02
-1.934942603111267090e-01
-1.026540398597717285e-01
-2.080286145210266113e-01
-1.673463284969329834e-01
-1.431888192892074585e-01
-1.410657018423080444e-01
-8.357816934585571289e-02
-2.040457539260387421e-02
-1.833553165197372437e-01
-1.794744282960891724e-01
-1.065570712089538574e-01
-4.387597739696502686e-02
-1.364747881889343262e-01
-1.632741987705230713e-01
-2.095822244882583618e-01
-1.816333830356597900e-01
-1.074393093585968018e-01
-7.064007967710494995e-02
-8.353872597217559814e-02
-1.481790840625762939e-01
-1.596811711788177490e-01
-1.078165397047996521e-01
-1.218363791704177856e-01
-2.202887982130050659e-01
-9.360335767269134521e-02
-4.618160054087638855e-02
-2.017067074775695801e-01
-2.078145891427993774e-01
-7.125942409038543701e-02
-2.072439044713973999e-01
-1.785802096128463745e-01
-1.574222445487976074e-01
-1.220468878746032715e-01
-1.769187301397323608e-01
-1.205979064106941223e-01
-1.284134238958358765e-01
-1.244927272200584412e-01
-1.371701527386903763e-02
-9.127599745988845825e-02
-1.463073194026947021e-01
-9.691329300403594971e-02
-1.838482618331909180e-01
-1.333985179662704468e-01
-2.052310854196548462e-01
-1.792410016059875488e-01
-1.387351751327514648e-01
-1.531518101692199707e-01
-1.565158367156982422e-01
-1.295361071825027466e-01
-1.543225198984146118e-01
-1.573600769042968750e-01
-1.302603334188461304e-01
-1.487275362014770508e-01
-1.822053790092468262e-01
-1.355810910463333130e-01
-2.242759056389331818e-02
-7.046715170145034790e-02
-1.204620972275733948e-01
-1.294070631265640259e-01
-1.031915247440338135e-01
-1.271112412214279175e-01
-1.293554157018661499e-01
-1.764177680015563965e-01
-1.073025241494178772e-01
-1.970691382884979248e-01
-2.156764566898345947e-01
-1.513592749834060669e-01
-1.471597850322723389e-01
-2.138808816671371460e-01
-8.839009702205657959e-02
-1.920611858367919922e-01
-1.490993499755859375e-01
-1.243296936154365540e-01
-1.476774811744689941e-01
-1.853696256875991821e-01
-1.003086119890213013e-01
-3.726534172892570496e-02
-1.341543495655059814e-01
-1.710371822118759155e-01
-1.904573291540145874e-01
-6.106755882501602173e-02
-8.935736864805221558e-02
-1.907212585210800171e-01
-9.585298597812652588e-02
-1.980301886796951294e-01
-2.076479196548461914e-01
-1.052363291382789612e-01
-1.656517833471298218e-01
-1.697970032691955566e-01
-9.187162667512893677e-02
-1.066336855292320251e-01
-1.266311258077621460e-01
-1.012249067425727844e-01
-1.408145576715469360e-01
-1.168506667017936707e-01
-1.179015040397644043e-01
-4.130924493074417114e-02
-1.510642170906066895e-01
-7.917936146259307861e-02
-9.639131277799606323e-02
-6.352032721042633057e-02
-1.948472410440444946e-01
-7.536041736602783203e-02
-2.237432301044464111e-01
-1.360723674297332764e-01
-1.280495226383209229e-01
-2.248611748218536377e-01
-9.891106933355331421e-02
-1.842247247695922852e-01
-5.377080291509628296e-02
-1.488867551088333130e-01
-1.095709726214408875e-01
-1.371667236089706421e-01
-1.576421260833740234e-01
-8.289860934019088745e-02
-2.774138748645782471e-02
-1.520306617021560669e-01
-1.518113762140274048e-01
-5.634361132979393005e-02
-8.035917580127716064e-02
-2.331172674894332886e-01
-2.254021316766738892e-01
-9.933619201183319092e-02
-6.788287311792373657e-02
-5.580016225576400757e-02
