-2.245795488357543945e+00
-4.741977691650390625e+00
-1.285314083099365234e+00
-2.150628805160522461e+00
2.914772987365722656e+00
-6.571437358856201172e+00
-2.353134393692016602e+00
-3.816325187683105469e+00
-5.541693210601806641e+00
6.855583786964416504e-01
-2.834830284118652344e+00
-8.418031334877014160e-01
-4.987559795379638672e+00
-1.738364815711975098e+00
-3.501711606979370117e+00
-3.901983797550201416e-01
-6.928885459899902344e+00
-5.069244384765625000e+00
-2.980592250823974609e+00
-2.577682971954345703e+00
-3.227229833602905273e+00
-5.838303565979003906e-01
-2.896816253662109375e+00
-1.424051165580749512e+00
-8.877954483032226562e-01
2.402094602584838867e-01
-2.496214866638183594e+00
-4.487106800079345703e+00
-3.231972455978393555e+00
1.766508102416992188e+00
-3.779598712921142578e+00
-1.967730402946472168e+00
-1.726588845252990723e+00
-3.942388296127319336e+00
-3.582447767257690430e+00
-4.958896636962890625e+00
-5.955691635608673096e-02
-1.996115803718566895e+00
-8.787278175354003906e+00
-5.664427757263183594e+00
-3.311354398727416992e+00
-3.690773487091064453e+00
-4.556524276733398438e+00
1.157357931137084961e+00
-1.603257358074188232e-01
-2.581256866455078125e+00
-4.276638507843017578e+00
-2.014180183410644531e+00
-2.895801067352294922e+00
2.032768875360488892e-01
-5.461145401000976562e+00
-2.075335025787353516e+00
2.564572393894195557e-01
-3.734925746917724609e+00
8.099744915962219238e-01
-6.781546473503112793e-01
-1.587851762771606445e+00
-3.040436267852783203e+00
-5.657025814056396484e+00
-6.626053333282470703e+00
-4.489319801330566406e+00
-4.941733360290527344e+00
9.684654474258422852e-01
-1.575124263763427734e+00
-3.991650819778442383e+00
-8.663402795791625977e-01
8.478444069623947144e-02
-3.051156520843505859e+00
-2.541404247283935547e+00
5.339475870132446289e-01
-5.480290412902832031e+00
-4.126528263092041016e+00
-2.911682128906250000e+00
1.056090220808982849e-01
-5.257026195526123047e+00
-3.914749860763549805e+00
2.752085208892822266e+00
-6.562182903289794922e+00
-1.182538747787475586e+00
-3.142619848251342773e+00
-8.381115198135375977e-01
-7.755420207977294922e+00
2.843254327774047852e+00
-4.070731639862060547e+00
-4.986603736877441406e+00
-1.707696914672851562e-02
-4.992302507162094116e-02
-1.060486793518066406e+00
3.957591652870178223e-01
-1.276790142059326172e+00
-2.237319231033325195e+00
-3.890358209609985352e-01
-4.404525279998779297e+00
-8.514582514762878418e-01
1.212452445179224014e-02
-3.582086324691772461e+00
-2.009417861700057983e-01
-4.102776527404785156e+00
1.991919755935668945e+00
-8.344722747802734375e+00
-2.556102275848388672e+00
-5.541752338409423828e+00
-1.894885003566741943e-01
-5.691598415374755859e+00
-3.128592967987060547e+00
-1.084483504295349121e+00
1.389406025409698486e-01
-2.708283185958862305e+00
-6.748155593872070312e+00
1.317805290222167969e+00
-4.490616321563720703e+00
-1.292867302894592285e+00
-6.785119056701660156e+00
-5.093004703521728516e+00
-4.300625324249267578e+00
-1.080072641372680664e+00
-1.781045496463775635e-01
-9.175624847412109375e-01
-5.083872318267822266e+00
-5.506320476531982422e+00
-4.139721393585205078e+00
-3.407582998275756836e+00
-1.523749709129333496e+00
-3.465227603912353516e+00
2.814297437667846680e+00
-4.392824649810791016e+00
-3.411926746368408203e+00
-7.037930488586425781e-01
-4.282666683197021484e+00
-9.748578816652297974e-02
-7.672287464141845703e+00
5.836660265922546387e-01
-1.632210612297058105e+00
-5.029524803161621094e+00
-3.586578607559204102e+00
-9.378117918968200684e-01
-5.631663799285888672e+00
-4.612425327301025391e+00
-3.680076599121093750e+00
-3.687921047210693359e+00
-3.392539262771606445e+00
-1.994713187217712402e+00
-2.074113368988037109e+00
-5.711430072784423828e+00
-5.477691173553466797e+00
-9.676409363746643066e-01
-3.508751392364501953e+00
-3.716384410858154297e+00
-2.696418046951293945e+00
-3.084321498870849609e+00
-2.894200563430786133e+00
-5.287402272224426270e-01
-5.221475124359130859e+00
-1.606430649757385254e+00
-6.493364334106445312e+00
3.124636650085449219e+00
-4.806968212127685547e+00
-8.021572828292846680e-01
-4.696021556854248047e+00
8.622767925262451172e-01
3.179305553436279297e+00
-1.844591736793518066e+00
2.170271575450897217e-01
1.565740108489990234e-01
-2.616307973861694336e+00
-6.479525566101074219e+00
1.830437183380126953e-01
-6.780639886856079102e-01
-1.857224106788635254e+00
-4.689149856567382812e+00
-3.242526531219482422e+00
1.282545328140258789e-01
-2.916733980178833008e+00
-4.613816738128662109e+00
-6.885815620422363281e+00
-2.521078586578369141e+00
-3.252268791198730469e+00
-1.149508714675903320e+00
-6.516345500946044922e+00
-3.194797992706298828e+00
-2.500532627105712891e+00
-2.909524679183959961e+00
-3.702856063842773438e+00
-2.819472312927246094e+00
-2.084113359451293945e+00
2.492972850799560547e+00
-4.209890365600585938e+00
-2.268792837858200073e-01
2.117192558944225311e-02
-1.066344141960144043e+00
-2.479217290878295898e+00
-2.838505744934082031e+00
-3.477149486541748047e+00
-3.918519735336303711e+00
-3.677209615707397461e+00
2.853159010410308838e-01
-5.938462018966674805e-01
-4.866837978363037109e+00
-5.427566051483154297e+00
-3.447065830230712891e+00
