-2.060039527714252472e-02
-3.961894661188125610e-02
-5.228939279913902283e-02
-6.154074892401695251e-02
6.890103220939636230e-02
2.956762351095676422e-02
-4.564633220434188843e-02
-9.911497123539447784e-03
3.641891479492187500e-02
-4.049815982580184937e-02
6.235639005899429321e-02
-2.640400314703583717e-03
6.221964210271835327e-02
2.700246311724185944e-02
4.430120810866355896e-02
-5.026146024465560913e-02
2.406504303216934204e-01
-4.096903651952743530e-02
8.135078102350234985e-02
6.472123414278030396e-02
-4.596649482846260071e-02
-4.547344148159027100e-02
1.292943954467773438e-01
4.201053082942962646e-02
-4.095374420285224915e-02
1.867515146732330322e-01
-4.717250913381576538e-02
-4.027946293354034424e-02
1.332920342683792114e-01
4.920154437422752380e-02
4.173650406301021576e-03
5.570710822939872742e-02
1.122892498970031738e-01
2.465538680553436279e-02
4.979657381772994995e-02
6.609008461236953735e-02
4.941421211697161198e-04
7.524507492780685425e-02
-2.040724605321884155e-01
8.999016880989074707e-02
-2.143869921565055847e-02
4.700661823153495789e-02
7.641419023275375366e-02
7.191862165927886963e-02
-5.586994811892509460e-02
7.749379426240921021e-02
-1.933403909206390381e-01
1.257864087820053101e-01
-5.722163617610931396e-02
-1.029400900006294250e-02
-9.768995642662048340e-02
-2.401575073599815369e-02
2.179116196930408478e-02
8.589425683021545410e-02
2.656246908009052277e-02
4.954215604811906815e-03
9.690777957439422607e-02
1.330154761672019958e-02
2.925490727648139000e-03
7.766697555780410767e-02
2.515744790434837341e-02
4.489773884415626526e-02
4.139892384409904480e-02
1.203986108303070068e-01
8.554178476333618164e-02
-2.806562930345535278e-02
3.413043171167373657e-02
3.853382542729377747e-02
4.826138541102409363e-02
2.537120599299669266e-03
-9.677536785602569580e-03
-7.983127236366271973e-02
9.104923345148563385e-03
-4.587081074714660645e-02
-4.594277217984199524e-02
-3.099887445569038391e-02
-8.258797228336334229e-02
4.860221222043037415e-02
7.132597267627716064e-02
-8.196754753589630127e-02
7.289343327283859253e-02
9.184876084327697754e-02
-2.140345051884651184e-02
2.190875858068466187e-01
-1.931977458298206329e-02
-7.179849594831466675e-02
1.083345115184783936e-01
6.596716493368148804e-02
5.783365294337272644e-02
7.255983352661132812e-02
4.906513541936874390e-02
9.723053127527236938e-02
-1.095192413777112961e-02
1.101930513978004456e-01
-8.352032303810119629e-02
3.215283527970314026e-02
7.195908576250076294e-02
-3.519476950168609619e-02
-1.521171927452087402e-01
4.547302052378654480e-02
