-1.109522700309753418e+00
-1.388496637344360352e+00
-1.283326625823974609e+00
-1.101740598678588867e+00
-3.042577393352985382e-02
-1.283412575721740723e+00
-1.402551174163818359e+00
-1.331997394561767578e+00
-6.858884096145629883e-01
-2.070776939392089844e+00
-1.266845583915710449e+00
-3.917600512504577637e-01
-1.691055059432983398e+00
-1.757132649421691895e+00
-1.046872258186340332e+00
-1.186712980270385742e+00
-1.325148582458496094e+00
-2.192256927490234375e+00
-4.635978043079376221e-01
-2.389098644256591797e+00
-1.172937035560607910e+00
-9.713219404220581055e-01
-1.101200222969055176e+00
-1.207712888717651367e+00
-1.870931863784790039e+00
-1.520251750946044922e+00
-1.398970603942871094e+00
-6.496821641921997070e-01
-1.468974590301513672e+00
-1.487244606018066406e+00
-8.810528516769409180e-01
-9.616768360137939453e-01
-9.498503208160400391e-01
-2.065624952316284180e+00
-2.162780761718750000e+00
-1.357651710510253906e+00
-1.001583456993103027e+00
-2.392837524414062500e+00
-1.274013996124267578e+00
-9.118098616600036621e-01
-5.655645728111267090e-01
-1.180740475654602051e+00
-1.467281818389892578e+00
-9.024885892868041992e-01
-2.372799158096313477e+00
-1.711033135652542114e-01
-2.368003129959106445e+00
-1.888932466506958008e+00
-9.138767719268798828e-01
-8.610674142837524414e-01
-1.380771279335021973e+00
-6.174390316009521484e-01
-8.228818178176879883e-01
-1.818219423294067383e+00
-1.439406752586364746e+00
-8.872138857841491699e-01
-5.839459896087646484e-01
-6.826515793800354004e-01
-1.109191298484802246e+00
-1.743541836738586426e+00
-1.604067325592041016e+00
-9.880433082580566406e-01
-1.234069347381591797e+00
-1.077717423439025879e+00
-1.627457380294799805e+00
-1.942611694335937500e+00
-1.721773147583007812e+00
-8.652377128601074219e-01
-7.209526896476745605e-01
-2.054449319839477539e+00
-9.110139012336730957e-01
-9.494508504867553711e-01
-1.704163074493408203e+00
-4.421472251415252686e-01
-1.122332438826560974e-01
-1.773920297622680664e+00
-4.652310311794281006e-01
-1.539656639099121094e+00
-1.939210295677185059e+00
-1.633625745773315430e+00
-1.893261194229125977e+00
-3.076997995376586914e+00
-1.343942403793334961e+00
-1.513540029525756836e+00
-1.131948232650756836e+00
-1.842114806175231934e+00
-1.889431834220886230e+00
-1.555891633033752441e+00
-1.270015120506286621e+00
-4.124906063079833984e-01
-3.196509480476379395e-01
-2.905759811401367188e-01
-8.477437496185302734e-01
-1.190384387969970703e+00
-1.795502185821533203e+00
-1.965855836868286133e+00
-9.118456840515136719e-01
-7.895471453666687012e-01
-1.712241411209106445e+00
-1.330144643783569336e+00
-2.034253597259521484e+00
-2.619887828826904297e+00
-3.994432091712951660e-01
-1.627778649330139160e+00
-1.853608369827270508e+00
-1.537831544876098633e+00
-1.193405508995056152e+00
-7.506655454635620117e-01
-1.317983865737915039e+00
-1.051770448684692383e+00
1.559792272746562958e-02
-1.181317329406738281e+00
-1.877807974815368652e+00
-9.132750630378723145e-01
-1.693256139755249023e+00
-1.148486852645874023e+00
-8.296071290969848633e-01
1.366586834192276001e-01
-1.457470655441284180e+00
-2.374593496322631836e+00
-3.742538690567016602e-01
-3.314176321029663086e+00
-4.034602940082550049e-01
-4.366679787635803223e-01
-1.553993701934814453e+00
-1.357842445373535156e+00
-1.694281578063964844e+00
-1.401353836059570312e+00
-9.731819033622741699e-01
-6.907959580421447754e-01
-1.449095010757446289e+00
-1.123155951499938965e+00
-4.315793812274932861e-01
-1.811881363391876221e-01
-1.402615547180175781e+00
-1.074605226516723633e+00
-2.442981719970703125e+00
-1.423609256744384766e+00
-1.404502034187316895e+00
-1.529322028160095215e+00
5.477823615074157715e-01
-2.546667814254760742e+00
-8.195070028305053711e-01
-9.180027246475219727e-01
-2.000396490097045898e+00
-1.944064617156982422e+00
-1.838510155677795410e+00
-1.561956167221069336e+00
-6.576189994812011719e-01
-2.361552000045776367e+00
-1.655048131942749023e+00
-1.047238707542419434e+00
-6.871797442436218262e-01
-1.147537946701049805e+00
-3.442046940326690674e-01
-1.414598941802978516e+00
-7.531090974807739258e-01
-1.664540410041809082e+00
-1.065430164337158203e+00
-9.125272631645202637e-01
-1.442193984985351562e+00
-1.281331777572631836e+00
-8.144802451133728027e-01
-7.833803892135620117e-01
-9.459441304206848145e-01
-1.583848714828491211e+00
-2.756970882415771484e+00
-1.908988356590270996e+00
-1.824661016464233398e+00
-1.914939880371093750e+00
-1.512496352195739746e+00
-1.141668438911437988e+00
-1.895861387252807617e+00
-1.877548098564147949e+00
-1.792215824127197266e+00
-3.812628984451293945e-01
-5.228059887886047363e-01
-2.271032571792602539e+00
-4.664835035800933838e-01
-1.575104475021362305e+00
-2.274313926696777344e+00
-9.206964969635009766e-01
-7.880890965461730957e-01
-1.252672076225280762e+00
-1.422352313995361328e+00
-1.930712223052978516e+00
-5.012062191963195801e-01
-2.234442949295043945e+00
-1.638582825660705566e+00
-7.900601625442504883e-01
-2.657393932342529297e+00
-2.277691841125488281e+00
-6.742578148841857910e-01
-1.213982582092285156e+00
-4.829477667808532715e-01
-1.251018404960632324e+00
-5.377032160758972168e-01
-1.569941520690917969e+00
-1.772934436798095703e+00
-7.072287797927856445e-01
