-1.753361970186233521e-01
-7.221487164497375488e-02
-1.199731379747390747e-01
-1.211629882454872131e-01
-1.452545821666717529e-01
-1.676761656999588013e-01
-7.511764764785766602e-02
-1.181527748703956604e-01
-2.370664179325103760e-01
-7.671990245580673218e-02
-1.689078807830810547e-01
-1.025373414158821106e-01
-1.287999302148818970e-01
-4.315099492669105530e-02
-1.016328409314155579e-01
-7.949469983577728271e-02
-8.190446346998214722e-02
-1.386490166187286377e-01
-3.586940839886665344e-02
-1.093879342079162598e-01
-1.389288008213043213e-01
-1.505618691444396973e-01
-1.191768124699592590e-01
-1.025061234831809998e-01
-9.719245880842208862e-02
-1.633852720260620117e-01
-1.145409047603607178e-01
-1.292999684810638428e-01
-8.114812523126602173e-02
-1.838649064302444458e-01
-7.328818738460540771e-02
-7.632899284362792969e-02
-1.115601956844329834e-01
-6.440692394971847534e-02
-3.680498898029327393e-02
-1.917082369327545166e-01
-9.155108034610748291e-02
-2.014677375555038452e-01
-1.313494443893432617e-01
-9.948782622814178467e-02
-8.907851576805114746e-02
-8.552771806716918945e-02
-1.854897886514663696e-01
-1.644282639026641846e-01
-1.225798428058624268e-01
-1.688596308231353760e-01
-1.580433547496795654e-01
-1.199281737208366394e-01
-1.757282316684722900e-01
-2.031613439321517944e-01
-1.622813642024993896e-01
-2.142384350299835205e-01
-1.569316387176513672e-01
-6.025780364871025085e-02
-1.938014477491378784e-01
-1.791285425424575806e-01
-2.114442437887191772e-01
-1.291529685258865356e-01
-1.410055160522460938e-01
-2.054740935564041138e-01
-7.881078124046325684e-02
-1.666069328784942627e-01
-1.083110347390174866e-01
-1.110254079103469849e-01
-1.220242157578468323e-01
-1.473277509212493896e-01
-1.872351318597793579e-01
-6.950103491544723511e-02
-1.330866664648056030e-01
-5.026518926024436951e-02
-1.382902711629867554e-01
-1.814507693052291870e-01
-1.155114248394966125e-01
-1.863902211189270020e-01
-1.058514341711997986e-01
-1.559701412916183472e-01
-1.147742867469787598e-01
-9.801866859197616577e-02
-1.416524499654769897e-01
-2.144019454717636108e-01
-1.094477623701095581e-01
-1.419043987989425659e-01
-1.723839193582534790e-01
-1.535902023315429688e-01
-9.280393272638320923e-02
-9.113848209381103516e-02
-9.298055619001388550e-02
-5.473962053656578064e-02
-1.121666729450225830e-01
-1.295739263296127319e-01
-2.029920220375061035e-01
-7.066644728183746338e-02
-6.513611227273941040e-02
-1.453829556703567505e-01
-1.660747975111007690e-01
-1.555388718843460083e-01
-1.382141560316085815e-01
-9.460638463497161865e-02
-8.887977153062820435e-02
-1.320332437753677368e-01
-6.067364290356636047e-02
-1.468137204647064209e-01
-1.300492286682128906e-01
-7.538937032222747803e-02
-1.281085461378097534e-01
-1.660145521163940430e-01
-8.656118065118789673e-02
-1.379069089889526367e-01
-1.342546492815017700e-01
-1.782165020704269409e-01
-1.054763272404670715e-01
-1.076502446085214615e-02
-7.564200460910797119e-02
-6.024866923689842224e-02
-1.061916053295135498e-01
-1.078129932284355164e-01
-8.660066872835159302e-02
-1.899940520524978638e-01
-1.556471437215805054e-01
-1.604527980089187622e-01
-1.547735035419464111e-01
-1.127588003873825073e-01
-1.809468716382980347e-01
-2.008949369192123413e-01
-1.888853311538696289e-01
-1.713715195655822754e-01
-1.733354926109313965e-01
-1.805065572261810303e-01
-1.202210485935211182e-01
-1.312371790409088135e-01
-1.897557824850082397e-01
-1.709343791007995605e-01
-1.097999960184097290e-01
-1.074656844139099121e-01
-7.911127805709838867e-02
-7.016911357641220093e-02
-1.365638673305511475e-01
-5.951138213276863098e-02
-4.419065639376640320e-02
-1.493737846612930298e-01
-1.581260263919830322e-01
-1.756033599376678467e-01
-2.965814061462879181e-02
-1.877539455890655518e-01
-8.999503403902053833e-02
-7.341250032186508179e-02
-1.726988255977630615e-01
-1.832514107227325439e-01
-1.618373245000839233e-01
-7.558012008666992188e-02
-2.122256308794021606e-01
-7.372233271598815918e-02
-1.441397964954376221e-01
-1.338397264480590820e-01
-1.619031429290771484e-01
-1.502487510442733765e-01
-1.323713511228561401e-01
-1.271906197071075439e-01
-9.114081412553787231e-02
-2.275104075670242310e-01
-1.053129583597183228e-01
-1.121484413743019104e-01
-2.073570191860198975e-01
-1.770579516887664795e-01
-1.960261017084121704e-01
-3.928775340318679810e-02
-6.565410643815994263e-02
-1.356131136417388916e-01
-1.078430488705635071e-01
-1.328385323286056519e-01
-7.806179672479629517e-02
-1.891639381647109985e-01
-1.597891598939895630e-01
-1.285342033952474594e-02
-7.867750525474548340e-02
-5.875036120414733887e-02
-1.445543467998504639e-01
-1.762842237949371338e-01
-1.640905886888504028e-01
-2.001384198665618896e-01
-9.271457791328430176e-02
-1.524368524551391602e-01
-1.589049249887466431e-01
-1.170192211866378784e-01
-1.800333857536315918e-01
-1.581317782402038574e-01
-1.025337651371955872e-01
-1.389284133911132812e-01
-1.041127070784568787e-01
-1.768329888582229614e-01
-8.348990231752395630e-02
-1.339182555675506592e-01
-1.096725091338157654e-01
-1.198454648256301880e-01
-1.791412979364395142e-01
-5.904395505785942078e-02
-1.484077274799346924e-01
-9.040026366710662842e-02
-5.337066948413848877e-02
-1.984820961952209473e-01
