2.754186391830444336e-01
1.052038669586181641e-01
-1.547346413135528564e-01
1.333004385232925415e-01
2.995553612709045410e-01
1.529212445020675659e-01
3.369407728314399719e-02
1.494466066360473633e-01
2.248334884643554688e-01
8.732096850872039795e-02
2.949934899806976318e-01
-1.321895420551300049e-01
1.413558870553970337e-01
1.830477416515350342e-01
4.161873459815979004e-02
6.032122299075126648e-02
2.571067810058593750e-01
2.280890345573425293e-01
8.515833318233489990e-02
1.826387196779251099e-01
