-1.593982875347137451e-01
-7.944605499505996704e-02
-5.823042243719100952e-02
-1.379403620958328247e-01
-9.129212796688079834e-02
-1.261603385210037231e-01
-8.694868534803390503e-02
-9.287441521883010864e-02
-4.737785831093788147e-02
-7.470775395631790161e-02
-1.772039383649826050e-01
-3.544922545552253723e-02
-1.628732532262802124e-01
-1.947641670703887939e-01
-7.417508959770202637e-02
-1.184792593121528625e-01
-2.044787853956222534e-01
-7.371100783348083496e-02
-9.326534718275070190e-02
-1.580019593238830566e-01
-6.560021638870239258e-02
-7.342521101236343384e-02
-5.933548882603645325e-02
-1.602075099945068359e-01
-1.846851855516433716e-01
-4.889356344938278198e-02
-1.115414202213287354e-01
-1.866108030080795288e-01
-1.744126528501510620e-01
-5.266518518328666687e-02
-1.334883868694305420e-01
-4.525612667202949524e-02
-1.573718637228012085e-01
-1.670585945248603821e-02
-8.768804371356964111e-02
-1.286159008741378784e-01
-1.358867585659027100e-01
-4.764384776353836060e-02
-4.457133635878562927e-02
-2.112100869417190552e-01
-1.150140985846519470e-01
-2.154671549797058105e-01
-1.634710729122161865e-01
-1.257992386817932129e-01
-2.256317138671875000e-01
-1.915366500616073608e-01
-1.513081640005111694e-01
-7.373014092445373535e-02
-1.919818520545959473e-01
-1.425825208425521851e-01
-1.784053593873977661e-01
-1.793984174728393555e-01
-9.244584292173385620e-02
-1.570123434066772461e-01
-1.342596560716629028e-01
-8.841601759195327759e-02
-1.318755894899368286e-01
-9.020694345235824585e-02
-1.904557496309280396e-01
-1.133025884628295898e-01
-1.023258715867996216e-01
-9.759424626827239990e-02
-5.628967657685279846e-02
-1.917213201522827148e-01
-8.807545155286788940e-02
-1.091134771704673767e-01
-1.857134848833084106e-01
-1.135961189866065979e-01
-1.134543493390083313e-01
-1.521079540252685547e-01
-1.255256533622741699e-01
-1.802520453929901123e-01
-9.244529902935028076e-02
-1.193101778626441956e-01
-7.869014889001846313e-02
-9.316036105155944824e-02
-1.217892616987228394e-01
-1.843470782041549683e-01
-1.313949674367904663e-01
-1.265664249658584595e-01
-1.402669548988342285e-01
-7.087428122758865356e-02
-1.127290874719619751e-01
-1.654988974332809448e-01
-6.034082546830177307e-02
-2.064491212368011475e-01
-1.883941441774368286e-01
-1.934051215648651123e-01
-8.330359309911727905e-02
-1.504133641719818115e-01
-7.521733641624450684e-02
-2.023142129182815552e-01
-1.981858760118484497e-01
-1.906760334968566895e-01
-1.542425900697708130e-01
-8.249910175800323486e-02
-6.998754292726516724e-02
-1.587190926074981689e-01
-1.533076912164688110e-01
-9.163421392440795898e-02
-9.133110195398330688e-02
-1.220063641667366028e-01
-2.235682606697082520e-01
-8.026257902383804321e-02
-1.321171075105667114e-01
-2.177922576665878296e-01
-1.058935821056365967e-01
-1.431491971015930176e-01
-7.661996781826019287e-02
-8.979672193527221680e-02
-4.106351733207702637e-02
-1.186055541038513184e-01
-1.688902080059051514e-01
-1.734816581010818481e-01
-1.826262623071670532e-01
-1.044492125511169434e-01
-5.386197939515113831e-02
-1.556714028120040894e-01
-1.124034523963928223e-01
-7.104372978210449219e-02
-5.683435499668121338e-02
-2.073155343532562256e-01
-1.555764675140380859e-01
-1.324057877063751221e-01
-2.270343750715255737e-01
-1.395458281040191650e-01
-1.973434239625930786e-01
-1.658926308155059814e-01
-1.134712398052215576e-01
-9.838772565126419067e-02
-1.069182604551315308e-01
-3.516500815749168396e-02
-5.765691772103309631e-02
-2.005438953638076782e-01
-1.575630605220794678e-01
-1.449795514345169067e-01
-4.444406926631927490e-02
-1.461758464574813843e-01
-1.012567207217216492e-01
-8.709267526865005493e-02
-8.170909434556961060e-02
-1.227381452918052673e-01
-1.466073393821716309e-01
-2.136230915784835815e-01
-8.886621892452239990e-02
-1.754395067691802979e-01
-4.070946574211120605e-02
-9.773232787847518921e-02
-8.980458229780197144e-02
-1.683289855718612671e-01
-6.728252768516540527e-02
-1.688286364078521729e-01
-9.471341222524642944e-02
-1.505225598812103271e-01
-2.181389480829238892e-01
-1.369827836751937866e-01
-7.499473541975021362e-02
-6.932376325130462646e-02
-1.009437218308448792e-01
-1.588125526905059814e-01
-9.935227036476135254e-02
-1.814757883548736572e-01
-1.143664419651031494e-01
-1.040737032890319824e-01
-9.417734295129776001e-02
-7.751653343439102173e-02
-6.773327291011810303e-02
-1.813362985849380493e-01
-1.422443240880966187e-01
-1.965659409761428833e-01
-1.172221750020980835e-01
-5.478333681821823120e-02
-1.288872659206390381e-01
-2.047110646963119507e-01
-8.468883484601974487e-02
-5.401661247014999390e-02
-7.987519353628158569e-02
-7.332339137792587280e-02
-2.198303639888763428e-01
-1.635643541812896729e-01
-1.025149002671241760e-01
-1.003039404749870300e-01
1.278772577643394470e-02
-8.497546613216400146e-02
-1.079833805561065674e-01
-7.848350703716278076e-02
-9.265580028295516968e-02
-9.240935742855072021e-02
-8.965957164764404297e-02
-1.405745893716812134e-01
-1.417085528373718262e-01
-1.562165021896362305e-01
-1.873040646314620972e-01
-7.248120009899139404e-02
-4.884353280067443848e-02
-1.284092217683792114e-01
-1.657851934432983398e-01
-1.690949648618698120e-01
-8.271653205156326294e-02
-8.499674499034881592e-02
