-1.649644970893859863e+00
-1.254412531852722168e+00
-2.270197868347167969e+00
-1.187179207801818848e+00
-1.618113219738006592e-01
2.636127769947052002e-01
-5.608223080635070801e-01
-8.583907485008239746e-01
-9.563602805137634277e-01
-1.217110037803649902e+00
-2.086672782897949219e+00
-1.331567883491516113e+00
-1.445661187171936035e+00
-1.143918156623840332e+00
-1.910507678985595703e+00
-1.523001074790954590e+00
-1.701425552368164062e+00
-1.567208290100097656e+00
-1.313199877738952637e+00
-1.103748157620429993e-01
-1.185638546943664551e+00
-1.299345374107360840e+00
-2.852305471897125244e-01
-1.331421613693237305e+00
-2.399789810180664062e+00
-6.948979496955871582e-01
-1.260659337043762207e+00
-5.634572505950927734e-01
-1.692102551460266113e+00
-1.175465583801269531e+00
-2.409646272659301758e+00
-1.702563285827636719e+00
-1.229265689849853516e+00
-1.128458380699157715e+00
-1.575462698936462402e+00
-8.638998866081237793e-01
-1.079722642898559570e+00
-2.064687490463256836e+00
-1.263207197189331055e+00
-5.868193879723548889e-02
-5.732051134109497070e-01
-8.224518299102783203e-01
-1.567544460296630859e+00
1.205947995185852051e-01
-6.593029499053955078e-01
-9.321048259735107422e-01
-6.649270653724670410e-01
-8.744642734527587891e-01
-2.465710401535034180e+00
-6.010072231292724609e-01
-1.099678158760070801e+00
-2.114657878875732422e+00
-1.868391513824462891e+00
-3.123496532440185547e+00
-1.575002551078796387e+00
-1.797919034957885742e+00
-1.401433467864990234e+00
-8.946270942687988281e-01
-1.046146392822265625e+00
-6.023909449577331543e-01
-6.076625585556030273e-01
-2.049729347229003906e+00
-1.331439018249511719e+00
-2.132621049880981445e+00
-2.032504081726074219e+00
-1.313155889511108398e+00
3.343596160411834717e-01
-1.128770351409912109e+00
-1.730800390243530273e+00
-2.244639635086059570e+00
-1.922099471092224121e+00
-9.178487658500671387e-01
-1.021295785903930664e+00
-2.206823825836181641e+00
-4.331882894039154053e-01
-5.434005260467529297e-01
-1.271726369857788086e+00
-1.197849869728088379e+00
-1.527737975120544434e+00
-1.780766487121582031e+00
-1.082581639289855957e+00
-2.175628423690795898e+00
-2.096603155136108398e+00
-1.835445404052734375e+00
-1.590248227119445801e+00
-2.001436203718185425e-01
-1.664350509643554688e+00
-1.583026289939880371e+00
-1.061167001724243164e+00
-1.448556542396545410e+00
-7.967044711112976074e-01
-1.856726050376892090e+00
-4.628446400165557861e-01
-9.436657428741455078e-01
-2.158002138137817383e+00
-1.239676713943481445e+00
-2.392206668853759766e+00
-1.280516028404235840e+00
-3.876153826713562012e-01
-8.050173521041870117e-01
-2.508309602737426758e+00
-1.358030557632446289e+00
-1.473594784736633301e+00
-1.530807495117187500e+00
-9.801459312438964844e-01
-1.189512491226196289e+00
-1.133942604064941406e+00
-4.705755114555358887e-01
-1.513543605804443359e+00
-1.738401770591735840e+00
-1.461927771568298340e+00
-1.301169991493225098e+00
-1.165333271026611328e+00
6.251069903373718262e-02
-1.891042947769165039e+00
-9.208248853683471680e-01
-2.539199113845825195e+00
-7.993483543395996094e-01
-2.385235071182250977e+00
-1.348497509956359863e+00
-8.168958425521850586e-01
-2.138238191604614258e+00
-7.244326472282409668e-01
-1.040218710899353027e+00
-1.802208900451660156e+00
-1.899757742881774902e+00
-1.725198268890380859e+00
-1.276832938194274902e+00
-1.107291340827941895e+00
-4.190024435520172119e-01
-1.706791281700134277e+00
-1.185024976730346680e+00
-1.220184326171875000e+00
-7.092558741569519043e-01
-1.001728296279907227e+00
-8.680477142333984375e-01
-4.773247241973876953e-01
-7.859973311424255371e-01
-7.152609825134277344e-01
-1.984283447265625000e+00
-7.118419408798217773e-01
-1.106326580047607422e+00
-1.896357774734497070e+00
-1.856910943984985352e+00
-2.940972089767456055e+00
-1.619314193725585938e+00
-5.015010833740234375e-01
1.895200312137603760e-01
-1.821997404098510742e+00
-1.650242805480957031e+00
-1.172638416290283203e+00
-1.457860946655273438e+00
-1.762688994407653809e+00
-2.438514232635498047e+00
-2.114284753799438477e+00
-1.638298034667968750e+00
-1.043322443962097168e+00
-5.620402693748474121e-01
-1.113388419151306152e+00
-1.019841790199279785e+00
-1.441821575164794922e+00
-1.602496385574340820e+00
-1.457808613777160645e+00
-2.085461616516113281e+00
-1.244721055030822754e+00
-1.078737378120422363e+00
-1.627572774887084961e+00
-3.179117679595947266e+00
-1.358465075492858887e+00
-5.449913740158081055e-01
-4.999160170555114746e-01
-1.482330799102783203e+00
-6.847867369651794434e-01
-9.662433266639709473e-01
1.251365803182125092e-02
-8.503756523132324219e-01
-4.519806504249572754e-01
-1.435258388519287109e+00
-1.914566755294799805e+00
-1.662504434585571289e+00
-1.533370494842529297e+00
-2.666598081588745117e+00
-2.549786090850830078e+00
-1.618503212928771973e+00
-1.583156108856201172e+00
-9.905604124069213867e-01
-8.023091554641723633e-01
-1.941724717617034912e-01
-1.481832742691040039e+00
-6.743005514144897461e-01
-1.945224285125732422e+00
-1.319598704576492310e-01
-1.849601268768310547e+00
-2.634181499481201172e+00
-1.446839570999145508e+00
-1.246677190065383911e-01
-1.719306826591491699e+00
-1.949425220489501953e+00
-5.220500826835632324e-01
7.323016878217458725e-03
