1.853749901056289673e-02
-1.734131240844726562e+01
-8.380132913589477539e-01
-7.248516559600830078e+00
-4.520263195037841797e+00
-1.260427570343017578e+01
-1.002077770233154297e+01
-1.356708431243896484e+01
7.692949771881103516e+00
-9.852864265441894531e+00
1.280979633331298828e+01
-4.936608314514160156e+00
-5.196059942245483398e-01
-9.032407760620117188e+00
1.732020616531372070e+00
-1.304346752166748047e+01
-8.043376922607421875e+00
-2.285824966430664062e+01
-1.734141540527343750e+01
-1.382569694519042969e+01
8.416629791259765625e+00
-8.168679237365722656e+00
-9.865228652954101562e+00
-1.182509803771972656e+01
-2.541953325271606445e-01
3.302514076232910156e+00
-1.735870361328125000e+01
-1.724511504173278809e+00
-4.418917179107666016e+00
-4.271404743194580078e+00
-7.763097286224365234e+00
1.115686607360839844e+01
-2.067579078674316406e+01
-4.212467193603515625e+00
4.696377217769622803e-01
-7.618413448333740234e+00
3.002064704895019531e+00
-2.594560050964355469e+01
-8.040094375610351562e+00
-3.287658452987670898e+00
-7.144859790802001953e+00
-1.631306457519531250e+01
-9.901944160461425781e+00
-6.671883583068847656e+00
-7.786124706268310547e+00
-3.055528879165649414e+00
-1.859187126159667969e+01
-1.262210464477539062e+01
-2.062372922897338867e+00
-8.513976097106933594e+00
-8.760009765625000000e+00
-1.951518440246582031e+01
1.993028640747070312e+00
-1.667714118957519531e+01
-2.153735542297363281e+01
-3.772846221923828125e+00
-1.187599277496337891e+01
1.315254974365234375e+01
-8.729952573776245117e-01
-3.334008216857910156e+00
-1.322376251220703125e+01
-1.487886714935302734e+01
-3.675777912139892578e+00
-1.150958061218261719e+00
-2.117390441894531250e+01
-1.627081871032714844e+01
-2.642432022094726562e+01
-1.669998931884765625e+01
-1.040346622467041016e+01
-2.837885665893554688e+01
-2.229195404052734375e+01
-8.433759689331054688e+00
6.247680187225341797e+00
3.150730133056640625e+00
-4.024586200714111328e+00
-1.418500900268554688e+01
-1.067013931274414062e+01
-9.803714752197265625e+00
-1.206534862518310547e+01
-8.365426063537597656e+00
-4.902103424072265625e+00
-4.797360897064208984e+00
-1.304259490966796875e+01
-8.329854011535644531e+00
-1.464926433563232422e+01
-9.242232322692871094e+00
-2.567845535278320312e+01
-2.425669479370117188e+01
2.742628574371337891e+00
8.534116744995117188e+00
-6.126683712005615234e+00
1.852689981460571289e+00
-1.398600959777832031e+01
-9.238879203796386719e+00
-2.190585517883300781e+01
2.178743839263916016e+00
2.198114156723022461e+00
-4.878723144531250000e+00
-5.252080440521240234e+00
-7.882421493530273438e+00
6.560735702514648438e+00
-1.109460735321044922e+01
-7.352196693420410156e+00
-1.377158546447753906e+01
8.977740287780761719e+00
-1.585427284240722656e+01
-5.934774398803710938e+00
1.158530330657958984e+01
-1.901183128356933594e+01
-1.801116561889648438e+01
-2.038592529296875000e+01
3.796369954943656921e-02
-5.620493412017822266e+00
-5.703352451324462891e+00
-1.551720333099365234e+01
-7.541746616363525391e+00
-1.003613948822021484e+01
-8.283543586730957031e+00
-2.219633865356445312e+01
-1.196600723266601562e+01
-7.213773250579833984e+00
-3.941722869873046875e+00
-1.239399051666259766e+01
-1.353574275970458984e+01
-9.419562339782714844e+00
-2.037634277343750000e+01
-4.717875480651855469e+00
-5.592649459838867188e+00
-5.150284767150878906e-01
-2.510248374938964844e+01
-2.329682731628417969e+01
-1.261591911315917969e+01
-9.653613090515136719e+00
7.087498903274536133e-02
-2.599049949645996094e+01
-2.765609979629516602e+00
-6.917223334312438965e-02
-8.472788810729980469e+00
1.237242341041564941e+00
-1.293967723846435547e+01
-1.436596775054931641e+01
-6.871453762054443359e+00
-6.286065578460693359e-01
-2.212726831436157227e+00
-1.586487674713134766e+01
-1.214822196960449219e+01
-9.403112411499023438e+00
-3.615681409835815430e+00
7.915487766265869141e+00
8.652893066406250000e+00
-3.069505214691162109e+00
-8.533803939819335938e+00
1.042999649047851562e+01
-1.044952154159545898e+00
1.055247592926025391e+01
-2.026704216003417969e+01
-8.896400451660156250e+00
3.534880578517913818e-01
4.725934982299804688e+00
5.270354151725769043e-01
-5.198670387268066406e+00
-2.090018844604492188e+01
6.355023384094238281e+00
-9.948875427246093750e+00
8.641704559326171875e+00
-7.487469196319580078e+00
-7.727158665657043457e-01
-5.743014335632324219e+00
-9.801266670227050781e+00
-2.163065147399902344e+01
-8.509291648864746094e+00
-1.466197204589843750e+01
1.687498855590820312e+01
-1.228344154357910156e+01
-2.687525558471679688e+01
-5.067440986633300781e+00
-2.537634468078613281e+01
-9.713740348815917969e+00
-9.928989410400390625e+00
1.332572460174560547e+01
-1.429627704620361328e+01
-6.152960300445556641e+00
-2.178274726867675781e+01
-1.363100528717041016e+00
4.022503376007080078e+00
-5.242759227752685547e+00
-1.751027488708496094e+01
-4.790664613246917725e-01
-9.864334106445312500e+00
5.148113250732421875e+00
-4.933641910552978516e+00
-5.776653289794921875e+00
-1.288152980804443359e+01
-8.364741325378417969e+00
-4.272744178771972656e+00
1.440931797027587891e+00
-1.257939147949218750e+01
-3.498020410537719727e+00
1.823573708534240723e+00
8.669449806213378906e+00
