1.374128311872482300e-01
3.380417823791503906e-01
1.342659890651702881e-01
-7.092758268117904663e-02
9.490961581468582153e-02
2.088994532823562622e-01
-4.974083602428436279e-02
-6.803575158119201660e-02
9.680896252393722534e-02
4.067411646246910095e-02
8.228887803852558136e-03
6.829085946083068848e-02
1.826486885547637939e-01
-2.186825685203075409e-02
-1.420849114656448364e-01
5.105932429432868958e-02
2.280466258525848389e-01
1.546864956617355347e-01
2.920733690261840820e-01
2.617014385759830475e-02
3.115075230598449707e-01
1.744070500135421753e-01
-8.645588159561157227e-02
-2.435658127069473267e-03
1.594945043325424194e-01
9.562930464744567871e-02
7.396773248910903931e-02
1.679855287075042725e-01
-7.367685437202453613e-02
-2.517088651657104492e-01
