-5.406942963600158691e-01
-5.169140696525573730e-01
-9.557879567146301270e-01
-3.548693358898162842e-01
-4.286653995513916016e-01
-3.063944540917873383e-02
-5.945322513580322266e-01
-4.328121840953826904e-01
-6.966742873191833496e-01
-4.218897819519042969e-01
-1.070019841194152832e+00
-7.934529781341552734e-01
-6.062392592430114746e-01
-8.332889676094055176e-01
-1.038717985153198242e+00
-3.926151096820831299e-01
-7.371429204940795898e-01
-5.941663980484008789e-01
-5.994499921798706055e-01
-7.471991181373596191e-01
-8.292674422264099121e-01
-5.494524240493774414e-01
-7.778010964393615723e-01
-5.586528778076171875e-01
-5.481045246124267578e-01
-5.781266689300537109e-01
-6.285980939865112305e-01
-5.854086875915527344e-01
-2.409600615501403809e-01
-3.657107651233673096e-01
-5.544317364692687988e-01
-6.618697643280029297e-01
-1.692196279764175415e-01
-8.385446667671203613e-01
-3.960224390029907227e-01
-8.003633022308349609e-01
-8.463833928108215332e-01
-2.927515506744384766e-01
-6.705917119979858398e-01
-5.641274452209472656e-01
-5.489785075187683105e-01
-8.814596533775329590e-01
-5.251091718673706055e-01
-7.471653819084167480e-01
-1.034002065658569336e+00
-3.906446993350982666e-01
-7.274734377861022949e-01
-2.940509915351867676e-01
-5.900367498397827148e-01
-6.643559932708740234e-01
-4.593658745288848877e-01
-9.537321329116821289e-01
-1.026684165000915527e+00
-7.913633584976196289e-01
-3.599736690521240234e-01
-5.470809340476989746e-01
-8.132315874099731445e-01
-8.680084943771362305e-01
-9.118829965591430664e-01
-5.985319614410400391e-01
-7.346680164337158203e-01
-8.498201966285705566e-01
-6.763476133346557617e-01
-3.808835744857788086e-01
-5.410681366920471191e-01
-3.186977654695510864e-02
-6.748951077461242676e-01
-6.508454680442810059e-01
-6.132481694221496582e-01
-6.232309937477111816e-01
-7.790960669517517090e-01
-5.044337511062622070e-01
-5.944398045539855957e-01
-6.260839700698852539e-01
-5.974634885787963867e-01
-6.999409198760986328e-01
-6.014782190322875977e-01
-9.812777638435363770e-01
-3.640797138214111328e-01
-8.340502381324768066e-01
-3.677402734756469727e-01
-7.581010460853576660e-01
-5.584574341773986816e-01
-6.189387440681457520e-01
-7.534821629524230957e-01
-8.220467567443847656e-01
-4.716163575649261475e-01
-8.312402367591857910e-01
-3.558712005615234375e-01
-7.333010435104370117e-01
-6.198633313179016113e-01
-6.575296521186828613e-01
-6.070559620857238770e-01
-4.958039522171020508e-01
-2.202405780553817749e-01
-7.138451337814331055e-01
-4.602309465408325195e-01
-7.288964986801147461e-01
-8.440876007080078125e-01
-6.778628230094909668e-01
-7.025976181030273438e-01
-9.264299273490905762e-01
-8.195322751998901367e-01
-8.781940937042236328e-01
-5.152637362480163574e-01
-5.125011801719665527e-01
-7.847813963890075684e-01
-5.544264316558837891e-01
-3.387149572372436523e-01
-7.127459049224853516e-01
-1.374061703681945801e-01
-7.287826538085937500e-01
-5.536126494407653809e-01
-6.040002107620239258e-01
-1.105708241462707520e+00
-5.167183876037597656e-01
-6.281833648681640625e-01
-4.545460939407348633e-01
-2.790852785110473633e-01
-6.691900491714477539e-01
-7.174315452575683594e-01
-6.963568329811096191e-01
-3.666349351406097412e-01
-6.699952483177185059e-01
-7.413704991340637207e-01
-7.286528944969177246e-01
-8.593087196350097656e-01
-7.321535348892211914e-01
-3.945249021053314209e-01
-5.823073983192443848e-01
-7.718846797943115234e-01
-8.644415736198425293e-01
-6.180180907249450684e-01
-8.572750091552734375e-01
-1.098806381225585938e+00
-2.998332679271697998e-01
-1.054026246070861816e+00
-7.162461280822753906e-01
-8.227773904800415039e-01
-7.974169850349426270e-01
-7.591832876205444336e-01
-7.142598628997802734e-01
-4.492687284946441650e-01
-7.089107036590576172e-01
-5.587143301963806152e-01
-8.740846514701843262e-01
-4.476207494735717773e-01
-6.593520641326904297e-01
-9.332644939422607422e-01
-5.882748961448669434e-01
-9.746272563934326172e-01
-4.487524926662445068e-01
-5.565462112426757812e-01
-5.286114811897277832e-01
-6.923351883888244629e-01
-6.117742657661437988e-01
-1.928035318851470947e-01
-6.937640309333801270e-01
-1.046240210533142090e+00
-5.904354453086853027e-01
-8.425917029380798340e-01
-6.712813377380371094e-01
-8.362020850181579590e-01
-4.136671423912048340e-01
-6.764442324638366699e-01
-4.733064770698547363e-01
-3.712487220764160156e-01
-6.578736901283264160e-01
-5.772086977958679199e-01
-5.499363541603088379e-01
-7.134298682212829590e-01
-7.470167875289916992e-01
-8.598285317420959473e-01
-6.519280076026916504e-01
-4.387148916721343994e-01
-8.643522858619689941e-01
-5.424163341522216797e-01
-6.046926975250244141e-01
-6.735482811927795410e-01
-4.411435425281524658e-01
-4.711315333843231201e-01
-4.267865419387817383e-01
-4.458310604095458984e-01
-8.727165460586547852e-01
-7.456297874450683594e-01
-5.959461331367492676e-01
-4.713367819786071777e-01
-6.565131545066833496e-01
-5.220664739608764648e-01
-1.166701078414916992e+00
-5.259982943534851074e-01
-6.245766878128051758e-01
-7.503336668014526367e-01
-4.989540278911590576e-01
-7.510491013526916504e-01
-9.954932928085327148e-01
-7.439739108085632324e-01
-8.219559192657470703e-01
-5.670803785324096680e-01
-1.018762469291687012e+00
