1.970139741897583008e-01
-2.255123108625411987e-01
1.824059337377548218e-01
-1.616939716041088104e-02
-1.680302023887634277e-01
8.063305914402008057e-02
2.042590379714965820e-01
-7.048591226339340210e-02
-1.149923726916313171e-01
5.810022726655006409e-02
1.919727921485900879e-01
-6.656569242477416992e-02
1.521376073360443115e-01
1.678401678800582886e-01
8.516381680965423584e-02
-2.414760142564773560e-01
3.353680372238159180e-01
1.877733170986175537e-01
1.108404472470283508e-01
3.807331668213009834e-03
-4.915211349725723267e-03
8.170747011899948120e-02
2.558323554694652557e-02
1.530205179005861282e-02
5.831979960203170776e-02
1.378574818372726440e-01
2.607426643371582031e-01
-2.197300270199775696e-02
3.573439642786979675e-02
5.289467796683311462e-02
