-2.009627819061279297e-01
-9.191564470529556274e-02
-1.079855561256408691e-01
-2.336449474096298218e-01
-2.073265910148620605e-01
-1.697541177272796631e-01
-1.355343461036682129e-01
-2.493168711662292480e-01
-1.713853925466537476e-01
-1.064912825822830200e-01
-2.625852525234222412e-01
-2.158387005329132080e-01
-1.950506269931793213e-01
-1.931157708168029785e-01
-1.395820379257202148e-01
-1.469352245330810547e-01
-1.587901860475540161e-01
-1.401501148939132690e-01
-1.958046555519104004e-01
-1.312405467033386230e-01
-1.257382035255432129e-01
-1.332877725362777710e-01
-1.514942646026611328e-01
-2.474476099014282227e-01
-2.928249537944793701e-01
-1.138958036899566650e-01
-1.928073316812515259e-01
-2.442602962255477905e-01
-1.506052464246749878e-01
-1.207803264260292053e-01
-1.245183721184730530e-01
-2.239163517951965332e-01
-8.896140009164810181e-02
-1.307094693183898926e-01
-1.956925094127655029e-01
-1.610058546066284180e-01
-2.014273405075073242e-01
-1.588208824396133423e-01
-1.403693556785583496e-01
-2.135164588689804077e-01
-2.973091304302215576e-01
-1.419237852096557617e-01
-1.666084676980972290e-01
-1.699875593185424805e-01
-2.066978514194488525e-01
-2.631492614746093750e-01
-9.584415704011917114e-02
-1.270798146724700928e-01
-2.179031074047088623e-01
-2.967808246612548828e-01
-9.804485738277435303e-02
-1.998562514781951904e-01
-1.727378517389297485e-01
-1.237979158759117126e-01
-2.785033583641052246e-01
-1.930566877126693726e-01
-1.653302013874053955e-01
-2.091262340545654297e-01
-4.981086775660514832e-02
-1.816792786121368408e-01
-1.718407422304153442e-01
-1.270594745874404907e-01
-2.225339114665985107e-01
-1.194974333047866821e-01
-1.214674264192581177e-01
-2.488282620906829834e-01
-1.451822370290756226e-01
-2.387338727712631226e-01
-9.543756395578384399e-02
-1.473630964756011963e-01
-1.993966400623321533e-01
-1.691270619630813599e-01
-1.743082702159881592e-01
-2.109853774309158325e-01
-1.496240943670272827e-01
-2.165200114250183105e-01
-2.277352958917617798e-01
-1.636647880077362061e-01
-1.907649934291839600e-01
-2.300935536623001099e-01
-1.558303683996200562e-01
-4.433488100767135620e-02
-1.560627669095993042e-01
-9.030731767416000366e-02
-1.381233185529708862e-01
-1.613580137491226196e-01
-1.238880157470703125e-01
-1.842468082904815674e-01
-1.526409089565277100e-01
-1.727135479450225830e-01
-1.352246254682540894e-01
-1.445831805467605591e-01
-1.080334335565567017e-01
-1.190405935049057007e-01
-2.143247425556182861e-01
-1.505578160285949707e-01
-2.278175503015518188e-01
-1.987252682447433472e-01
-2.658337056636810303e-01
-1.265918463468551636e-01
-2.188465595245361328e-01
-2.130668163299560547e-01
-1.824190020561218262e-01
-1.414514780044555664e-01
-1.351927369832992554e-01
-2.314079850912094116e-01
-2.526529133319854736e-01
-2.374485284090042114e-01
-9.153941273689270020e-02
-2.048794329166412354e-01
-3.377542495727539062e-01
-2.864988148212432861e-01
-1.913564354181289673e-01
-2.496984153985977173e-01
-2.056792229413986206e-01
-1.412285864353179932e-01
-1.613129526376724243e-01
-2.173312902450561523e-01
-2.899353504180908203e-01
-5.748957023024559021e-02
-2.489240020513534546e-01
-1.684713065624237061e-01
-1.705445051193237305e-01
-1.757212132215499878e-01
-1.344452649354934692e-01
-1.687610447406768799e-01
-1.075878813862800598e-01
-3.260806798934936523e-01
-1.621114611625671387e-01
-7.523752748966217041e-03
-1.599811017513275146e-01
-1.430810987949371338e-01
-1.290075182914733887e-01
-2.333005070686340332e-01
-1.345226168632507324e-01
-1.326728463172912598e-01
-9.036223590373992920e-02
-1.919866949319839478e-01
-1.487444639205932617e-01
-1.959772557020187378e-01
-1.033564209938049316e-01
-2.253495752811431885e-01
-1.949240416288375854e-01
-1.550096720457077026e-01
-2.608915865421295166e-01
-4.103535786271095276e-02
-2.359792888164520264e-01
-2.321544140577316284e-01
-6.585104763507843018e-02
-2.294436991214752197e-01
-1.744326949119567871e-01
-9.101224690675735474e-02
-2.669475376605987549e-01
-1.599861681461334229e-01
-1.190070509910583496e-01
-6.984279304742813110e-02
-1.062836721539497375e-01
-1.846453398466110229e-01
-2.978255748748779297e-01
-2.497601658105850220e-01
-2.161585688591003418e-01
-2.553263008594512939e-01
-2.845949232578277588e-01
-9.374085068702697754e-02
-2.067979723215103149e-01
-1.591942012310028076e-01
-3.070943355560302734e-01
-1.810571402311325073e-01
-2.848563790321350098e-01
-1.118995472788810730e-01
-2.719875574111938477e-01
-2.619520425796508789e-01
-2.513026595115661621e-01
-1.907418668270111084e-01
-2.718358933925628662e-01
-1.087354272603988647e-01
-2.075531780719757080e-01
-1.371911019086837769e-01
-2.102326452732086182e-01
-2.936242818832397461e-01
-5.351935699582099915e-02
-1.376152485609054565e-01
-1.368041634559631348e-01
-1.910293102264404297e-01
-2.779144942760467529e-01
-1.162821948528289795e-01
-1.429419517517089844e-01
-1.052057147026062012e-01
-9.892196953296661377e-02
-1.914405375719070435e-01
-1.970918774604797363e-01
-2.739438414573669434e-01
-1.662011742591857910e-01
-8.270820230245590210e-02
-1.128286421298980713e-01
-2.638405859470367432e-01
-1.534546315670013428e-01
-7.451661676168441772e-02
-2.479783445596694946e-01
-1.673190593719482422e-01
