-1.674355030059814453e+00
-1.016035556793212891e+00
-7.730740308761596680e-01
-3.625498712062835693e-02
-2.255903005599975586e+00
-1.021835565567016602e+00
-1.425250411033630371e+00
-7.939166426658630371e-01
-1.294391870498657227e+00
-9.079063534736633301e-01
-2.331970214843750000e+00
-1.054113864898681641e+00
-1.095795869827270508e+00
-1.687541127204895020e+00
-1.128472924232482910e+00
-1.521240234375000000e+00
-1.633583426475524902e+00
-1.489847183227539062e+00
-1.132615327835083008e+00
-1.379864573478698730e+00
-7.889080047607421875e-01
9.622512757778167725e-02
-9.403718113899230957e-01
-1.310189127922058105e+00
-1.312293410301208496e+00
-1.667507290840148926e+00
-1.580004096031188965e+00
-2.266076326370239258e+00
-2.298973798751831055e+00
-1.832545638084411621e+00
-1.258912920951843262e+00
-2.922767996788024902e-01
-2.204607725143432617e+00
-4.921191334724426270e-01
-2.003150224685668945e+00
-1.685615658760070801e+00
-7.474742531776428223e-01
-1.548744082450866699e+00
-9.393550157546997070e-01
-1.432826995849609375e+00
-3.003326654434204102e-01
-1.672785043716430664e+00
-1.279440045356750488e+00
-7.210583090782165527e-01
-1.033670425415039062e+00
-2.506506145000457764e-01
-1.066442847251892090e+00
-5.814428925514221191e-01
-1.963837862014770508e+00
-1.343808412551879883e+00
-1.226073145866394043e+00
-1.046257853507995605e+00
-1.094737648963928223e+00
-1.968153595924377441e+00
3.027263879776000977e-01
-1.587034106254577637e+00
-1.470676302909851074e+00
-8.175666928291320801e-01
-7.371834665536880493e-02
-1.491556644439697266e+00
-6.276271343231201172e-01
-3.905266523361206055e-01
-8.640862703323364258e-01
-1.216166853904724121e+00
-2.176969051361083984e+00
-2.108045339584350586e+00
-1.286584258079528809e+00
-2.003604888916015625e+00
-1.120444655418395996e+00
-1.245875835418701172e+00
-9.675452113151550293e-01
-2.088887929916381836e+00
-1.413848996162414551e+00
-8.732940554618835449e-01
-1.527248620986938477e+00
-3.457119166851043701e-01
-1.221979975700378418e+00
-8.815161585807800293e-01
-2.134553909301757812e+00
-3.654038906097412109e-01
-1.007652521133422852e+00
-2.623608350753784180e+00
-1.422143220901489258e+00
-2.025656461715698242e+00
-1.293622732162475586e+00
-9.627133607864379883e-01
-1.201499581336975098e+00
-2.413334846496582031e-01
-8.756130337715148926e-01
-1.788007736206054688e+00
-1.840611100196838379e+00
-1.626983165740966797e+00
-1.792618989944458008e+00
-8.713269829750061035e-01
-7.146242856979370117e-01
-8.817096352577209473e-01
-9.569550752639770508e-01
-1.508052468299865723e+00
-1.736675977706909180e+00
-1.734239339828491211e+00
-1.569928646087646484e+00
-1.054158687591552734e+00
-9.901784062385559082e-01
-3.609093129634857178e-01
-1.426550388336181641e+00
-3.354929089546203613e-01
-8.611468672752380371e-01
-2.073312997817993164e+00
6.827381849288940430e-01
-1.367232799530029297e+00
-8.576645851135253906e-01
-1.435986518859863281e+00
-6.867032051086425781e-01
-2.173722028732299805e+00
-2.857970714569091797e+00
-1.573730707168579102e+00
-2.120324850082397461e+00
-2.271490097045898438e+00
-3.547334969043731689e-01
-1.430488944053649902e+00
-1.067792177200317383e+00
-6.819062829017639160e-01
-1.349982976913452148e+00
-1.143066763877868652e+00
-1.120275020599365234e+00
-6.744531989097595215e-01
-1.658484101295471191e+00
-2.468649625778198242e+00
-1.251942396163940430e+00
-5.109308362007141113e-01
-8.950449228286743164e-01
-1.253380656242370605e+00
-1.517945528030395508e+00
-1.205289244651794434e+00
-1.986130714416503906e+00
-2.781461000442504883e+00
-7.103154063224792480e-01
-8.145802617073059082e-01
-1.068284153938293457e+00
-1.499137639999389648e+00
-1.060376524925231934e+00
-1.229314088821411133e+00
-1.684915423393249512e+00
-1.548378467559814453e+00
-1.567121505737304688e+00
-9.432482123374938965e-01
-2.179822444915771484e+00
-3.332041501998901367e-01
-1.685561090707778931e-01
-1.516763329505920410e+00
-1.361553072929382324e+00
-8.636313676834106445e-01
-4.933286607265472412e-01
-2.026454925537109375e+00
-1.837502002716064453e+00
-4.601708650588989258e-01
-1.102255582809448242e+00
-2.252515554428100586e+00
-2.303518772125244141e+00
-8.278909921646118164e-01
-1.829653739929199219e+00
-1.464006543159484863e+00
-4.396887123584747314e-01
-1.681311488151550293e+00
-2.317593097686767578e+00
-1.598307013511657715e+00
-1.380226612091064453e+00
-1.349593877792358398e+00
-1.033727645874023438e+00
-2.344409465789794922e+00
-5.675421953201293945e-01
-1.285686373710632324e+00
-1.487542629241943359e+00
-1.230762720108032227e+00
-7.151272892951965332e-01
-1.270787239074707031e+00
-1.354190945625305176e+00
3.009761571884155273e-01
-6.661663055419921875e-01
-1.252894163131713867e+00
-1.853187799453735352e+00
-2.340253114700317383e+00
-1.201024651527404785e+00
-1.923253059387207031e+00
-2.137384414672851562e+00
-2.165936470031738281e+00
-1.278218746185302734e+00
-1.002393722534179688e+00
-1.125256419181823730e+00
-7.170500159263610840e-01
-2.908318936824798584e-01
-9.858768582344055176e-01
-1.541913866996765137e+00
-1.202122926712036133e+00
-1.685940623283386230e+00
-2.516640424728393555e+00
-2.764938354492187500e+00
-1.503808140754699707e+00
-1.311471462249755859e+00
-1.022577643394470215e+00
