2.620759606361389160e-01
-1.734568476676940918e-01
-8.482812345027923584e-02
-1.033934801816940308e-01
8.896147459745407104e-02
7.045292109251022339e-02
1.698332428932189941e-01
1.823075562715530396e-01
-9.975665062665939331e-02
-2.076849490404129028e-01
2.182647585868835449e-01
1.010540053248405457e-01
4.712738096714019775e-02
4.136341437697410583e-02
1.468275785446166992e-01
2.741949856281280518e-01
-1.146330460906028748e-01
2.897056005895137787e-02
4.043942689895629883e-01
4.894066154956817627e-01
