-2.857243418693542480e-01
-3.856026828289031982e-01
-1.307572126388549805e-01
-2.766573131084442139e-01
-2.297463268041610718e-01
-1.459904611110687256e-01
-4.101550206542015076e-02
-2.368628382682800293e-01
-2.191578000783920288e-01
-2.496205568313598633e-01
-2.741490900516510010e-01
-2.990204095840454102e-01
-3.926069140434265137e-01
-1.700606942176818848e-01
-3.564944565296173096e-01
-2.719648778438568115e-01
-2.440463900566101074e-01
-3.831607103347778320e-01
-3.596048951148986816e-01
-2.417579740285873413e-01
-8.647112548351287842e-02
-3.063089251518249512e-01
-2.568131685256958008e-01
-1.463086605072021484e-01
-1.645382791757583618e-01
-3.416225314140319824e-01
-3.091279864311218262e-01
-1.183648705482482910e-01
-2.466603964567184448e-01
-3.280758857727050781e-01
-3.199895322322845459e-01
-2.181375920772552490e-01
-1.824401766061782837e-01
-1.328986585140228271e-01
-3.181528449058532715e-01
-3.528399467468261719e-01
-3.134721219539642334e-01
-4.036686718463897705e-01
-2.650298476219177246e-01
-4.004110395908355713e-01
-3.992626368999481201e-01
-2.358697950839996338e-01
-3.416649997234344482e-01
-3.633813858032226562e-01
-3.703084290027618408e-01
-4.462766349315643311e-01
-2.150734215974807739e-01
-1.681063473224639893e-01
-2.425282448530197144e-01
-2.816124260425567627e-01
-3.180126547813415527e-01
-1.603046059608459473e-01
-3.867493569850921631e-01
-3.013905584812164307e-01
-2.671925127506256104e-01
-3.732104897499084473e-01
-3.317229449748992920e-01
-2.995431125164031982e-01
-1.647735238075256348e-01
-2.040294259786605835e-01
-3.713918626308441162e-01
-1.547593325376510620e-01
-3.778306245803833008e-01
-3.179984986782073975e-01
-3.884004056453704834e-01
-2.739648520946502686e-01
-4.337676763534545898e-01
-3.287294209003448486e-01
-3.253061771392822266e-01
-2.071914076805114746e-01
-3.488776385784149170e-01
-2.288904637098312378e-01
-1.228494569659233093e-01
-2.198941111564636230e-01
-4.674149155616760254e-01
-1.909698992967605591e-01
-3.682967126369476318e-01
-3.589916825294494629e-01
-3.880119025707244873e-01
-2.977581620216369629e-01
-3.875468373298645020e-01
-1.703210920095443726e-01
-2.492385506629943848e-01
-3.219197094440460205e-01
-2.664148807525634766e-01
-1.952718049287796021e-01
-3.883077800273895264e-01
-2.841866016387939453e-01
-3.333025872707366943e-01
-2.032863199710845947e-01
-2.163527458906173706e-01
-3.607475459575653076e-01
-2.346504032611846924e-01
-2.586220502853393555e-01
-2.857625484466552734e-01
-3.367045819759368896e-01
-3.147190809249877930e-01
-2.375724464654922485e-01
-1.546391248703002930e-01
-2.805372774600982666e-01
-4.260674417018890381e-01
-2.635216712951660156e-01
-4.280926883220672607e-01
-2.383612245321273804e-01
-1.025244370102882385e-01
-3.847195804119110107e-01
-2.741997539997100830e-01
-3.430078327655792236e-01
-1.311944276094436646e-01
-2.463497519493103027e-01
-3.589916825294494629e-01
-1.641199588775634766e-01
-3.925196230411529541e-01
-2.627041637897491455e-01
-2.640463411808013916e-01
-4.393318593502044678e-01
-3.572517335414886475e-01
-2.192622423171997070e-01
-3.918052315711975098e-01
-3.688178956508636475e-01
-3.690148890018463135e-01
-3.180801570415496826e-01
-3.895577490329742432e-01
-1.496454328298568726e-01
-2.577235698699951172e-01
-2.027175575494766235e-01
-2.721039950847625732e-01
-2.213777899742126465e-01
-3.811070621013641357e-01
-2.006430923938751221e-01
-3.469073474407196045e-01
-2.277607619762420654e-01
-2.182785421609878540e-01
-4.821666479110717773e-01
-2.846789360046386719e-01
-2.339831441640853882e-01
-2.613803744316101074e-01
-3.082464039325714111e-01
-3.629285395145416260e-01
-2.390773892402648926e-01
-2.758582830429077148e-01
-3.574157357215881348e-01
-2.420807182788848877e-01
-2.165144383907318115e-01
-1.904623508453369141e-01
-2.642071843147277832e-01
-3.009899258613586426e-01
-1.998825818300247192e-01
-2.734306156635284424e-01
-2.172545194625854492e-01
-2.647615373134613037e-01
-1.895023584365844727e-01
-3.134117722511291504e-01
-2.592995166778564453e-01
-3.331395983695983887e-01
-1.661793440580368042e-01
-2.175731360912322998e-01
-3.892856240272521973e-01
-3.291987776756286621e-01
-2.392714619636535645e-01
-3.698250651359558105e-01
-4.913989901542663574e-01
-4.176435172557830811e-01
-4.646145403385162354e-01
-4.184971451759338379e-01
-3.648485243320465088e-01
-3.652226626873016357e-01
-2.985861897468566895e-01
-1.323289126157760620e-01
-3.727935552597045898e-01
-3.072772920131683350e-01
-1.291789859533309937e-01
-3.466777801513671875e-01
-2.736216485500335693e-01
-3.147296607494354248e-01
-3.997383117675781250e-01
-2.961608767509460449e-01
-2.681380510330200195e-01
-2.886744439601898193e-01
-8.852003514766693115e-02
-2.378585785627365112e-01
-1.409131884574890137e-01
-4.741496443748474121e-01
-3.098981082439422607e-01
-2.103380858898162842e-01
-2.805607020854949951e-01
-3.397052884101867676e-01
-3.626616001129150391e-01
-3.065732717514038086e-01
-2.550216019153594971e-01
-2.945807576179504395e-01
-2.964067757129669189e-01
-3.431564569473266602e-01
-2.430087029933929443e-01
-1.614330112934112549e-01
-2.200522124767303467e-01
-2.006810158491134644e-01
-3.235280811786651611e-01
-3.446859419345855713e-01
-3.181475102901458740e-01
