-2.386733293533325195e-01
-3.028088212013244629e-01
-3.354174196720123291e-01
-2.864167988300323486e-01
-2.917191982269287109e-01
-1.895546317100524902e-01
-3.812867403030395508e-01
-2.614291012287139893e-01
-1.249520704150199890e-01
-3.084684014320373535e-01
-2.643129527568817139e-01
-3.552276790142059326e-01
-2.212211191654205322e-01
-2.034609615802764893e-01
-3.546597659587860107e-01
-4.039718210697174072e-01
-2.070147991180419922e-01
-1.691431999206542969e-01
-1.600509434938430786e-01
-3.845079839229583740e-01
-1.996520459651947021e-01
-2.425270676612854004e-01
-3.119481801986694336e-01
-2.366106212139129639e-01
-2.712073624134063721e-01
-5.933858081698417664e-02
-2.751146256923675537e-01
-3.342836499214172363e-01
-3.113174438476562500e-01
-3.528610467910766602e-01
-2.462698072195053101e-01
-2.411222457885742188e-01
-4.359916448593139648e-01
-2.534455358982086182e-01
-1.803936213254928589e-01
-2.770415842533111572e-01
-2.894742190837860107e-01
-2.158757597208023071e-01
-3.221755027770996094e-01
-3.968741595745086670e-01
-1.783052533864974976e-01
-3.433753550052642822e-01
-2.371689528226852417e-01
-4.029235839843750000e-01
-3.305043280124664307e-01
-4.013633131980895996e-01
-4.202990829944610596e-01
-2.572349607944488525e-01
-2.303920537233352661e-01
-2.473252564668655396e-01
-1.753309965133666992e-01
-2.621930241584777832e-01
-3.513222932815551758e-01
-2.080831229686737061e-01
-4.998804926872253418e-01
-3.125847280025482178e-01
-3.023501038551330566e-01
-2.111233025789260864e-01
-4.118546545505523682e-01
-1.815646439790725708e-01
-2.012382745742797852e-01
-1.620479971170425415e-01
-3.221271932125091553e-01
-3.458921313285827637e-01
-2.010289281606674194e-01
-3.833388090133666992e-01
-3.185649812221527100e-01
-1.533538401126861572e-01
-3.876640200614929199e-01
-2.853716611862182617e-01
-2.595754563808441162e-01
-2.444673925638198853e-01
-3.259711563587188721e-01
-1.115445941686630249e-01
-3.076241016387939453e-01
-2.349803298711776733e-01
-2.829845249652862549e-01
-3.768356144428253174e-01
-2.145203948020935059e-01
-2.179922759532928467e-01
-1.765149384737014771e-01
-3.115596473217010498e-01
-2.300583124160766602e-01
-3.505819141864776611e-01
-2.812687754631042480e-01
-2.700088024139404297e-01
-2.218103110790252686e-01
-2.960431277751922607e-01
-3.593553602695465088e-01
-3.224125206470489502e-01
-3.877768516540527344e-01
-1.488656103610992432e-01
-3.895343542098999023e-01
-2.026489675045013428e-01
-4.045692086219787598e-01
-2.332964241504669189e-01
-2.613037228584289551e-01
-2.399996221065521240e-01
-1.424279958009719849e-01
-2.153146862983703613e-01
-2.576493024826049805e-01
-1.972289830446243286e-01
-4.135686755180358887e-01
-4.937374591827392578e-01
-4.484644532203674316e-01
-3.688779175281524658e-01
-3.580144643783569336e-01
-3.718023002147674561e-01
-3.270252346992492676e-01
-2.693009078502655029e-01
-3.010482490062713623e-01
-1.839588731527328491e-01
-7.966027408838272095e-02
-1.997398883104324341e-01
-4.022330045700073242e-01
-2.399925887584686279e-01
-3.519619107246398926e-01
-3.118443787097930908e-01
-2.442668676376342773e-01
-3.720813691616058350e-01
-2.182040214538574219e-01
-2.237579375505447388e-01
-2.058218121528625488e-01
-2.196682542562484741e-01
-5.058785080909729004e-01
-2.480264157056808472e-01
-1.968155354261398315e-01
-2.260889559984207153e-01
-2.438701242208480835e-01
-1.126882359385490417e-01
-2.511010169982910156e-01
-2.477101534605026245e-01
-3.028643429279327393e-01
-3.732100427150726318e-01
-2.460549920797348022e-01
-2.710357904434204102e-01
-1.994410604238510132e-01
-4.102853536605834961e-01
-2.908494174480438232e-01
-2.697655856609344482e-01
-3.134074509143829346e-01
-2.886682450771331787e-01
-2.499508559703826904e-01
-2.514576017856597900e-01
-2.712290287017822266e-01
-2.352039963006973267e-01
-1.583627909421920776e-01
-1.430368423461914062e-01
-1.670090705156326294e-01
-3.345609903335571289e-01
-1.619949340820312500e-01
-2.106981277465820312e-01
-3.279187977313995361e-01
-7.315546274185180664e-02
-3.165197372436523438e-01
-2.774055004119873047e-01
-2.555201053619384766e-01
-1.824708729982376099e-01
-1.933714300394058228e-01
-2.754623889923095703e-01
-3.253802061080932617e-01
-1.311136782169342041e-01
-1.682704538106918335e-01
-1.852573007345199585e-01
-2.846848666667938232e-01
-2.312450110912322998e-01
-4.281594455242156982e-01
-9.930334240198135376e-02
-2.148210853338241577e-01
-3.050842285156250000e-01
-4.038967192173004150e-01
-4.448854029178619385e-01
-5.024092793464660645e-01
-2.647024989128112793e-01
-1.568973958492279053e-01
-1.678668856620788574e-01
-2.960407733917236328e-01
-2.035787403583526611e-01
-1.371509581804275513e-01
-1.906376481056213379e-01
-2.083240300416946411e-01
-3.495763540267944336e-01
-3.578942716121673584e-01
-4.150931537151336670e-01
-2.619095742702484131e-01
-2.126745134592056274e-01
-3.577861785888671875e-01
-3.924350440502166748e-01
-1.988973021507263184e-01
-3.416364789009094238e-01
-3.272121846675872803e-01
-2.917505502700805664e-01
-2.895371019840240479e-01
-3.082871735095977783e-01
-2.119744122028350830e-01
-1.412983536720275879e-01
-2.729304134845733643e-01
-2.250512838363647461e-01
-2.339716702699661255e-01
-3.491667509078979492e-01
