4.293034225702285767e-02
3.541967272758483887e-02
3.415995836257934570e-02
-4.265491664409637451e-02
3.333493694663047791e-02
5.534387007355690002e-02
-8.865948021411895752e-02
-1.538994349539279938e-02
1.298022177070379257e-02
-3.053523413836956024e-02
4.205095395445823669e-02
1.040038242936134338e-01
7.121435832232236862e-03
8.369241654872894287e-02
-4.894058033823966980e-02
-9.666933119297027588e-02
4.195004329085350037e-02
5.217623338103294373e-02
8.408895879983901978e-02
-5.221489351242780685e-03
9.078978002071380615e-02
7.082696259021759033e-02
1.530080568045377731e-02
5.817823112010955811e-02
-9.183582663536071777e-02
-1.070652995258569717e-02
8.422253280878067017e-02
-1.030859798192977905e-01
-1.499234605580568314e-02
3.456992283463478088e-02
3.068835940212011337e-03
-1.580223254859447479e-02
1.260597258806228638e-02
-5.220080539584159851e-02
-7.844332605600357056e-03
1.153218224644660950e-01
-3.625721856951713562e-02
5.408756434917449951e-02
-5.692489072680473328e-02
1.281914953142404556e-02
-3.107328526675701141e-02
-3.301679342985153198e-02
-2.751232124865055084e-02
6.128098815679550171e-03
-6.408981513231992722e-03
7.735545933246612549e-02
7.195454835891723633e-02
4.592799395322799683e-02
1.554451733827590942e-01
-3.589246794581413269e-02
4.349814355373382568e-02
2.460896736010909081e-03
-6.016410142183303833e-02
-3.653475269675254822e-02
-9.939209371805191040e-02
-8.985186927020549774e-03
6.720156967639923096e-02
1.075165569782257080e-01
9.839171171188354492e-02
9.475207328796386719e-02
-3.734185919165611267e-02
1.122914440929889679e-02
-9.157528728246688843e-02
-7.456205785274505615e-02
9.383327327668666840e-03
1.156230643391609192e-01
1.129029095172882080e-01
1.076238509267568588e-02
2.957521006464958191e-02
1.738405227661132812e-02
8.374645560979843140e-02
-2.317833947017788887e-03
4.797247052192687988e-02
-6.140829250216484070e-02
-3.437365964055061340e-02
4.853219166398048401e-02
6.795501708984375000e-02
2.547366917133331299e-02
-4.546799138188362122e-02
-6.436715275049209595e-02
-3.004346229135990143e-02
-6.105970125645399094e-03
1.922319456934928894e-02
-5.190426856279373169e-02
7.006938010454177856e-02
3.700072690844535828e-02
-2.259271778166294098e-02
5.934600904583930969e-02
1.272488106042146683e-02
9.804046899080276489e-02
9.706071577966213226e-03
1.979254931211471558e-02
-2.919162996113300323e-02
-1.221897229552268982e-01
5.517961829900741577e-02
4.266392812132835388e-02
-4.539060965180397034e-02
3.347350284457206726e-03
-4.272017255425453186e-02
-1.259027794003486633e-02
-7.592795789241790771e-02
7.023347914218902588e-02
3.607379272580146790e-02
1.887831650674343109e-02
3.987862914800643921e-02
8.870048075914382935e-02
8.453587442636489868e-02
6.710345298051834106e-02
6.024085730314254761e-02
-3.200313448905944824e-02
1.147229224443435669e-01
2.042430918663740158e-03
2.741163410246372223e-02
7.662934064865112305e-02
7.074074354022741318e-03
-6.000107154250144958e-02
3.669048845767974854e-02
1.585004478693008423e-02
2.782061323523521423e-02
-5.411215126514434814e-03
-1.851875334978103638e-02
-6.408244371414184570e-02
-4.463012143969535828e-02
-6.212706118822097778e-02
-2.701062243431806564e-03
1.690825261175632477e-02
1.062146872282028198e-01
-1.167804151773452759e-01
1.081080408766865730e-03
-1.980187743902206421e-02
2.809160575270652771e-02
1.480739116668701172e-01
8.379436284303665161e-02
-4.278840124607086182e-02
-3.463470935821533203e-02
-3.266704455018043518e-02
5.896438658237457275e-02
-2.067766711115837097e-02
1.253564506769180298e-01
-3.298622742295265198e-02
1.350616849958896637e-02
4.331419989466667175e-02
2.832681639119982719e-03
3.392446786165237427e-02
-4.233867861330509186e-03
2.947956509888172150e-02
7.316349446773529053e-02
-7.462059706449508667e-02
1.215467811562120914e-03
5.771611258387565613e-02
