-1.482354253530502319e-01
-1.904862970113754272e-01
-1.890258640050888062e-01
-2.717441618442535400e-01
-1.906804442405700684e-01
-4.137279987335205078e-01
-3.223980665206909180e-01
-2.072051316499710083e-01
-2.785015106201171875e-01
-2.678762376308441162e-01
-3.605780601501464844e-01
-2.619147896766662598e-01
-2.150805890560150146e-01
-2.940307557582855225e-01
-3.353717625141143799e-01
-2.800054848194122314e-01
-1.665171980857849121e-01
-2.273956835269927979e-01
-1.596672683954238892e-01
-1.512100249528884888e-01
-3.226882517337799072e-01
-1.149473860859870911e-01
-2.519829869270324707e-01
-1.995527446269989014e-01
-3.082560300827026367e-01
-3.390794992446899414e-01
-2.003184258937835693e-01
-2.638048827648162842e-01
-2.704809308052062988e-01
-1.519168019294738770e-01
-1.802317500114440918e-01
-3.335100114345550537e-01
-2.712933719158172607e-01
-4.272326529026031494e-01
-2.349285632371902466e-01
-2.384262681007385254e-01
-2.208214402198791504e-01
-3.854479193687438965e-01
-3.790727257728576660e-01
-3.398916423320770264e-01
-3.218944370746612549e-01
-2.988559603691101074e-01
-3.403761386871337891e-01
-2.258373945951461792e-01
-3.875344991683959961e-01
-2.965469658374786377e-01
-2.127512395381927490e-01
-1.472554206848144531e-01
-1.448929309844970703e-01
-1.668356060981750488e-01
-4.358176589012145996e-01
-2.417732179164886475e-01
-4.029546678066253662e-01
-4.366014599800109863e-01
-2.776247560977935791e-01
-1.373735815286636353e-01
-3.278383910655975342e-01
-2.974450886249542236e-01
-4.732805788516998291e-01
-2.719248235225677490e-01
-3.660450577735900879e-01
-9.184772521257400513e-02
-2.905120849609375000e-01
-2.167451977729797363e-01
-2.316530942916870117e-01
-1.696850508451461792e-01
-3.465217351913452148e-01
-2.924281358718872070e-01
-2.140249460935592651e-01
-3.598435521125793457e-01
-2.494574338197708130e-01
-3.531951606273651123e-01
-2.129746973514556885e-01
-1.913843154907226562e-01
-1.284997314214706421e-01
-3.256902694702148438e-01
-2.814616560935974121e-01
-2.446134835481643677e-01
-3.154917061328887939e-01
-1.177833825349807739e-01
-2.531175911426544189e-01
-4.560202062129974365e-01
-2.808572947978973389e-01
-2.341623008251190186e-01
-3.866749107837677002e-01
-2.379989624023437500e-01
-2.098557054996490479e-01
-2.595123052597045898e-01
-2.640392184257507324e-01
-1.898632198572158813e-01
-4.193276464939117432e-01
-3.934987783432006836e-01
-1.898461282253265381e-01
-4.478568434715270996e-01
-1.817549914121627808e-01
-3.243506848812103271e-01
-3.366336524486541748e-01
-5.653373003005981445e-01
-2.352862507104873657e-01
-3.216172754764556885e-01
-2.837394475936889648e-01
-3.746132850646972656e-01
-1.523150503635406494e-01
-3.625333607196807861e-01
-1.978893876075744629e-01
-3.669444918632507324e-01
-4.007425010204315186e-01
-3.951981663703918457e-01
-3.486958742141723633e-01
-1.864105612039566040e-01
-2.154607176780700684e-01
-2.451944798231124878e-01
-3.472521603107452393e-01
-3.722138106822967529e-01
-3.708272874355316162e-01
-2.358511239290237427e-01
-2.233604788780212402e-01
-2.925575673580169678e-01
-2.279148995876312256e-01
-2.347822338342666626e-01
-1.531799286603927612e-01
-4.282007515430450439e-01
-2.210898548364639282e-01
-1.849263757467269897e-01
-2.920486629009246826e-01
-4.212816059589385986e-01
-1.524378061294555664e-01
-2.947887778282165527e-01
-1.505123823881149292e-01
-4.424057304859161377e-01
-3.427369892597198486e-01
-2.403236925601959229e-01
-1.773051023483276367e-01
-1.767331510782241821e-01
-3.835316002368927002e-01
-1.375916004180908203e-01
-1.740580052137374878e-01
-2.375364005565643311e-01
-2.424870431423187256e-01
-3.608095347881317139e-01
-5.169979333877563477e-01
-2.006176859140396118e-01
-2.573332190513610840e-01
-2.985479235649108887e-01
-2.365870177745819092e-01
-2.957582175731658936e-01
-3.798658549785614014e-01
-3.667035102844238281e-01
-3.115227818489074707e-01
-3.001904189586639404e-01
-2.208438664674758911e-01
-1.908265948295593262e-01
-2.512723505496978760e-01
-3.702535033226013184e-01
-3.421908318996429443e-01
-2.175084501504898071e-01
-1.503895074129104614e-01
-2.347247898578643799e-01
-1.192382350564002991e-01
-2.416864484548568726e-01
-3.064759075641632080e-01
-2.297775298357009888e-01
-1.846312731504440308e-01
-3.588084876537322998e-01
-1.470734030008316040e-01
-2.827811539173126221e-01
-1.837565600872039795e-01
-3.208525180816650391e-01
-1.813659369945526123e-01
-3.312610089778900146e-01
-2.326225638389587402e-01
-2.647111415863037109e-01
-2.045436799526214600e-01
-2.671243250370025635e-01
-2.587831020355224609e-01
-1.385778039693832397e-01
-2.221802175045013428e-01
-1.527766585350036621e-01
-1.630455553531646729e-01
-2.565960884094238281e-01
-2.161943018436431885e-01
-1.327701508998870850e-01
-2.172167152166366577e-01
-1.841863691806793213e-01
-2.366134822368621826e-01
-3.274535238742828369e-01
-2.129231244325637817e-01
-3.379947841167449951e-01
-4.354282915592193604e-01
-2.918346226215362549e-01
-2.915329635143280029e-01
-2.756265997886657715e-01
-2.272908091545104980e-01
-2.019664645195007324e-01
-2.986391484737396240e-01
-1.428748816251754761e-01
-2.176759690046310425e-01
-3.570573031902313232e-01
-2.535881400108337402e-01
-3.531855940818786621e-01
