-1.178246960043907166e-01
-1.741099953651428223e-01
-1.977358758449554443e-01
-1.703254878520965576e-01
-2.141059041023254395e-01
-1.261654943227767944e-01
-3.651868924498558044e-02
-1.502795666456222534e-01
-1.919674873352050781e-01
-1.378065496683120728e-01
-1.175302788615226746e-01
-2.080686986446380615e-01
-1.995318830013275146e-01
-1.207374930381774902e-01
-2.267538309097290039e-01
-2.248710244894027710e-01
-2.161566466093063354e-01
-1.506247222423553467e-01
-2.783351540565490723e-01
-2.332289516925811768e-01
-1.682121604681015015e-01
-1.682762652635574341e-01
-1.593969315290451050e-01
-2.447028458118438721e-01
-2.110873013734817505e-01
-1.963324248790740967e-01
-1.930282115936279297e-01
-1.930094361305236816e-01
-1.627243310213088989e-01
-1.121059805154800415e-01
-1.100701242685317993e-01
-2.173888087272644043e-01
-2.199252843856811523e-01
-8.936364203691482544e-02
-2.712624669075012207e-01
-1.438958346843719482e-01
-2.095479071140289307e-01
-1.801864653825759888e-01
-1.881238669157028198e-01
-1.106410548090934753e-01
-1.026229187846183777e-01
-2.608385086059570312e-01
-1.342582255601882935e-01
-1.990781575441360474e-01
-2.287213206291198730e-01
-1.405605822801589966e-01
-1.192036569118499756e-01
-1.713548153638839722e-01
-1.829537302255630493e-01
-1.710490137338638306e-01
-1.594236344099044800e-01
-2.519765496253967285e-01
-2.025656998157501221e-01
-2.471015304327011108e-01
-2.300257682800292969e-01
-3.011622726917266846e-01
-2.411502450704574585e-01
-2.029255032539367676e-01
-2.884028553962707520e-01
-1.778978854417800903e-01
-1.575157195329666138e-01
-1.174251660704612732e-01
-2.439336776733398438e-01
-1.099392920732498169e-01
-1.963187903165817261e-01
-9.300187230110168457e-02
-2.891153693199157715e-01
-1.401809304952621460e-01
-1.501270681619644165e-01
-2.265735715627670288e-01
-2.482938915491104126e-01
-1.564449369907379150e-01
-1.881643533706665039e-01
-3.215032219886779785e-01
-2.756529748439788818e-01
-2.747510075569152832e-01
-1.251066029071807861e-01
-7.923771440982818604e-02
-1.703922599554061890e-01
-1.550655066967010498e-01
-2.846214771270751953e-01
-2.335307896137237549e-01
-1.843869835138320923e-01
-1.918864250183105469e-01
-1.017294600605964661e-01
-2.238816916942596436e-01
-2.063850760459899902e-01
-2.351243644952774048e-01
-1.832637637853622437e-01
-2.413948774337768555e-01
-2.282878160476684570e-01
-1.706218421459197998e-01
-2.596415877342224121e-01
-2.500830888748168945e-01
-2.526318430900573730e-01
-1.447707116603851318e-01
-2.668706178665161133e-01
-2.392078191041946411e-01
-2.108027040958404541e-01
-2.126887291669845581e-01
-1.456400454044342041e-01
-2.622784376144409180e-01
-2.540920972824096680e-01
-1.366468071937561035e-01
-1.821246296167373657e-01
-2.742794752120971680e-01
-2.402036190032958984e-01
-2.596590220928192139e-01
-1.088423654437065125e-01
-2.403663098812103271e-01
-1.650682687759399414e-01
-1.618661582469940186e-01
-2.495191395282745361e-01
-2.093881368637084961e-01
-1.898112446069717407e-01
-1.921828687191009521e-01
-9.490338712930679321e-02
-1.083605214953422546e-01
-2.150146365165710449e-01
-2.240950316190719604e-01
-1.846332699060440063e-01
-6.158148124814033508e-02
-2.015859484672546387e-01
-2.498587816953659058e-01
-1.416943669319152832e-01
-1.553823947906494141e-01
-1.527624130249023438e-01
-2.282266914844512939e-01
-2.242868244647979736e-01
-2.620078325271606445e-01
-8.447722345590591431e-02
-1.773953884840011597e-01
-2.614168226718902588e-01
-1.683323830366134644e-01
-2.337597161531448364e-01
-2.585748434066772461e-01
-2.245310693979263306e-01
-1.588644087314605713e-01
-3.076922297477722168e-01
-1.541937440633773804e-01
-1.942059844732284546e-01
-2.446188032627105713e-01
-2.522998154163360596e-01
-2.454428076744079590e-01
-9.987677633762359619e-02
-1.953570097684860229e-01
-1.178268641233444214e-01
-1.281153261661529541e-01
-2.258552312850952148e-01
-1.656905710697174072e-01
-2.013272494077682495e-01
-2.313138693571090698e-01
-2.574787735939025879e-01
-2.352423369884490967e-01
-1.604741364717483521e-01
-1.673123091459274292e-01
-2.153682708740234375e-01
-1.218516454100608826e-01
-2.419435530900955200e-01
-2.296836227178573608e-01
-1.034830808639526367e-01
-1.853272169828414917e-01
-6.684377044439315796e-02
-8.556788414716720581e-02
-1.488425433635711670e-01
-1.239089295268058777e-01
-7.903828471899032593e-02
-8.774513006210327148e-02
-1.331842690706253052e-01
-8.061379194259643555e-02
-1.928047835826873779e-01
-1.097919195890426636e-01
-1.264871507883071899e-01
-1.278389692306518555e-01
-7.951227575540542603e-02
-8.122509717941284180e-02
-1.687919944524765015e-01
-2.140790671110153198e-01
-2.056598812341690063e-01
-1.875023841857910156e-01
-2.322351634502410889e-01
-1.442423313856124878e-01
-1.364807188510894775e-01
-1.608432680368423462e-01
-1.383156627416610718e-01
-2.672877013683319092e-01
-1.474932432174682617e-01
-1.898018270730972290e-01
-7.783488184213638306e-02
-1.356897503137588501e-01
-9.472762793302536011e-02
-1.087689548730850220e-01
-1.906504780054092407e-01
-8.411257714033126831e-02
-1.272453069686889648e-01
-2.559902667999267578e-01
-1.906045377254486084e-01
-1.514812409877777100e-01
-1.144261658191680908e-01
-1.809073984622955322e-01
