-6.850463151931762695e-02
3.313956316560506821e-03
-4.225498437881469727e-02
1.745053529739379883e-01
3.584427759051322937e-02
-4.867725074291229248e-02
9.136787801980972290e-02
-1.581246405839920044e-02
2.328900843858718872e-01
3.102526366710662842e-01
-7.997757755219936371e-03
2.729038894176483154e-01
-3.445149213075637817e-02
-1.278260946273803711e-01
3.990472853183746338e-02
1.577875912189483643e-01
8.723012208938598633e-01
-4.751125350594520569e-02
-2.379576861858367920e-02
7.993245124816894531e-02
