-1.479668021202087402e+00
-2.053336381912231445e+00
-2.285031557083129883e+00
-4.617299079895019531e+00
-2.767867565155029297e+00
-3.661613464355468750e+00
3.513144552707672119e-01
1.441829562187194824e+00
-8.767945170402526855e-01
-3.026335716247558594e+00
-3.473465442657470703e+00
-2.927890777587890625e+00
-9.316413402557373047e-01
-2.824724674224853516e+00
-9.563435912132263184e-01
-4.400362968444824219e+00
-2.189969062805175781e+00
-5.613592624664306641e+00
-6.665319442749023438e+00
-3.862962722778320312e+00
-2.160788297653198242e+00
-4.477168023586273193e-01
-2.586670160293579102e+00
-3.003023862838745117e+00
-2.355367422103881836e+00
-4.300595760345458984e+00
7.383556365966796875e-01
-5.405777454376220703e+00
-1.274273753166198730e+00
-1.918549299240112305e+00
-3.020723819732666016e+00
-1.067071557044982910e-01
-2.888240337371826172e+00
-4.499275207519531250e+00
-5.288042426109313965e-01
-5.720995903015136719e+00
-1.234183788299560547e+00
-4.201585292816162109e+00
-8.024712800979614258e-01
-4.773281574249267578e+00
-1.542426943778991699e+00
-1.519277542829513550e-01
-6.239629268646240234e+00
8.989830017089843750e-01
-1.435096859931945801e+00
-3.105236053466796875e+00
-4.056245326995849609e+00
-4.123288154602050781e+00
-4.868273138999938965e-01
-4.031310558319091797e+00
-2.503415346145629883e+00
-3.795946359634399414e+00
-9.935817122459411621e-01
6.856085658073425293e-01
-1.546038031578063965e+00
-2.301767587661743164e+00
-8.574541091918945312e+00
-4.334546566009521484e+00
-2.860738515853881836e+00
-6.645678043365478516e+00
-1.018406271934509277e+00
-1.945452332496643066e+00
1.644022583961486816e+00
-2.327791690826416016e+00
-2.749984502792358398e+00
-4.295081615447998047e+00
-4.447165429592132568e-01
-6.196831226348876953e+00
-1.794901728630065918e+00
-3.344922661781311035e-01
-5.176754474639892578e+00
-3.009529113769531250e+00
-4.124278545379638672e+00
-2.525567531585693359e+00
-1.877174854278564453e+00
-2.763387680053710938e+00
-8.685723304748535156e+00
-5.453089237213134766e+00
-1.003161668777465820e+00
2.956374645233154297e+00
-1.099362969398498535e+00
-4.322782039642333984e+00
-4.441272258758544922e+00
-2.822650909423828125e+00
-2.040651321411132812e+00
-1.007470965385437012e+00
-2.093987226486206055e+00
-9.027735888957977295e-02
-2.712745666503906250e+00
-4.772413253784179688e+00
1.638988256454467773e-01
-1.026202082633972168e+00
-1.796930909156799316e+00
-2.992226839065551758e+00
-1.918810248374938965e+00
-4.053347587585449219e+00
6.094726920127868652e-01
-2.240984439849853516e-01
-3.663229942321777344e+00
-3.519376039505004883e+00
-6.906231880187988281e+00
-2.947388410568237305e+00
-3.679187059402465820e+00
-2.517826318740844727e+00
-6.051977157592773438e+00
-6.514393091201782227e-01
-5.576014041900634766e+00
-3.251094102859497070e+00
-4.250106334686279297e+00
-1.245973825454711914e+00
-3.582803964614868164e+00
-4.145792961120605469e+00
-2.037180423736572266e+00
-1.194537758827209473e+00
-2.604022502899169922e+00
-2.342543363571166992e+00
-2.069272518157958984e+00
-6.991979598999023438e+00
-1.182413339614868164e+00
-3.622562408447265625e+00
-6.644372940063476562e+00
-3.689553022384643555e+00
-3.207269906997680664e+00
-4.343295574188232422e+00
1.168221607804298401e-01
2.339837074279785156e+00
-5.225927352905273438e+00
-2.077019929885864258e+00
-3.980284214019775391e+00
-1.548791646957397461e+00
-1.903666853904724121e+00
-1.456429362297058105e+00
-7.205840110778808594e+00
-1.856701493263244629e+00
-2.272422075271606445e+00
1.888633131980895996e+00
-1.008620262145996094e+00
-1.567107796669006348e+00
-9.720440506935119629e-01
3.971062600612640381e-01
-3.988276720046997070e+00
-1.208863377571105957e+00
-5.442603588104248047e+00
-5.354493141174316406e+00
-1.877802610397338867e+00
-2.303291559219360352e+00
-4.043159961700439453e+00
-6.689314246177673340e-01
-5.895971655845642090e-01
-6.992042660713195801e-01
-1.345463275909423828e+00
-1.635331749916076660e+00
-2.408697843551635742e+00
-1.782966136932373047e+00
-1.465529441833496094e+00
-4.546603202819824219e+00
-4.398566722869873047e+00
-2.942308187484741211e+00
-3.166327714920043945e+00
-4.795042991638183594e+00
-3.358020544052124023e+00
-3.137268126010894775e-01
-2.058329105377197266e+00
-3.730561017990112305e+00
-1.499586462974548340e+00
-2.786280155181884766e+00
-1.834573626518249512e+00
-8.760387450456619263e-02
-3.803431034088134766e+00
-1.887997508049011230e+00
-2.815559387207031250e+00
-3.792401790618896484e+00
-4.081411838531494141e+00
-7.597566246986389160e-01
-9.487396478652954102e-01
-3.365012407302856445e+00
-2.017913818359375000e+00
-1.668036103248596191e+00
-3.814432859420776367e+00
-3.132879495620727539e+00
-1.190942525863647461e+00
-1.937051653861999512e+00
4.739440679550170898e-01
-3.667596340179443359e+00
-3.078332901000976562e+00
-5.163983821868896484e+00
-2.921550273895263672e+00
1.561197519302368164e+00
-2.741886138916015625e+00
-1.717604875564575195e+00
-6.598587036132812500e+00
-1.135763287544250488e+00
-3.401737809181213379e-01
-2.986274242401123047e+00
-5.898690223693847656e+00
-9.989086389541625977e-01
-7.836371660232543945e-02
-2.828233480453491211e+00
-4.350022315979003906e+00
-2.984600305557250977e+00
