-1.538635045289993286e-01
-4.023159742355346680e-01
-1.783230304718017578e-01
-2.945424914360046387e-01
-4.248308539390563965e-01
-1.856430172920227051e-01
-7.966338098049163818e-02
-3.452824950218200684e-01
-3.025610446929931641e-01
-2.616247832775115967e-01
-3.116775155067443848e-01
-3.204043507575988770e-01
-1.288947910070419312e-01
-4.083883762359619141e-01
-2.216570824384689331e-01
-1.175009608268737793e-01
-3.071039319038391113e-01
-3.381226062774658203e-01
-2.278149574995040894e-01
-1.680892109870910645e-01
-3.175334930419921875e-01
-2.545691132545471191e-01
-1.964657455682754517e-01
-2.835923731327056885e-01
-8.808790892362594604e-02
-2.403341233730316162e-02
-2.184428870677947998e-01
-1.458005160093307495e-01
-2.943431138992309570e-01
-2.808836102485656738e-01
-2.042105793952941895e-01
-2.068115770816802979e-01
-3.039745092391967773e-01
-2.658424973487854004e-01
-1.150022298097610474e-01
-1.880159229040145874e-01
-2.894152402877807617e-01
-1.204628050327301025e-01
-1.330157816410064697e-01
-3.547961115837097168e-01
-3.093202710151672363e-01
-3.821365535259246826e-01
-3.786319792270660400e-01
-2.750432193279266357e-01
-2.043845802545547485e-01
-3.669621050357818604e-01
-3.323264122009277344e-01
-3.209936022758483887e-01
-1.582972854375839233e-01
-2.243970930576324463e-01
-2.018775343894958496e-01
-2.160463482141494751e-01
-1.913036257028579712e-01
-3.907256126403808594e-01
-2.029459923505783081e-01
-1.197884380817413330e-01
-1.592384278774261475e-01
-3.577881455421447754e-01
-1.974439322948455811e-01
-3.067296743392944336e-01
-2.274508625268936157e-01
-2.694180309772491455e-01
-3.072805702686309814e-01
-2.842179834842681885e-01
-3.578996062278747559e-01
-2.685900926589965820e-01
-2.817408442497253418e-01
-3.628872632980346680e-01
-2.333552390336990356e-01
-2.757378816604614258e-01
-1.322346776723861694e-01
-1.199638247489929199e-01
-3.113128244876861572e-01
-3.432270288467407227e-01
-2.786222398281097412e-01
-3.396874070167541504e-01
-2.304299771785736084e-01
-2.284923791885375977e-01
-2.665697038173675537e-01
-4.542597830295562744e-01
-3.341505527496337891e-01
-2.366762906312942505e-01
-1.912037581205368042e-01
-3.913028836250305176e-01
-2.780463695526123047e-01
-2.765872478485107422e-01
-1.616788655519485474e-01
-2.026883363723754883e-01
-1.855469495058059692e-01
-2.449826002120971680e-01
-2.924090623855590820e-01
-3.138539791107177734e-01
-4.141867160797119141e-01
-2.390764951705932617e-01
-2.300546616315841675e-01
-3.647088706493377686e-01
-1.393514126539230347e-01
-3.303400874137878418e-01
-2.218285351991653442e-01
-2.154150456190109253e-01
-2.240036875009536743e-01
-3.915474116802215576e-01
-2.862250506877899170e-01
-2.546378970146179199e-01
-3.810251057147979736e-01
-3.715514242649078369e-01
-4.613060951232910156e-01
-2.673750519752502441e-01
-3.164656758308410645e-01
-3.010144233703613281e-01
-2.386068850755691528e-01
-2.844359874725341797e-01
-3.718969523906707764e-01
-4.598512649536132812e-01
-2.625474333763122559e-01
-1.801882386207580566e-01
-2.713436484336853027e-01
-4.075663685798645020e-01
-9.368755668401718140e-02
-3.524539470672607422e-01
-2.908633649349212646e-01
-2.747385203838348389e-01
-3.384973704814910889e-01
-3.060772418975830078e-01
-3.528638184070587158e-01
-4.247004985809326172e-01
-2.162095010280609131e-01
-3.832521140575408936e-01
-1.689461022615432739e-01
-3.987937271595001221e-01
-2.476311922073364258e-01
-2.469612807035446167e-01
-2.916580140590667725e-01
-1.695611625909805298e-01
-1.818451285362243652e-01
-2.690244913101196289e-01
-1.959581673145294189e-01
-1.491490304470062256e-01
-2.355185300111770630e-01
-2.351962476968765259e-01
-2.001334428787231445e-01
-3.864729106426239014e-01
-4.419465959072113037e-01
-2.958855628967285156e-01
-2.174770534038543701e-01
-2.184985727071762085e-01
-3.503352403640747070e-01
-1.941251158714294434e-01
-2.445587217807769775e-01
-1.839638948440551758e-01
-3.909881412982940674e-01
-3.019819259643554688e-01
-2.122769504785537720e-01
-2.544572055339813232e-01
-3.185062408447265625e-01
-2.557991445064544678e-01
-2.746148109436035156e-01
-2.633120119571685791e-01
-2.931232154369354248e-01
-4.459837079048156738e-01
-1.520664691925048828e-01
-2.977321147918701172e-01
-3.612413704395294189e-01
-3.207290470600128174e-01
-3.123447895050048828e-01
-4.925142526626586914e-01
-3.814875781536102295e-01
-2.388845980167388916e-01
-1.112681180238723755e-01
-3.457883000373840332e-01
-3.299828469753265381e-01
-2.825878560543060303e-01
-1.655160486698150635e-01
-2.046085000038146973e-01
-2.759116291999816895e-01
-3.496258556842803955e-01
-3.615373075008392334e-01
-3.305161893367767334e-01
-2.779994904994964600e-01
-2.627087235450744629e-01
-2.215484380722045898e-01
-1.567586064338684082e-01
-3.136984705924987793e-01
-3.147162199020385742e-01
-3.108098804950714111e-01
-3.961662352085113525e-01
-3.226878046989440918e-01
-1.340068280696868896e-01
-3.621886074542999268e-01
-2.814801633358001709e-01
-2.819866836071014404e-01
-2.206288427114486694e-01
-2.986089885234832764e-01
-3.649349212646484375e-01
-4.036228656768798828e-01
-1.825659573078155518e-01
-3.754199445247650146e-01
-2.454141676425933838e-01
-1.994532793760299683e-01
-2.256078571081161499e-01
