-1.743402099609375000e+01
-4.024387836456298828e+00
-1.313558006286621094e+01
-1.433157730102539062e+01
-1.149120998382568359e+01
3.188492298126220703e+00
-5.498077869415283203e+00
4.942294597625732422e+00
-2.144917869567871094e+01
-9.894049644470214844e+00
-1.204963588714599609e+01
-6.913284778594970703e+00
-1.971637725830078125e+01
-1.192716693878173828e+01
-4.319169521331787109e+00
5.260507106781005859e+00
-1.643685722351074219e+01
-1.407798671722412109e+01
6.028980255126953125e+00
6.680729389190673828e+00
-6.481041312217712402e-01
-5.450210571289062500e+00
-1.492434978485107422e+01
-2.502304792404174805e+00
-1.091534328460693359e+01
-1.637447118759155273e+00
-2.819544315338134766e+00
1.014486694335937500e+01
-3.902058362960815430e+00
-8.540174484252929688e+00
-1.011380577087402344e+01
-1.999477386474609375e+00
-2.500564956665039062e+01
5.059940814971923828e+00
-2.439056587219238281e+01
-2.572327041625976562e+01
-5.176319599151611328e+00
-4.431560039520263672e+00
-6.533994674682617188e+00
-3.220814228057861328e+00
-5.964937210083007812e+00
6.410229206085205078e+00
-5.093431949615478516e+00
-4.739756584167480469e+00
-1.576737785339355469e+01
-7.987665653228759766e+00
-1.888045883178710938e+01
-4.962869644165039062e+00
-6.152122020721435547e+00
-1.666343879699707031e+01
-8.952583312988281250e+00
-1.190813922882080078e+01
-1.173206138610839844e+01
-2.288366127014160156e+01
2.150189161300659180e+00
-2.009809684753417969e+01
4.923358917236328125e+00
-4.749939918518066406e+00
-5.585554122924804688e+00
8.229859352111816406e+00
-1.542404174804687500e+01
-7.469628810882568359e+00
1.333171486854553223e+00
-1.340615153312683105e+00
-2.612273788452148438e+01
-1.215931224822998047e+01
1.056459426879882812e+01
-7.379245758056640625e-01
-1.107530498504638672e+01
-2.032517194747924805e+00
-6.626243114471435547e+00
1.712404251098632812e+00
-1.397719287872314453e+01
-9.917022705078125000e+00
-5.104321479797363281e+00
-7.988346099853515625e+00
-1.925221633911132812e+01
-8.411481857299804688e+00
-3.842367649078369141e+00
-5.350533962249755859e+00
-2.193563270568847656e+01
8.729711532592773438e+00
-5.360116481781005859e+00
-7.006713390350341797e+00
-1.336194229125976562e+01
-2.659261131286621094e+01
-1.409164547920227051e+00
-1.358628368377685547e+01
-1.544219303131103516e+01
-7.993080139160156250e+00
-2.649247169494628906e+00
-1.720048522949218750e+01
-8.118052482604980469e+00
-8.945435523986816406e+00
-1.283020782470703125e+01
1.362498474121093750e+01
-1.664086151123046875e+01
-2.050522804260253906e+01
-1.438800525665283203e+01
-5.455890178680419922e+00
-4.327184200286865234e+00
-9.571959495544433594e+00
1.281195640563964844e+01
5.706069469451904297e+00
2.046607255935668945e+00
-1.382542252540588379e-01
3.781918764114379883e+00
-2.386810493469238281e+01
-1.328875350952148438e+01
-6.091816425323486328e+00
-1.138495254516601562e+01
7.064127445220947266e+00
-5.936995506286621094e+00
-1.998842430114746094e+01
-1.508905220031738281e+01
-1.624609947204589844e+01
-1.116864871978759766e+01
-9.676962852478027344e+00
-1.910678100585937500e+01
-1.032570838928222656e+01
-1.421342468261718750e+01
9.980854034423828125e+00
-1.924121665954589844e+01
-1.349313449859619141e+01
5.059886455535888672e+00
-1.560490989685058594e+01
-1.501374816894531250e+01
-1.697698783874511719e+01
7.355242729187011719e+00
-2.073198699951171875e+01
-2.286437034606933594e+01
4.947116374969482422e+00
-1.784117889404296875e+01
-6.800746321678161621e-01
-2.594615554809570312e+01
4.779215812683105469e+00
-1.311226963996887207e+00
2.170689344406127930e+00
1.258740901947021484e+00
-1.075119733810424805e+00
-1.407292556762695312e+01
-9.428513526916503906e+00
-8.410715103149414062e+00
-1.864409828186035156e+01
-1.573130416870117188e+01
5.649144649505615234e-01
-2.078470230102539062e+01
-4.865757942199707031e+00
-1.412906169891357422e+01
-8.597115516662597656e+00
-1.561221694946289062e+01
1.165425395965576172e+01
-8.222476005554199219e+00
-4.892167568206787109e+00
-1.509508967399597168e+00
1.232096576690673828e+01
-1.753142118453979492e+00
4.412450313568115234e+00
-1.289551138877868652e+00
-2.046164894104003906e+01
-2.580612659454345703e+00
8.141189813613891602e-02
-1.046305942535400391e+01
-1.283410644531250000e+01
-2.275943565368652344e+01
8.803028106689453125e+00
-1.247639846801757812e+01
-6.864173412322998047e+00
-2.705667734146118164e+00
1.186772823333740234e+00
-2.495901298522949219e+01
-6.431821346282958984e+00
8.323890715837478638e-02
-1.541182041168212891e+01
-2.088266372680664062e+01
-1.882985877990722656e+01
-1.591458702087402344e+01
-5.421828746795654297e+00
1.105460548400878906e+01
-8.428095817565917969e+00
-1.069344615936279297e+01
-2.130104827880859375e+01
-1.119971942901611328e+01
-2.260815238952636719e+01
4.290369749069213867e-01
-5.841801166534423828e+00
-1.013969135284423828e+01
-1.959872126579284668e+00
2.534981012344360352e+00
1.161869239807128906e+01
-2.552614212036132812e+01
-9.735777974128723145e-01
-1.909331893920898438e+01
-9.200632095336914062e+00
-9.500799179077148438e+00
-1.332632923126220703e+01
-1.167085075378417969e+01
-1.336097526550292969e+01
-4.943753719329833984e+00
2.802586555480957031e+00
