-5.347484722733497620e-02
-1.745156198740005493e-01
1.450181305408477783e-01
1.224007904529571533e-01
9.567248821258544922e-02
-8.564211428165435791e-02
-5.561547353863716125e-02
-1.193855330348014832e-02
1.055221036076545715e-01
-4.133421555161476135e-02
1.567691713571548462e-01
1.458991914987564087e-01
2.591424286365509033e-01
8.582469075918197632e-02
-2.421934902667999268e-02
2.995137870311737061e-02
-2.894622460007667542e-02
1.374817788600921631e-01
-7.015251368284225464e-02
-1.230725124478340149e-01
4.748285561800003052e-02
1.048955842852592468e-01
-5.860289093106985092e-03
1.670271009206771851e-01
-1.202225610613822937e-01
2.781906351447105408e-02
1.979259848594665527e-01
-1.137344241142272949e-01
2.285370230674743652e-02
-6.756053864955902100e-02
6.549051403999328613e-02
1.593842357397079468e-01
2.365045398473739624e-01
1.139991134405136108e-01
5.008713155984878540e-02
-1.692736446857452393e-01
1.533971577882766724e-01
1.397167146205902100e-01
1.036599203944206238e-01
6.410201638936996460e-02
8.227036893367767334e-02
7.348480075597763062e-02
-8.652687072753906250e-02
1.727510988712310791e-01
6.053441017866134644e-02
-3.951771184802055359e-02
-7.868417352437973022e-02
7.557694800198078156e-03
7.995711266994476318e-02
-1.207167953252792358e-01
