8.689502626657485962e-02
5.395950004458427429e-02
5.429063737392425537e-02
1.023282557725906372e-01
-4.286248981952667236e-02
-1.029745265841484070e-01
5.682486807927489281e-04
1.161178946495056152e-01
4.586987569928169250e-02
6.267521530389785767e-02
-6.960818427614867687e-04
5.243170075118541718e-03
-3.942148387432098389e-02
-3.214634209871292114e-02
4.657561425119638443e-03
-9.138726629316806793e-03
-1.907687261700630188e-02
-3.782973811030387878e-02
-3.990628942847251892e-02
1.036241184920072556e-03
4.369673505425453186e-02
-5.136182904243469238e-02
-2.009616699069738388e-03
-4.286352172493934631e-02
-3.581896051764488220e-02
-4.240452498197555542e-02
1.418810151517391205e-02
6.762988865375518799e-02
-4.040299355983734131e-02
-2.015704289078712463e-02
-1.944637484848499298e-02
1.827853918075561523e-02
3.175962343811988831e-02
1.373653709888458252e-01
-4.513055458664894104e-02
3.702865913510322571e-02
-1.315569854341447353e-03
4.485004767775535583e-02
1.088151186704635620e-01
1.223794519901275635e-01
3.629330918192863464e-02
-5.102394148707389832e-03
-2.269334532320499420e-02
3.775997459888458252e-02
6.260493397712707520e-02
-7.746384292840957642e-02
4.615445807576179504e-02
5.557576939463615417e-02
1.383974775671958923e-02
1.310713682323694229e-02
-5.572863668203353882e-02
2.240255847573280334e-02
9.829631075263023376e-03
-1.895892620086669922e-02
-4.345506802201271057e-02
3.352476283907890320e-02
2.493813633918762207e-02
3.441233560442924500e-02
8.363851904869079590e-02
-3.140616230666637421e-03
-4.557222872972488403e-02
-3.023901395499706268e-02
2.899585105478763580e-02
7.251020520925521851e-02
-1.583221703767776489e-01
-7.056589820422232151e-04
-1.778675615787506104e-02
-1.852216199040412903e-02
-3.413238003849983215e-02
8.502868562936782837e-02
3.059337846934795380e-02
1.681808568537235260e-02
4.214682430028915405e-02
1.314824968576431274e-01
-2.465287595987319946e-02
-3.266244009137153625e-02
1.452696919441223145e-01
-3.719719126820564270e-03
3.744887188076972961e-02
1.558616291731595993e-02
-3.687267377972602844e-02
-2.302091009914875031e-02
2.109617553651332855e-02
5.090941116213798523e-02
-7.834109663963317871e-02
-3.354574367403984070e-02
-1.065735816955566406e-01
-4.311879351735115051e-02
6.042717024683952332e-02
5.953833926469087601e-03
6.150854751467704773e-02
1.509125065058469772e-02
-3.133146837353706360e-02
-1.093728169798851013e-01
-4.489425942301750183e-02
-2.434438839554786682e-02
2.720203436911106110e-02
-1.974262669682502747e-02
-1.676455885171890259e-02
-4.956557974219322205e-02
-3.217750787734985352e-02
1.217719763517379761e-01
-2.447540313005447388e-02
3.684151917695999146e-02
-1.891347207129001617e-02
-8.682299405336380005e-02
-1.654077507555484772e-02
-1.869422756135463715e-02
5.978273972868919373e-02
6.716243922710418701e-02
1.216083299368619919e-02
7.380785048007965088e-02
4.633759334683418274e-02
-1.698179543018341064e-02
-1.656675525009632111e-02
7.228731643408536911e-03
1.010847315192222595e-01
8.757216483354568481e-02
-5.438090302050113678e-03
-5.975292995572090149e-03
2.880830317735671997e-02
-1.606592163443565369e-02
6.213080510497093201e-02
3.253475949168205261e-02
-8.256329596042633057e-02
1.944483071565628052e-02
-1.091205421835184097e-02
-2.060009632259607315e-03
-4.750799387693405151e-02
4.047117382287979126e-02
1.988105662167072296e-02
5.088527128100395203e-02
3.985679894685745239e-02
-1.138570234179496765e-01
-1.820360124111175537e-02
4.468006268143653870e-02
-9.626093320548534393e-03
3.005330823361873627e-02
-4.799765348434448242e-02
-4.433288052678108215e-02
-1.311002881266176701e-03
5.341933667659759521e-02
7.903449004516005516e-04
6.737480312585830688e-02
1.874033361673355103e-02
6.204554066061973572e-02
-7.058377563953399658e-02
8.841299265623092651e-02
1.368032395839691162e-01
1.246403809636831284e-02
