-1.292951464653015137e+00
3.894028186798095703e+00
-2.285353392362594604e-01
7.742526531219482422e-01
-6.801867485046386719e+00
-4.351193904876708984e+00
-5.554863929748535156e+00
-1.498864769935607910e+00
-3.969000816345214844e+00
-5.921353697776794434e-01
-4.991038322448730469e+00
-2.433309316635131836e+00
-2.709500074386596680e+00
-6.461348533630371094e+00
1.885380506515502930e+00
-3.069099426269531250e+00
-3.227519750595092773e+00
-4.338842868804931641e+00
2.068417310714721680e+00
-2.760124206542968750e+00
-3.816404342651367188e+00
-1.173596456646919250e-01
-4.243272781372070312e+00
8.743866682052612305e-01
-3.467258930206298828e+00
-4.222261905670166016e+00
-5.984303474426269531e+00
-3.574187994003295898e+00
-3.668882369995117188e+00
-2.827525854110717773e+00
-2.725710630416870117e+00
-2.310649871826171875e+00
-1.398853510618209839e-01
-1.753710865974426270e+00
-2.445079803466796875e+00
-5.524612069129943848e-01
-3.498036384582519531e+00
-3.762111663818359375e+00
-5.878475189208984375e+00
-3.102089166641235352e+00
-4.266929149627685547e+00
-6.433436870574951172e-01
-3.278699159622192383e+00
-3.324264049530029297e+00
2.559778690338134766e+00
-6.828280925750732422e+00
-4.069034576416015625e+00
-4.235456943511962891e+00
-4.113617897033691406e+00
-3.852844715118408203e+00
-2.515965461730957031e+00
1.918776154518127441e+00
-3.036225795745849609e+00
-6.994104385375976562e+00
-6.314493656158447266e+00
1.093844890594482422e+00
-1.615747809410095215e-01
-6.444368958473205566e-01
-2.611506938934326172e+00
-4.171737194061279297e+00
1.621174693107604980e+00
-4.525322839617729187e-02
-8.051846921443939209e-02
-2.970927715301513672e+00
-2.473457574844360352e+00
-5.962105393409729004e-01
-2.014803647994995117e+00
7.339223027229309082e-01
-7.216546535491943359e+00
-1.158156275749206543e+00
1.961112856864929199e+00
-3.243032395839691162e-01
-3.280466556549072266e+00
-3.499615430831909180e+00
-1.399105489253997803e-01
-4.486451148986816406e+00
-3.848356962203979492e+00
3.802822828292846680e-01
-5.641379833221435547e+00
-2.550398588180541992e+00
-1.728369235992431641e+00
-3.345608949661254883e+00
-3.963063716888427734e+00
-4.586252212524414062e+00
4.382687807083129883e-01
-1.853553771972656250e+00
-5.760818481445312500e+00
2.680743299424648285e-02
4.651088714599609375e-01
-2.862132549285888672e+00
1.389915943145751953e+00
-1.966310858726501465e+00
-8.941869139671325684e-01
-3.400412321090698242e+00
-6.910717964172363281e+00
-3.117527961730957031e+00
-6.335479736328125000e+00
-7.912231087684631348e-01
-5.959872245788574219e+00
-3.869426250457763672e+00
-4.154885768890380859e+00
1.897126883268356323e-01
-1.162940502166748047e+00
-2.594316482543945312e+00
-4.911541461944580078e+00
-2.818415403366088867e+00
-1.540098190307617188e+00
-3.496096134185791016e+00
-8.266795277595520020e-01
-2.079441547393798828e+00
-2.542517483234405518e-01
-7.523949742317199707e-01
-2.729944705963134766e+00
-3.013867616653442383e+00
-1.955709457397460938e+00
-5.693829059600830078e+00
-4.071265220642089844e+00
-2.014537334442138672e+00
-2.428901433944702148e+00
-1.251005411148071289e+00
2.119442075490951538e-01
-2.563424348831176758e+00
-1.007828116416931152e+00
-3.674283266067504883e+00
2.128630399703979492e+00
-3.360864639282226562e+00
-3.208823680877685547e+00
-1.237814307212829590e+00
-3.852488040924072266e+00
-2.815045833587646484e+00
5.264008045196533203e-01
-7.042408943176269531e+00
-1.934139251708984375e+00
-2.829648256301879883e+00
-6.302808284759521484e+00
-1.992798209190368652e+00
-4.315930366516113281e+00
-7.651572227478027344e-01
-4.425514698028564453e+00
-3.340578317642211914e+00
-4.552616119384765625e+00
-3.439825400710105896e-02
-3.252945661544799805e+00
-5.842907905578613281e+00
7.029040902853012085e-02
-2.398320674896240234e+00
-3.643553972244262695e+00
-2.890463352203369141e+00
-5.333114266395568848e-01
1.248410344123840332e+00
2.055007934570312500e+00
-2.189145803451538086e+00
-2.030546903610229492e+00
-5.114935398101806641e+00
-3.956121206283569336e+00
-5.749915242195129395e-01
1.861117035150527954e-01
-3.411129951477050781e+00
-9.307354688644409180e-01
7.970716953277587891e-01
2.013784348964691162e-01
-1.304062247276306152e+00
-1.606312751770019531e+00
-2.191502809524536133e+00
-2.775895595550537109e+00
-1.149375081062316895e+00
-5.944588661193847656e+00
-1.167108297348022461e+00
-1.811162471771240234e+00
-2.540194749832153320e+00
3.592076599597930908e-01
-6.809857368469238281e+00
5.369428917765617371e-02
-3.682174205780029297e+00
1.226698637008666992e+00
-2.205082654953002930e+00
-1.922407507896423340e+00
-3.080184459686279297e+00
-2.412651300430297852e+00
-7.885152339935302734e+00
-3.190223217010498047e+00
-6.110157012939453125e+00
-3.171474695205688477e+00
-2.379158735275268555e+00
-2.341953992843627930e+00
-4.608050823211669922e+00
-2.210531949996948242e+00
-2.707393646240234375e+00
-4.596238613128662109e+00
-1.574770212173461914e+00
-5.698770523071289062e+00
-2.773191690444946289e+00
-4.924230098724365234e+00
-4.608406066894531250e+00
-4.243090629577636719e+00
-3.057729005813598633e+00
-2.036681175231933594e+00
-4.051599979400634766e+00
-2.706716537475585938e+00
-7.119541764259338379e-01
