-1.618964076042175293e-01
-1.743070930242538452e-01
-1.585511416196823120e-01
-1.186703592538833618e-01
-1.371720284223556519e-01
-1.217070370912551880e-01
-1.711418479681015015e-01
-2.192857861518859863e-01
-1.107770651578903198e-01
-6.113252043724060059e-02
-1.389186680316925049e-01
-1.748332977294921875e-01
-1.440356820821762085e-01
-1.323042362928390503e-01
-6.100112944841384888e-02
-1.077310517430305481e-01
-6.503630429506301880e-02
-2.077982425689697266e-01
-1.603261083364486694e-01
-1.410444527864456177e-01
-1.347871124744415283e-01
-1.276535689830780029e-01
-1.356955170631408691e-01
-1.579877436161041260e-01
-1.169671639800071716e-01
-1.349414438009262085e-01
-1.920723319053649902e-01
-1.059424355626106262e-01
-2.206712514162063599e-01
-2.462845891714096069e-01
-8.537041395902633667e-02
-8.497013896703720093e-02
-2.204590439796447754e-01
-1.547835320234298706e-01
-1.623534709215164185e-01
-1.583550870418548584e-01
-1.083251014351844788e-01
-1.047413051128387451e-01
-1.221393495798110962e-01
-4.184007272124290466e-02
-2.085550874471664429e-01
-2.094830572605133057e-01
-2.183881998062133789e-01
-1.431761384010314941e-01
-8.894674479961395264e-02
-1.924913674592971802e-01
-1.921062916517257690e-01
-2.048151195049285889e-01
-2.549523115158081055e-01
-8.909553289413452148e-02
-1.753813624382019043e-01
-5.987514182925224304e-02
-1.831039935350418091e-01
-1.927826702594757080e-01
-6.490330398082733154e-02
-1.943404674530029297e-01
-2.158712297677993774e-01
-9.607252478599548340e-02
-8.240396529436111450e-02
-1.677413880825042725e-01
-1.775399446487426758e-01
-8.159969002008438110e-02
-9.250293672084808350e-02
-6.699799001216888428e-02
-1.267498731613159180e-01
-8.119747787714004517e-02
-1.163962036371231079e-01
-1.380249559879302979e-01
-1.981670558452606201e-01
-2.016639262437820435e-01
-1.515495330095291138e-01
-6.526835262775421143e-02
-1.999074369668960571e-01
-6.934881955385208130e-02
-1.095961853861808777e-01
-3.030966594815254211e-02
-1.339421719312667847e-01
-1.362619698047637939e-01
-1.067660897970199585e-01
-1.497352123260498047e-01
-8.126570284366607666e-02
-1.813920885324478149e-01
-7.366582006216049194e-02
-1.962364464998245239e-01
-8.741687983274459839e-02
-1.952698081731796265e-01
-1.643839031457901001e-01
-1.474272757768630981e-01
-1.526065319776535034e-01
-4.824259504675865173e-02
-8.481464534997940063e-02
-1.536942869424819946e-01
-1.415314972400665283e-01
-5.780359357595443726e-02
-1.819568127393722534e-01
-9.195379167795181274e-02
-1.172493547201156616e-01
-5.587938800454139709e-02
-2.123165428638458252e-01
-1.881714910268783569e-01
-9.016095846891403198e-02
-1.097346693277359009e-01
-1.704911738634109497e-01
-7.195915281772613525e-02
-9.183129668235778809e-02
-4.807946830987930298e-02
-1.787526011466979980e-01
-1.688538491725921631e-01
-1.010878384113311768e-01
-1.292627602815628052e-01
-1.974905878305435181e-01
-1.179266795516014099e-01
-1.404097676277160645e-01
-1.254646033048629761e-01
-1.601769924163818359e-01
-1.763404607772827148e-01
-2.132017463445663452e-01
-4.751476645469665527e-02
-1.393351256847381592e-01
-1.571579873561859131e-01
-1.657001227140426636e-01
-6.701803207397460938e-02
-2.137263566255569458e-01
-1.033698692917823792e-01
-1.134016886353492737e-01
-1.247456967830657959e-01
-5.086230114102363586e-03
-1.882624477148056030e-01
-2.288780510425567627e-01
-2.105275243520736694e-01
-8.376496285200119019e-02
-1.132567599415779114e-01
-4.853246361017227173e-02
-1.432961970567703247e-01
-1.494468599557876587e-01
-2.035004943609237671e-01
-1.016740202903747559e-01
-1.527422666549682617e-01
-1.515688449144363403e-01
-1.839315444231033325e-01
-1.187710911035537720e-01
-1.706737279891967773e-01
-9.392820298671722412e-02
-5.340326949954032898e-02
-1.648590266704559326e-01
-1.250168532133102417e-01
-2.095154374837875366e-01
-1.370510309934616089e-01
-1.396591514348983765e-01
-1.982248723506927490e-01
-1.676277816295623779e-01
-5.643944814801216125e-02
-9.971472620964050293e-02
-8.392141014337539673e-02
-2.237768769264221191e-01
-1.089432016015052795e-01
-8.228817582130432129e-02
-2.090996950864791870e-01
-1.681486815214157104e-01
-1.571939885616302490e-01
-1.079440042376518250e-01
-1.606549918651580811e-01
-1.499087661504745483e-01
-1.442637294530868530e-01
-1.525830030441284180e-01
-7.740242034196853638e-02
-1.479887217283248901e-01
-1.227147132158279419e-01
-1.998398900032043457e-01
-9.678752720355987549e-02
-5.507862195372581482e-02
-9.496778994798660278e-02
-2.747861668467521667e-02
-1.220864579081535339e-01
-5.550038814544677734e-02
-1.992742270231246948e-01
-1.711294949054718018e-01
-1.435289680957794189e-01
-1.838740557432174683e-01
-9.067945927381515503e-02
-1.395485699176788330e-01
-9.520767629146575928e-02
-1.818414479494094849e-01
-1.805053055286407471e-01
-6.832596659660339355e-02
-1.945566385984420776e-01
-7.279983907938003540e-02
-1.346192657947540283e-01
-1.555791199207305908e-01
-8.246637880802154541e-02
-1.322556883096694946e-01
-1.409395188093185425e-01
9.397548623383045197e-03
-2.233964391052722931e-02
-1.241603419184684753e-01
-1.436196565628051758e-01
-1.412559747695922852e-01
-7.370924204587936401e-02
-1.251171231269836426e-01
-1.127490401268005371e-01
