-3.667614161968231201e-01
-2.755668163299560547e-01
-2.685171961784362793e-01
-1.953679770231246948e-01
-2.950388789176940918e-01
-2.163946032524108887e-01
-1.835444420576095581e-01
-2.608428895473480225e-01
-3.605093657970428467e-01
-4.551258087158203125e-01
-3.586165904998779297e-01
-2.146527171134948730e-01
-2.914358377456665039e-01
-2.728828191757202148e-01
-4.498827159404754639e-01
-2.420102506875991821e-01
-4.690568447113037109e-01
-1.991100162267684937e-01
-3.518630266189575195e-01
-3.088864684104919434e-01
-3.652565181255340576e-01
-2.669052183628082275e-01
-1.569328755140304565e-01
-3.406634628772735596e-01
-1.661989688873291016e-01
-3.532682657241821289e-01
-3.412854671478271484e-01
-4.179432094097137451e-01
-2.124895006418228149e-01
-3.051582574844360352e-01
-4.293318390846252441e-01
-3.253241181373596191e-01
-2.616541683673858643e-01
-2.201775312423706055e-01
-3.361910581588745117e-01
-3.414871096611022949e-01
-3.304511904716491699e-01
-3.129070699214935303e-01
-2.882133424282073975e-01
-3.384011685848236084e-01
-2.884872257709503174e-01
-2.220762968063354492e-01
-1.039330959320068359e-01
-2.400372773408889771e-01
-2.365345954895019531e-01
-3.143227398395538330e-01
-2.599114477634429932e-01
-1.678994745016098022e-01
-2.401065528392791748e-01
-2.533163130283355713e-01
-4.043469727039337158e-01
-2.090686857700347900e-01
-3.413191735744476318e-01
-3.358246386051177979e-01
-3.412850201129913330e-01
-3.158119320869445801e-01
-2.293236553668975830e-01
-3.435819447040557861e-01
-2.441963702440261841e-01
-1.671212464570999146e-01
-1.168243288993835449e-01
-1.441350728273391724e-01
-3.008955121040344238e-01
-2.914420366287231445e-01
-1.892310231924057007e-01
-3.566699326038360596e-01
-2.749347388744354248e-01
-2.678776979446411133e-01
-2.243422567844390869e-01
-2.571702599525451660e-01
-3.977427780628204346e-01
-8.476296812295913696e-02
-2.876546084880828857e-01
-3.119127154350280762e-01
-2.917321622371673584e-01
-3.434753119945526123e-01
-2.896661758422851562e-01
-3.152772188186645508e-01
-3.643210530281066895e-01
-2.274379581212997437e-01
-2.705465257167816162e-01
-3.064186871051788330e-01
-2.957730591297149658e-01
-3.174560070037841797e-01
-2.636438906192779541e-01
-2.865149676799774170e-01
-1.641993820667266846e-01
-2.759336531162261963e-01
-2.265928387641906738e-01
-4.445506334304809570e-01
-2.510688900947570801e-01
-1.291386485099792480e-01
-2.702272534370422363e-01
-2.920566797256469727e-01
-2.483928203582763672e-01
-3.300644159317016602e-01
-2.041497379541397095e-01
-2.445304989814758301e-01
-3.354678750038146973e-01
-4.023478627204895020e-01
-3.648774623870849609e-01
-4.026648998260498047e-01
-3.848964571952819824e-01
-3.751151263713836670e-01
-4.221397936344146729e-01
-4.095676839351654053e-01
-3.919052779674530029e-01
-3.520096838474273682e-01
-1.393858492374420166e-01
-2.654960155487060547e-01
-3.421860337257385254e-01
-1.853385269641876221e-01
-2.901397645473480225e-01
-2.663604617118835449e-01
-2.797685563564300537e-01
-4.120519757270812988e-01
-1.529923677444458008e-01
-1.121834218502044678e-01
-2.834946811199188232e-01
-3.426457941532135010e-01
-1.424526423215866089e-01
-1.369516700506210327e-01
-3.104655146598815918e-01
-7.355708628892898560e-02
-3.069210350513458252e-01
-2.859031260013580322e-01
-2.746698856353759766e-01
-2.838835716247558594e-01
-2.612099647521972656e-01
-2.963189482688903809e-01
-3.309032917022705078e-01
-3.674869239330291748e-01
-2.672617733478546143e-01
-2.086537331342697144e-01
-1.869953274726867676e-01
-8.682782948017120361e-02
-2.614510357379913330e-01
-2.835714519023895264e-01
-1.674172133207321167e-01
-1.435264647006988525e-01
-1.770702451467514038e-01
-4.412994682788848877e-01
-3.249637186527252197e-01
-1.599598228931427002e-01
-3.527826070785522461e-01
-2.346147596836090088e-01
-2.198540121316909790e-01
-2.766135334968566895e-01
-3.310832083225250244e-01
-3.704057931900024414e-01
-3.375806808471679688e-01
-4.583951830863952637e-01
-4.199481904506683350e-01
-3.656453490257263184e-01
-1.852988898754119873e-01
-1.688679605722427368e-01
-1.794782280921936035e-01
-1.402262300252914429e-01
-3.683344721794128418e-01
-3.726833462715148926e-01
-4.114260971546173096e-01
-2.852554321289062500e-01
-4.288370311260223389e-01
-2.405542731285095215e-01
-3.844945132732391357e-01
-1.842543482780456543e-01
-4.579186439514160156e-01
-1.651875972747802734e-01
-3.128685355186462402e-01
-1.774125844240188599e-01
-2.026567757129669189e-01
-3.741740882396697998e-01
-2.169791162014007568e-01
-3.583346903324127197e-01
-8.887013792991638184e-02
-2.693913280963897705e-01
-3.983744978904724121e-01
-2.866627871990203857e-01
-2.391033321619033813e-01
-2.606495022773742676e-01
-1.951733827590942383e-01
-2.077896744012832642e-01
-2.518649995326995850e-01
-2.422827333211898804e-01
-3.144771456718444824e-01
-1.828850060701370239e-01
-3.748121559619903564e-01
-1.577981412410736084e-01
-1.988057494163513184e-01
-3.203458786010742188e-01
-1.995167285203933716e-01
-3.479659855365753174e-01
-1.396487802267074585e-01
-2.480845898389816284e-01
-3.408892750740051270e-01
-1.229743510484695435e-01
-3.575300574302673340e-01
-3.235053420066833496e-01
-2.441728860139846802e-01
-3.951239287853240967e-01
