5.623761653900146484e+00 -3.641281127929687500e+00 3.784504413604736328e+00 8.157717704772949219e+00 -3.214907073974609375e+01 2.562378168106079102e+00 8.098336219787597656e+00 -2.061888504028320312e+01 -1.537019157409667969e+01 2.232317447662353516e+00
8.735015869140625000e+00 2.074427157640457153e-01 -5.557189941406250000e+00 1.258235645294189453e+01 -1.844621658325195312e+01 1.006032943725585938e+01 -3.311360836029052734e+00 -7.762628555297851562e+00 -2.676220321655273438e+01 -8.190001487731933594e+00
1.710056686401367188e+01 -1.503361320495605469e+01 8.293891906738281250e+00 -1.376478385925292969e+01 -1.428740310668945312e+01 1.102325630187988281e+01 -7.795577526092529297e+00 5.025589466094970703e+00 -8.919058799743652344e+00 9.408193588256835938e+00
2.336043357849121094e+01 -2.098014068603515625e+01 -4.195797443389892578e+00 3.623355627059936523e+00 -1.650872993469238281e+01 -6.332702159881591797e+00 7.446300029754638672e+00 -1.450060367584228516e+01 1.156326770782470703e+00 -3.052988290786743164e+00
1.748252296447753906e+01 -2.545115232467651367e+00 -1.415677452087402344e+01 7.944637775421142578e+00 -1.742751693725585938e+01 1.082698345184326172e+01 4.103660106658935547e+00 -1.241818428039550781e+01 2.288554668426513672e+00 -7.788349151611328125e+00
2.775053024291992188e+01 -2.799456119537353516e+00 1.171151447296142578e+01 -9.980337142944335938e+00 -1.516716003417968750e+01 9.351685523986816406e+00 1.015245676040649414e+00 -5.966191291809082031e+00 -1.241348552703857422e+01 -2.079623937606811523e+00
2.243694686889648438e+01 -1.919536972045898438e+01 -1.308478450775146484e+01 -5.838119387626647949e-01 -7.731034278869628906e+00 1.233211994171142578e+01 4.216655731201171875e+00 -8.758853912353515625e+00 -1.724884152412414551e+00 -8.399404525756835938e+00
2.445349502563476562e+01 -1.349153137207031250e+01 1.100809383392333984e+01 -1.826943278312683105e+00 -1.451861763000488281e+01 -3.783708065748214722e-02 -1.289444160461425781e+01 -7.914275646209716797e+00 -1.165397739410400391e+01 -7.597375869750976562e+00
1.319281673431396484e+01 -2.665950584411621094e+01 3.340410888195037842e-01 2.408762931823730469e+00 -2.017191314697265625e+01 -2.895126819610595703e+00 2.414901107549667358e-01 -1.047638511657714844e+01 -1.012177085876464844e+01 -9.892799377441406250e+00
-5.187591552734375000e+00 -1.645222091674804688e+01 1.061957740783691406e+01 7.728732585906982422e+00 -2.780075263977050781e+01 1.800282859802246094e+01 3.231247186660766602e+00 -7.122296333312988281e+00 -1.528011322021484375e+01 -7.310288906097412109e+00
1.981207656860351562e+01 6.145913600921630859e+00 -4.814455032348632812e+00 -2.885078907012939453e+00 -2.373902893066406250e+01 7.561305046081542969e+00 7.100375652313232422e+00 -2.441296339035034180e+00 -1.697731018066406250e+00 8.977943420410156250e+00
1.273054218292236328e+01 5.682383179664611816e-01 8.383846282958984375e+00 2.703586816787719727e+00 -1.209441089630126953e+01 7.905187129974365234e+00 9.442784309387207031e+00 -1.973343658447265625e+01 -2.310772323608398438e+01 3.731102705001831055e+00
1.309120750427246094e+01 -1.799547767639160156e+01 -1.522487998008728027e+00 1.175786781311035156e+01 -1.415607833862304688e+01 1.501380157470703125e+01 -7.389654636383056641e+00 -1.435367202758789062e+01 7.317952632904052734e+00 4.427173614501953125e+00
1.169619655609130859e+01 -6.451071262359619141e+00 2.727140188217163086e+00 -8.302739143371582031e+00 -1.405373668670654297e+01 2.757388877868652344e+01 -1.188536548614501953e+01 -6.664102077484130859e+00 3.763526678085327148e+00 -9.088027954101562500e+00
8.616993904113769531e+00 -2.158906936645507812e+01 4.316919326782226562e+00 -1.279058170318603516e+01 -2.843269920349121094e+01 1.535323905944824219e+01 1.132146644592285156e+01 -6.566924095153808594e+00 -1.100035786628723145e+00 -6.443615913391113281e+00
5.396958351135253906e+00 -9.343976974487304688e+00 9.111578941345214844e+00 -1.283099460601806641e+01 -2.604433631896972656e+01 -4.208340167999267578e+00 -1.304553508758544922e+01 -1.519946861267089844e+01 9.450819969177246094e+00 -6.724608421325683594e+00
6.274224758148193359e+00 -5.175754547119140625e+00 -1.477425456047058105e+00 -1.199177646636962891e+01 -3.558848190307617188e+01 7.387149810791015625e+00 -6.084550857543945312e+00 -9.346532821655273438e+00 -4.225780963897705078e+00 2.621515750885009766e+00
1.682431983947753906e+01 -2.027473258972167969e+01 -3.582168102264404297e+00 -3.879194259643554688e+00 -1.347685241699218750e+01 7.323030948638916016e+00 1.327074146270751953e+01 -1.767103767395019531e+01 -4.047906771302223206e-02 -6.105033874511718750e+00
2.007132148742675781e+01 -1.441073989868164062e+01 6.467037200927734375e+00 -7.739511966705322266e+00 -1.473509883880615234e+01 -1.335680127143859863e+00 4.624790191650390625e+00 -9.048622131347656250e+00 -2.435060882568359375e+01 -1.989573359489440918e+00
1.814704704284667969e+01 3.739423751831054688e-01 -5.480120182037353516e+00 1.148116946220397949e+00 -2.388986396789550781e+01 1.612619590759277344e+01 -1.440505981445312500e+01 -1.108237552642822266e+01 -4.531990528106689453e+00 -2.411877393722534180e+00
1.510241389274597168e+00 -2.774509048461914062e+01 1.549339580535888672e+01 3.360891819000244141e+00 -1.664420127868652344e+01 1.869970798492431641e+00 3.923277854919433594e+00 1.367142796516418457e+00 -1.687396430969238281e+01 8.303564071655273438e+00
1.691695404052734375e+01 -2.023408889770507812e+01 -8.067317962646484375e+00 -5.139860153198242188e+00 -1.469717025756835938e+01 2.132788848876953125e+01 1.072919368743896484e+00 -5.374348640441894531e+00 -4.211003780364990234e+00 -7.586882710456848145e-01
1.344181442260742188e+01 1.731124162673950195e+00 -6.678368568420410156e+00 -1.085889339447021484e+01 -3.361842346191406250e+01 1.050009489059448242e+00 1.710124015808105469e+01 -1.709491014480590820e+00 1.853964447975158691e+00 7.355829238891601562e+00
4.538659095764160156e+00 -6.172717809677124023e-01 2.818321228027343750e+00 5.266732215881347656e+00 -1.512090778350830078e+01 2.063803863525390625e+01 -1.159830379486083984e+01 -1.810505676269531250e+01 -1.938763236999511719e+01 6.551949977874755859e+00
8.936079025268554688e+00 -7.445214688777923584e-02 2.040551185607910156e+01 4.221914291381835938e+00 -7.031137466430664062e+00 6.374216079711914062e+00 -4.222365856170654297e+00 -1.981287384033203125e+01 -7.460144996643066406e+00 -1.468467807769775391e+01
1.086495208740234375e+01 -1.114969730377197266e+01 3.530093908309936523e+00 -1.367627334594726562e+01 -1.668944358825683594e+01 2.291163444519042969e+01 -1.180550003051757812e+01 -3.345852136611938477e+00 -1.742977523803710938e+01 -2.628768920898437500e+00
6.567148685455322266e+00 -7.291831970214843750e+00 6.887489318847656250e+00 1.114065170288085938e+00 -2.389748573303222656e+01 1.855833625793457031e+01 1.127141857147216797e+01 4.868862152099609375e+00 -6.641837120056152344e+00 -8.385732650756835938e+00
7.965375900268554688e+00 -5.105257511138916016e+00 -4.071395874023437500e+00 -5.352112770080566406e+00 -1.670658493041992188e+01 -1.241902589797973633e+00 1.233873939514160156e+01 -1.832139587402343750e+01 -9.895744323730468750e+00 1.831522369384765625e+01
1.226806640625000000e+01 -1.740141630172729492e+00 7.662443637847900391e+00 7.298861026763916016e+00 -3.399979400634765625e+01 5.239643573760986328e+00 -9.421550750732421875e+00 -1.829892349243164062e+01 4.831484317779541016e+00 4.832878112792968750e+00
4.964200973510742188e+00 -1.262433338165283203e+01 2.260666191577911377e-01 1.416023445129394531e+01 -1.932902336120605469e+01 5.331096172332763672e+00 -8.582175970077514648e-01 8.638787269592285156e+00 -9.260520935058593750e+00 7.171478271484375000e-01
6.325213909149169922e+00 -2.357421875000000000e+01 1.800845527648925781e+01 -3.908674001693725586e+00 -1.307119369506835938e+01 7.319618701934814453e+00 -8.489464759826660156e+00 -1.499406433105468750e+01 2.015629768371582031e+00 1.289928913116455078e+01
7.764649391174316406e+00 -1.295411014556884766e+01 1.985065841674804688e+01 1.429485321044921875e+01 -2.227268981933593750e+01 -4.001841545104980469e+00 5.014540195465087891e+00 -6.479150652885437012e-01 -1.185713005065917969e+01 -4.482156783342361450e-02
1.561451911926269531e+01 -1.631571388244628906e+01 -4.050477981567382812e+00 7.343238830566406250e+00 -2.646308326721191406e+01 7.400390148162841797e+00 -1.112266635894775391e+01 9.451804161071777344e+00 -1.279358148574829102e+00 -9.229907035827636719e+00
1.974422836303710938e+01 -1.066759872436523438e+01 1.182361602783203125e+01 -2.785480737686157227e+00 -1.880974006652832031e+01 9.032990455627441406e+00 4.373612403869628906e+00 -2.994173765182495117e-01 -1.666013956069946289e+00 -1.661224174499511719e+01
7.374692440032958984e+00 -2.108748245239257812e+01 1.507764053344726562e+01 1.227151393890380859e+00 -2.428118133544921875e+01 3.459503650665283203e-01 -1.453404426574707031e+01 1.388640594482421875e+01 -5.971262454986572266e+00 3.225303888320922852e+00
6.953749179840087891e+00 -2.640006303787231445e+00 1.728757095336914062e+01 6.766242504119873047e+00 -2.621607971191406250e+01 1.746467232704162598e+00 -1.177184343338012695e+00 -5.500280380249023438e+00 1.015379333496093750e+01 -9.043951988220214844e+00
2.352768707275390625e+01 -1.081731510162353516e+01 -6.185561180114746094e+00 2.037196397781372070e+00 -2.774440383911132812e+01 2.800297021865844727e+00 -8.475921630859375000e+00 -6.137443184852600098e-01 -6.285358428955078125e+00 9.955575942993164062e+00
1.325533962249755859e+01 -2.085581064224243164e+00 5.810479640960693359e+00 1.118181037902832031e+01 -2.685877418518066406e+01 -4.525084495544433594e+00 -7.518964767456054688e+00 -9.169346809387207031e+00 4.138857364654541016e+00 -1.247052192687988281e+01
2.471271038055419922e+00 -4.492062568664550781e+00 1.051469993591308594e+01 1.527946591377258301e+00 -3.290515518188476562e+01 6.339373588562011719e+00 -7.394932746887207031e+00 1.142857313156127930e+00 -1.987116813659667969e+01 -4.415954053401947021e-01
2.230073356628417969e+01 -1.417283344268798828e+01 -1.534694671630859375e+00 1.575356292724609375e+01 -9.287218093872070312e+00 8.629077911376953125e+00 -2.180662393569946289e+00 3.680460453033447266e+00 -8.208521842956542969e+00 -4.005872905254364014e-01
2.890240430831909180e+00 7.490685462951660156e+00 -3.897006034851074219e+00 1.032204723358154297e+01 5.288851737976074219e+00 -1.027298355102539062e+01 9.587704658508300781e+00 -8.694286346435546875e+00 -8.280249595642089844e+00 1.620054817199707031e+01
9.073387145996093750e+00 -8.832189559936523438e+00 1.257872772216796875e+01 1.388702774047851562e+01 1.060524177551269531e+01 -1.747289657592773438e+01 -2.180680084228515625e+01 -2.764368772506713867e+00 -9.809935569763183594e+00 -3.282150328159332275e-01
-3.402143955230712891e+00 -1.669612884521484375e+00 -5.378614425659179688e+00 1.836872482299804688e+01 1.960318374633789062e+01 -9.712906837463378906e+00 -4.849425792694091797e+00 -8.597062110900878906e+00 -8.912277221679687500e-01 -5.113550186157226562e+00
2.356522321701049805e+00 1.094012260437011719e+01 5.822382450103759766e+00 9.540057182312011719e+00 -6.152678132057189941e-01 -1.855508804321289062e+01 -1.377448272705078125e+01 -8.037554740905761719e+00 -4.482066154479980469e+00 2.256561279296875000e+01
2.125977754592895508e+00 -1.249122333526611328e+01 -1.697835922241210938e+01 4.824031352996826172e+00 -1.314231872558593750e+00 -7.176059246063232422e+00 -9.621353149414062500e+00 1.434743213653564453e+01 -7.719024181365966797e+00 1.417480564117431641e+01
-5.654540538787841797e+00 -4.065581798553466797e+00 -1.932850646972656250e+01 1.435968017578125000e+01 6.160422325134277344e+00 -2.385837554931640625e+01 -2.306034564971923828e+00 1.024025917053222656e+01 -2.483583688735961914e+00 7.270730972290039062e+00
-1.276507568359375000e+01 -1.070253014564514160e+00 6.898902893066406250e+00 6.721231460571289062e+00 1.351522350311279297e+01 -1.978330039978027344e+01 -1.522262096405029297e+01 9.343720436096191406e+00 -1.429483127593994141e+01 2.702567100524902344e+00
-8.672909736633300781e+00 8.560328483581542969e+00 -6.837573051452636719e-01 1.555385971069335938e+01 2.818342857062816620e-02 -3.217845439910888672e+00 -6.530920982360839844e+00 -1.575666332244873047e+01 -1.419609642028808594e+01 1.442336368560791016e+01
5.767396450042724609e+00 1.294121980667114258e+00 -7.767121315002441406e+00 1.552491664886474609e+01 5.209618568420410156e+00 -7.577238082885742188e+00 -3.189616203308105469e+01 -1.015993213653564453e+01 3.690357923507690430e+00 2.715470790863037109e+00
1.206753253936767578e+00 4.326406478881835938e+00 -7.188958525657653809e-01 2.074048423767089844e+01 7.568617343902587891e+00 -6.826687335968017578e+00 -1.276868629455566406e+01 1.150883674621582031e+01 -6.750340461730957031e+00 -5.497025966644287109e+00
-1.907968282699584961e+00 -6.932729721069335938e+00 -6.827542781829833984e+00 7.754864692687988281e+00 7.856214523315429688e+00 -1.996049118041992188e+01 -1.546953964233398438e+01 6.967791557312011719e+00 1.372027039527893066e+00 2.219455337524414062e+01
-5.584546566009521484e+00 -7.390646934509277344e+00 -1.505426597595214844e+01 1.190883827209472656e+01 1.142017173767089844e+01 -2.769463777542114258e+00 -1.453940010070800781e+01 4.445920944213867188e+00 -1.528595066070556641e+01 1.814206314086914062e+01
-6.856153488159179688e+00 1.167573547363281250e+01 -1.315297317504882812e+01 1.802924346923828125e+01 1.617004036903381348e+00 -1.550223350524902344e+01 -2.719022178649902344e+01 -4.946675300598144531e+00 -1.069046401977539062e+01 -3.938524961471557617e+00
-9.606410264968872070e-01 -1.083641052246093750e+01 -1.125404071807861328e+01 2.632990455627441406e+01 -4.559392452239990234e+00 -9.038059234619140625e+00 -1.752393150329589844e+01 4.883398056030273438e+00 -2.051308441162109375e+01 8.762529373168945312e+00
1.323735332489013672e+01 -1.022465348243713379e+00 -1.999695014953613281e+01 5.084886074066162109e+00 1.917972087860107422e+00 -1.786309814453125000e+01 -1.810311698913574219e+01 -4.271786689758300781e+00 -1.152782154083251953e+01 1.034846019744873047e+01
-1.781781387329101562e+01 -1.203804683685302734e+01 -2.342902421951293945e+00 2.167308425903320312e+01 3.766633749008178711e+00 -1.731878089904785156e+01 -1.644880485534667969e+01 -1.199025344848632812e+01 -4.924251079559326172e+00 1.093485832214355469e+01
1.426844024658203125e+01 3.144882917404174805e+00 8.832718849182128906e+00 5.246890187263488770e-01 2.783985376358032227e+00 -7.022208213806152344e+00 -2.308583450317382812e+01 -2.861169576644897461e+00 -1.850488853454589844e+01 9.147297859191894531e+00
-1.511771774291992188e+01 8.756032943725585938e+00 2.346488088369369507e-01 2.869862174987792969e+01 8.975196838378906250e+00 -1.093612194061279297e+01 -1.551302051544189453e+01 -1.452252388000488281e+00 1.564501404762268066e+00 -4.006845951080322266e+00
-1.793976020812988281e+01 6.035086631774902344e+00 3.206118822097778320e+00 4.343786716461181641e+00 1.021182727813720703e+01 -1.356833839416503906e+01 -2.379982185363769531e+01 -2.715765871107578278e-02 -2.494061851501464844e+01 7.124565124511718750e+00
-8.304550170898437500e+00 2.692505359649658203e+00 1.188544034957885742e-01 1.510679817199707031e+01 -1.187341213226318359e+00 -3.055477714538574219e+01 -2.674751758575439453e+00 1.870691490173339844e+01 -4.711129665374755859e+00 -4.193705081939697266e+00
5.130874633789062500e+00 1.919724345207214355e+00 -9.493317604064941406e+00 6.416495323181152344e+00 1.011358356475830078e+01 -2.375868034362792969e+01 -2.183359146118164062e+01 -1.478285884857177734e+01 9.792004585266113281e+00 -5.334425926208496094e+00
-3.950079083442687988e-01 -1.461035156250000000e+01 5.972217082977294922e+00 1.775504875183105469e+01 1.543835830688476562e+01 -1.360080909729003906e+01 -3.182021379470825195e+00 -9.494956582784652710e-02 -1.418968963623046875e+01 7.786252975463867188e+00
2.285036802291870117e+00 -1.045617580413818359e+01 -2.738912820816040039e+00 1.228742218017578125e+01 -4.104740142822265625e+00 -3.502590179443359375e+01 -3.558315753936767578e+00 -4.163853645324707031e+00 -6.043938159942626953e+00 1.055898571014404297e+01
-5.880187511444091797e+00 4.663449764251708984e+00 -3.721344947814941406e+00 1.378086376190185547e+01 -5.920751571655273438e+00 -3.487620925903320312e+01 -1.016502475738525391e+01 1.002633285522460938e+01 -4.863685131072998047e+00 -2.236194759607315063e-01
-2.579476833343505859e-01 -4.667243957519531250e+00 -1.206554508209228516e+01 1.880710792541503906e+01 -4.444840252399444580e-01 -2.501894378662109375e+01 2.265369415283203125e+00 -1.053017997741699219e+01 -1.474880790710449219e+01 1.013457489013671875e+01
-2.770186424255371094e+00 -9.350090026855468750e+00 -1.222741508483886719e+01 1.712713241577148438e+01 2.066667175292968750e+01 -8.255187988281250000e+00 -1.746812629699707031e+01 -2.558356761932373047e+00 -1.313927173614501953e+01 -7.681650161743164062e+00
1.008926391601562500e+01 1.389087557792663574e+00 -1.763126564025878906e+01 1.924756431579589844e+01 -8.742996454238891602e-01 -2.234006118774414062e+01 -5.542306423187255859e+00 4.580009460449218750e+00 -1.900749969482421875e+01 -8.629433631896972656e+00
-3.295849084854125977e+00 1.136157751083374023e+00 1.621039509773254395e+00 2.763910055160522461e+00 2.655925989151000977e+00 -8.257080078125000000e+00 -6.426842689514160156e+00 -3.124056339263916016e+00 -3.495220184326171875e+01 6.683520317077636719e+00
-9.431646347045898438e+00 -1.701170563697814941e+00 -4.589226722717285156e+00 7.729171752929687500e+00 1.674775695800781250e+01 -3.236356735229492188e+01 -5.898855209350585938e+00 -3.697235822677612305e+00 -1.842620658874511719e+01 6.141168594360351562e+00
2.801164388656616211e+00 -1.486395359039306641e+01 -6.445200920104980469e+00 1.153799629211425781e+01 1.778905296325683594e+01 -1.403057956695556641e+01 -1.709157943725585938e+01 -1.100028610229492188e+01 -7.153840065002441406e+00 -1.179638266563415527e+00
4.687234401702880859e+00 2.004169225692749023e+00 -1.309445142745971680e+00 1.962999343872070312e+01 -1.193601608276367188e+01 -1.246280765533447266e+01 -1.477302360534667969e+01 -4.620729446411132812e+00 -2.568198966979980469e+01 4.138454914093017578e+00
8.758924484252929688e+00 -1.200391292572021484e+01 2.714081525802612305e+00 1.486209487915039062e+01 2.078751754760742188e+01 -3.383621454238891602e+00 -1.734628868103027344e+01 -1.547982501983642578e+01 -2.393219757080078125e+01 4.375848770141601562e+00
-5.027391433715820312e+00 -1.799659919738769531e+01 3.917460441589355469e+00 1.537525367736816406e+01 2.197777986526489258e+00 -1.184322547912597656e+01 -1.106020736694335938e+01 6.106763839721679688e+00 -1.789882278442382812e+01 1.547158050537109375e+01
-8.765416741371154785e-01 1.119923496246337891e+01 -1.504835796356201172e+01 9.164018630981445312e+00 6.515334606170654297e+00 -5.707338333129882812e+00 -2.665461778640747070e+00 -5.429640293121337891e+00 -2.395895767211914062e+01 9.964516639709472656e+00
-4.178568840026855469e+00 -5.570539474487304688e+00 -1.072939038276672363e+00 -6.588131785392761230e-01 -1.441474795341491699e+00 -2.090254592895507812e+01 -2.132401466369628906e+01 -3.367311477661132812e+00 -2.348689460754394531e+01 5.453303337097167969e+00
-7.959217071533203125e+00 -8.938820958137512207e-01 3.741259276866912842e-01 1.446892166137695312e+01 1.244631767272949219e+01 -9.398069381713867188e+00 -2.423822402954101562e+01 6.714084148406982422e+00 -7.545252799987792969e+00 9.974615097045898438e+00
1.117794895172119141e+01 3.163579702377319336e+00 -8.881419181823730469e+00 1.870409965515136719e+01 8.795541763305664062e+00 -2.051603507995605469e+01 3.945775032043457031e+00 -5.261514186859130859e+00 -1.077407836914062500e+01 4.626533031463623047e+00
-4.909542083740234375e+00 2.648833036422729492e+00 -1.505639362335205078e+01 5.604569435119628906e+00 2.441975975036621094e+01 -1.076839160919189453e+01 -2.160908699035644531e+01 7.314533233642578125e+00 -1.836292076110839844e+01 -8.839782714843750000e+00
6.989913940429687500e+00 -9.247487783432006836e-01 -1.094004154205322266e+01 -4.858220219612121582e-01 1.046086597442626953e+01 -2.763065147399902344e+01 -1.103617382049560547e+01 -7.278767108917236328e+00 -3.612097024917602539e+00 1.918285942077636719e+01
1.468988704681396484e+01 2.071733713150024414e+00 -1.106548666954040527e+00 7.302889347076416016e+00 6.156094670295715332e-01 -8.775336265563964844e+00 -2.058000946044921875e+01 1.922669982910156250e+01 -9.791474342346191406e+00 8.463047981262207031e+00
-2.641447448730468750e+01 1.871805191040039062e+01 2.187787055969238281e+00 -2.201851654052734375e+01 8.694072723388671875e+00 5.526730537414550781e+00 -9.744726181030273438e+00 -2.302636146545410156e+00 -6.360115528106689453e+00 5.024763107299804688e+00
-2.460301589965820312e+01 2.981464624404907227e+00 -1.497303104400634766e+01 -1.461320590972900391e+01 -2.150325393676757812e+01 6.710880756378173828e+00 -2.114376544952392578e+00 5.240047931671142578e+00 3.021294832229614258e+00 1.097864246368408203e+01
-1.557832622528076172e+01 9.045135498046875000e+00 8.655518531799316406e+00 -5.224741935729980469e+00 -1.640376472473144531e+01 6.403990268707275391e+00 -2.197247505187988281e+01 -9.863961219787597656e+00 2.206772041320800781e+01 -3.951285362243652344e+00
8.956149101257324219e+00 1.085628032684326172e+01 -1.351245784759521484e+01 -1.083878803253173828e+01 -4.183633327484130859e+00 1.020521068572998047e+01 -3.085070419311523438e+01 -1.807653665542602539e+00 4.570782184600830078e+00 -4.346298217773437500e+00
-4.633014678955078125e+00 2.007309341430664062e+01 4.324369132518768311e-01 -1.916906547546386719e+01 -1.228392601013183594e+01 1.901191902160644531e+01 2.290760278701782227e+00 -1.745451164245605469e+01 1.096706295013427734e+01 -3.160864830017089844e+00
-1.150882530212402344e+01 6.025099754333496094e+00 -5.208863735198974609e+00 -2.422749710083007812e+01 -1.066246032714843750e+01 -6.192728996276855469e+00 -1.440010643005371094e+01 7.329940795898437500e+00 1.158712100982666016e+01 1.372053432464599609e+01
-4.398756027221679688e+00 7.630606174468994141e+00 -2.858012199401855469e+01 -1.289964771270751953e+01 -1.319103598594665527e+00 1.472257852554321289e+00 -1.083476257324218750e+01 -1.140657234191894531e+01 1.703643226623535156e+01 -1.051428413391113281e+01
-2.312321472167968750e+01 2.576856231689453125e+01 3.076878309249877930e+00 8.242053031921386719e+00 -8.339705467224121094e+00 -5.095772266387939453e+00 -1.152294063568115234e+01 3.595579147338867188e+00 -4.004228591918945312e+00 -9.123458862304687500e+00
-1.667506599426269531e+01 1.190323543548583984e+01 -1.884934997558593750e+01 5.239285945892333984e+00 -1.562987041473388672e+01 1.198901844024658203e+01 -1.106990718841552734e+01 3.680628061294555664e+00 -1.104162454605102539e+00 1.229289817810058594e+01
-2.105819702148437500e+01 4.648509979248046875e+00 9.439463615417480469e-01 -1.052742767333984375e+01 -1.424264526367187500e+01 2.335484886169433594e+01 -3.857884645462036133e+00 -2.355573177337646484e+00 1.693479537963867188e+00 -7.123266696929931641e+00
-1.966335296630859375e+01 9.661012649536132812e+00 -1.727767181396484375e+01 -9.337960243225097656e+00 -1.009951496124267578e+01 1.312055492401123047e+01 -1.140276432037353516e+00 -1.748140525817871094e+01 9.832946777343750000e+00 8.673390746116638184e-02
-2.232585716247558594e+01 6.502270698547363281e+00 6.772406101226806641e+00 -6.367308139801025391e+00 -1.242733192443847656e+01 1.190979766845703125e+01 -1.848855400085449219e+01 1.175262355804443359e+01 6.564577102661132812e+00 1.641316652297973633e+00
-1.519898891448974609e+01 1.320340156555175781e+01 -9.393024444580078125e+00 -1.592627048492431641e+01 1.028180789947509766e+01 4.966572761535644531e+00 -1.069258594512939453e+01 9.687720298767089844e+00 3.725896596908569336e+00 7.122508525848388672e+00
-2.768219757080078125e+01 1.434691238403320312e+01 -3.596107244491577148e+00 1.629784107208251953e-01 3.584817886352539062e+00 3.190882205963134766e+00 -3.542347908020019531e+00 -5.123070240020751953e+00 1.310021972656250000e+01 5.698870658874511719e+00
-1.732089805603027344e+01 2.249653244018554688e+01 -9.523092269897460938e+00 -1.282904243469238281e+01 -5.092607975006103516e+00 -2.376828908920288086e+00 -1.545039939880371094e+01 8.585432052612304688e+00 6.617567539215087891e+00 1.482119798660278320e+00
-1.219600677490234375e+01 2.385186958312988281e+01 -7.584196567535400391e+00 -2.090643310546875000e+01 -1.148556900024414062e+01 1.352490615844726562e+01 -6.465937137603759766e+00 -1.039298892021179199e+00 -1.343500518798828125e+01 -4.756825923919677734e+00
-1.252378654479980469e+01 1.037708282470703125e+01 -1.215519714355468750e+01 -6.280765533447265625e+00 6.434829711914062500e+00 1.051670837402343750e+01 -2.378107261657714844e+01 4.029035568237304688e+00 -1.322511304169893265e-02 1.092583656311035156e+01
-8.454416275024414062e+00 1.971694374084472656e+01 -8.062307357788085938e+00 -1.282456302642822266e+01 7.872781276702880859e+00 1.076049518585205078e+01 -1.839887046813964844e+01 -1.674055457115173340e+00 -4.680232524871826172e+00 -1.315357875823974609e+01
-1.065980720520019531e+01 4.187173366546630859e+00 -2.212910270690917969e+01 -1.430195713043212891e+01 1.345215678215026855e+00 2.686564636230468750e+01 -6.463391780853271484e+00 4.758474349975585938e+00 1.203256249427795410e+00 5.115530014038085938e+00
-2.483984565734863281e+01 7.608680248260498047e+00 -1.747544097900390625e+01 8.557239532470703125e+00 -1.292955780029296875e+01 5.344840049743652344e+00 -1.094178771972656250e+01 -9.782311439514160156e+00 2.102870225906372070e+00 -4.709164798259735107e-02
-7.582521915435791016e+00 6.644948959350585938e+00 -3.703399896621704102e+00 -2.764038085937500000e+00 -2.619666099548339844e+00 9.800079345703125000e+00 -2.078004837036132812e+01 2.251639604568481445e+00 1.863672447204589844e+01 -1.010008144378662109e+01
-3.004709053039550781e+01 1.066666030883789062e+01 1.073555278778076172e+01 -1.384532833099365234e+01 3.915840864181518555e+00 3.327624082565307617e+00 -8.073781967163085938e+00 -1.122504806518554688e+01 -1.099586963653564453e+00 9.740253448486328125e+00
-1.021301364898681641e+01 1.528675651550292969e+01 -1.113968944549560547e+01 -1.396434783935546875e+01 -1.081912422180175781e+01 -3.106151342391967773e+00 7.290937423706054688e+00 -3.068171262741088867e+00 1.334031581878662109e+01 1.676837348937988281e+01
-1.612711524963378906e+01 1.108630466461181641e+01 6.164235591888427734e+00 -1.494435119628906250e+01 -1.121211242675781250e+01 3.967120885848999023e+00 -4.534874439239501953e+00 -1.076541042327880859e+01 -7.985742092132568359e+00 2.504567718505859375e+01
-1.580447292327880859e+01 3.282254409790039062e+01 -8.443676948547363281e+00 1.869404435157775879e+00 -7.525688171386718750e+00 2.200146913528442383e+00 1.066526889801025391e+00 -1.124116325378417969e+01 1.298010110855102539e+00 -5.135790824890136719e+00
-8.410932421684265137e-01 1.445516395568847656e+01 -8.263967514038085938e+00 -9.006655693054199219e+00 -7.047966480255126953e+00 3.435738384723663330e-01 -2.206511306762695312e+01 -8.477762222290039062e+00 1.643091201782226562e+01 9.002668380737304688e+00
-1.446194934844970703e+01 9.718002319335937500e+00 -4.003273487091064453e+00 1.210242509841918945e+00 -8.986416816711425781e+00 2.570956420898437500e+01 -1.171770477294921875e+01 2.711485862731933594e+00 -2.840518951416015625e+00 6.496798515319824219e+00
-1.427834701538085938e+01 1.701919364929199219e+01 -8.206055641174316406e+00 5.109852790832519531e+00 -1.095190238952636719e+01 6.477284431457519531e+00 -1.584240245819091797e+01 -2.457716941833496094e+00 -8.072496414184570312e+00 -8.302539825439453125e+00
-1.825744628906250000e+01 1.468840312957763672e+01 9.305456161499023438e+00 2.155162334442138672e+00 2.385025501251220703e+00 8.824768066406250000e+00 -4.458641529083251953e+00 -2.925822019577026367e+00 -7.711118459701538086e-01 1.251518535614013672e+01
-1.411811828613281250e+01 6.885974407196044922e+00 -2.272868394851684570e+00 -2.370092964172363281e+01 5.475998401641845703e+00 1.739489555358886719e+01 -1.722651100158691406e+01 -6.103056907653808594e+00 7.882971763610839844e+00 -4.692362785339355469e+00
-5.023228168487548828e+00 1.308972716331481934e+00 -2.555667161941528320e+00 -2.317884826660156250e+01 -9.424132108688354492e-01 8.744844436645507812e+00 -2.385848236083984375e+01 -1.383693337440490723e+00 1.542146396636962891e+01 -2.764329671859741211e+00
-2.784705543518066406e+01 9.594646453857421875e+00 -1.053014159202575684e+00 -1.247604942321777344e+01 -7.807107567787170410e-01 -3.725268125534057617e+00 -2.237168884277343750e+01 -3.727633237838745117e+00 -3.019295454025268555e+00 -5.023282051086425781e+00
-8.992234230041503906e+00 6.543478965759277344e+00 3.750184297561645508e+00 -3.465055942535400391e+00 -3.105460929870605469e+01 -2.673687696456909180e+00 -4.474473476409912109e+00 -3.087052822113037109e+00 5.628339767456054688e+00 -8.082660436630249023e-01
2.693451881408691406e+00 1.534538269042968750e+01 -6.156607151031494141e+00 -2.476584434509277344e+01 -9.729268074035644531e+00 1.125711822509765625e+01 -1.402169704437255859e+01 1.625579357147216797e+00 7.028079032897949219e+00 7.376703739166259766e+00
-6.855923175811767578e+00 1.879602813720703125e+01 6.756634235382080078e+00 -5.207792758941650391e+00 -2.627004814147949219e+01 -4.879207611083984375e+00 -9.048447608947753906e+00 7.993597030639648438e+00 9.490600585937500000e+00 -8.140099525451660156e+00
-1.321451473236083984e+01 1.635939788818359375e+01 -8.989233016967773438e+00 -4.715354919433593750e+00 -2.174606513977050781e+01 7.361213564872741699e-01 -1.745739936828613281e+01 -9.657842636108398438e+00 -3.840102672576904297e+00 9.630897641181945801e-01
-2.225655174255371094e+01 2.287209510803222656e+01 -1.290294170379638672e+01 -4.575975894927978516e+00 -1.043152427673339844e+01 -4.313219070434570312e+00 3.099295854568481445e+00 6.603301525115966797e+00 3.810246467590332031e+00 -1.588571816682815552e-01
-2.922291183471679688e+01 2.044763183593750000e+01 -2.487698316574096680e+00 -9.802859306335449219e+00 -7.157419204711914062e+00 6.394780158996582031e+00 2.409364223480224609e+00 4.341403961181640625e+00 -5.131033420562744141e+00 -2.979070186614990234e+00
-1.012424087524414062e+01 1.855871391296386719e+01 -2.778832912445068359e+00 -4.181281566619873047e+00 -1.646443176269531250e+01 7.624854087829589844e+00 -1.884645462036132812e+01 -1.938962936401367188e+01 -6.894586563110351562e+00 1.318582344055175781e+01
-6.495884418487548828e+00 1.239288616180419922e+01 -2.057308197021484375e+00 -1.409253692626953125e+01 -1.349725914001464844e+01 -1.112552452087402344e+01 -1.667846488952636719e+01 -3.462685823440551758e+00 1.136063098907470703e+01 7.196065902709960938e+00
3.833343029022216797e+00 9.506234169006347656e+00 1.347725963592529297e+01 -2.232507514953613281e+01 4.654291629791259766e+00 -4.795550182461738586e-02 9.158034324645996094e+00 -5.486347675323486328e+00 -2.424760818481445312e+01 -1.118481636047363281e+01
1.827417564392089844e+01 1.509051990509033203e+01 -2.308864355087280273e+00 -1.323706626892089844e+01 1.545871138572692871e+00 -5.148832798004150391e+00 -1.191950559616088867e+00 6.675373554229736328e+00 5.129153132438659668e-01 -1.466290760040283203e+01
1.362075233459472656e+01 5.347606658935546875e+00 4.328279495239257812e+00 -2.944438171386718750e+01 1.576055169105529785e+00 -2.335056304931640625e+00 -3.327401161193847656e+00 9.558521270751953125e+00 7.110478401184082031e+00 -7.789487838745117188e+00
-1.726781725883483887e+00 -2.761307477951049805e+00 1.959981346130371094e+01 -2.108391952514648438e+01 -7.488513469696044922e+00 -1.594220638275146484e+01 -3.242004513740539551e-01 1.192889690399169922e+01 7.685185432434082031e+00 -1.181773471832275391e+01
1.172307777404785156e+01 -5.989840030670166016e+00 4.514975547790527344e+00 -2.366150856018066406e+01 1.433657741546630859e+01 5.971469879150390625e+00 5.797235012054443359e+00 3.246608018875122070e+00 6.937905788421630859e+00 -1.617399978637695312e+01
3.860400915145874023e+00 -1.098497486114501953e+01 2.906441926956176758e+00 -2.641869544982910156e+01 2.185730361938476562e+01 -8.020634651184082031e+00 -4.096753597259521484e+00 -8.346592903137207031e+00 -1.207202434539794922e+01 -4.166241645812988281e+00
4.829824924468994141e+00 -4.403579235076904297e+00 -1.058270740509033203e+01 -2.178326606750488281e+01 1.611302566528320312e+01 -1.778853797912597656e+01 1.452401828765869141e+01 -5.386816263198852539e-01 -1.110578441619873047e+01 -5.157335758209228516e+00
-1.687604665756225586e+00 3.986194133758544922e+00 9.433635711669921875e+00 -1.961391448974609375e+01 1.496353626251220703e+01 -1.053742599487304688e+01 -1.067027378082275391e+01 -6.369455814361572266e+00 -4.494672298431396484e+00 -2.979741287231445312e+01
9.288355827331542969e+00 -8.350440025329589844e+00 -2.144830703735351562e+00 -2.904471969604492188e+01 1.601562380790710449e+00 -1.432146644592285156e+01 1.219977283477783203e+01 6.463703632354736328e+00 5.976525306701660156e+00 -4.677943229675292969e+00
-9.718596458435058594e+00 5.636094570159912109e+00 -6.929531574249267578e+00 -1.146744155883789062e+01 -3.013447761535644531e+00 -1.857146453857421875e+01 1.239448928833007812e+01 2.217578697204589844e+01 -4.835962295532226562e+00 -1.202439212799072266e+01
1.003355026245117188e+00 3.444175004959106445e+00 -5.036407947540283203e+00 -1.929267692565917969e+01 2.494558334350585938e+01 -8.976086616516113281e+00 6.574815750122070312e+00 1.058845424652099609e+01 -8.428133964538574219e+00 -2.046851158142089844e+00
-3.811008214950561523e+00 -7.411159038543701172e+00 -7.211778640747070312e+00 -2.258413696289062500e+01 2.074581336975097656e+01 -2.762817144393920898e-01 8.090572357177734375e-01 6.285094261169433594e+00 -1.754976463317871094e+01 -1.387262058258056641e+01
3.072394132614135742e+00 -8.983798980712890625e+00 1.302121639251708984e+00 -2.567854499816894531e+01 4.072693824768066406e+00 -3.359300792217254639e-01 -1.586163997650146484e+00 1.003272056579589844e+01 -1.223786258697509766e+01 -2.180022430419921875e+01
5.854563236236572266e+00 8.953603744506835938e+00 4.926214218139648438e+00 -5.976059436798095703e+00 4.676849365234375000e+00 -2.103078460693359375e+01 1.467031383514404297e+01 -8.329879760742187500e+00 1.530744433403015137e+00 -6.858811378479003906e+00
1.887325286865234375e+01 -1.191598892211914062e+01 -3.712315559387207031e+00 -2.089316940307617188e+01 1.293633556365966797e+01 -1.360263919830322266e+01 -4.844386577606201172e+00 -8.652474403381347656e+00 -1.517927408218383789e+00 -2.668696165084838867e+00
1.910734367370605469e+01 -3.292979478836059570e+00 -2.073799133300781250e+00 -2.545123291015625000e+01 4.526121616363525391e+00 -9.184654235839843750e+00 3.149334192276000977e+00 -1.007490038871765137e+00 1.345888423919677734e+01 -9.467632174491882324e-01
9.440946578979492188e+00 1.325102233886718750e+01 -8.842631340026855469e+00 -2.279179954528808594e+01 -3.397983312606811523e+00 -8.707409858703613281e+00 4.284778118133544922e+00 -3.800008296966552734e+00 -1.175973796844482422e+01 -6.807466506958007812e+00
2.371229410171508789e+00 4.817405223846435547e+00 5.313211917877197266e+00 -3.209437942504882812e+01 4.934262275695800781e+00 1.124339818954467773e+00 1.025939559936523438e+01 -3.316502809524536133e+00 -1.263074684143066406e+01 1.028280353546142578e+01
2.078400802612304688e+01 -1.035818958282470703e+01 -2.588024377822875977e+00 -1.989865684509277344e+01 4.922832012176513672e+00 -2.014109611511230469e+00 -5.776528120040893555e-01 -1.201048612594604492e+00 -1.771649742126464844e+01 -1.505115270614624023e+00
-6.718213558197021484e+00 1.067486286163330078e+01 -3.308708965778350830e-02 -2.189691352844238281e+01 1.873407602310180664e+00 -1.497244930267333984e+01 1.439821147918701172e+01 4.525904178619384766e+00 1.114445328712463379e+00 -1.543641185760498047e+01
7.203266143798828125e+00 3.751536846160888672e+00 1.512323570251464844e+01 -2.511310768127441406e+01 5.254323482513427734e+00 -1.712711524963378906e+01 -1.147713088989257812e+01 -1.781240463256835938e+00 -1.148372364044189453e+01 -9.938675880432128906e+00
4.773235321044921875e+00 3.738694190979003906e+00 1.111026406288146973e+00 -2.795625495910644531e+01 4.483138561248779297e+00 -3.629444837570190430e+00 2.367512893676757812e+01 -3.867987155914306641e+00 -1.543472051620483398e+00 -1.644827270507812500e+01
6.364399909973144531e+00 1.634616470336914062e+01 6.066545486450195312e+00 -2.038171195983886719e+01 2.497160911560058594e+00 -5.236368179321289062e+00 1.879352688789367676e+00 -2.723485469818115234e+00 -4.313650608062744141e+00 -2.294456100463867188e+01
1.548517513275146484e+01 3.157257080078125000e+00 -1.433266162872314453e+01 -2.255751228332519531e+01 4.111769199371337891e+00 -1.417383670806884766e+01 1.436737728118896484e+01 -5.784461021423339844e+00 -1.021197032928466797e+01 -6.852034568786621094e+00
5.293300628662109375e+00 -1.412094783782958984e+01 1.169341182708740234e+01 -2.299658775329589844e+01 8.989645004272460938e+00 -1.436459445953369141e+01 5.172597885131835938e+00 -4.005668163299560547e+00 6.646737575531005859e+00 1.033492946624755859e+01
4.422973632812500000e+00 7.827739417552947998e-02 6.247429370880126953e+00 -3.224002075195312500e+01 6.200061798095703125e+00 -1.416994571685791016e+00 1.413949298858642578e+01 -9.806170463562011719e+00 7.176939487457275391e+00 -1.981581926345825195e+00
1.242824554443359375e+01 -8.030018806457519531e+00 1.109739303588867188e+01 -2.188638114929199219e+01 -1.982858061790466309e+00 -5.917125225067138672e+00 6.948199748992919922e+00 1.732985115051269531e+01 -7.606212615966796875e+00 1.797341406345367432e-01
8.827435493469238281e+00 -2.254409551620483398e+00 6.006916522979736328e+00 -1.052237510681152344e+01 1.009595489501953125e+01 6.203433990478515625e+00 1.625748038291931152e+00 9.154752731323242188e+00 -5.180601596832275391e+00 -2.304202461242675781e+01
8.103347778320312500e+00 -1.578974246978759766e+01 2.085802841186523438e+01 -9.875526428222656250e+00 1.276245784759521484e+01 -1.033749771118164062e+01 5.709298610687255859e+00 4.933958053588867188e+00 -7.030794143676757812e+00 -3.059712171554565430e+00
2.184758186340332031e+01 -4.546923160552978516e+00 9.987806320190429688e+00 -8.110338211059570312e+00 1.373496913909912109e+01 -1.050889492034912109e+01 1.064112663269042969e+01 -1.139209365844726562e+01 -1.175100445747375488e+00 -1.749472618103027344e+01
-3.288200855255126953e+00 8.767794609069824219e+00 4.094521999359130859e+00 -1.419250392913818359e+01 2.827033042907714844e+01 -7.325670123100280762e-01 -1.647645980119705200e-02 2.810986518859863281e+00 -4.816848278045654297e+00 -6.257411479949951172e+00
1.061133193969726562e+01 1.362365126609802246e+00 -3.947412967681884766e+00 -3.042910003662109375e+01 6.295554161071777344e+00 8.549083709716796875e+00 -1.278202533721923828e-01 6.136103153228759766e+00 -1.300403022766113281e+01 5.865958690643310547e+00
-1.048137187957763672e+01 9.775212287902832031e+00 1.582905006408691406e+01 -1.451219177246093750e+01 1.623383903503417969e+01 -6.961272239685058594e+00 4.347651004791259766e+00 -3.771178007125854492e+00 -1.347471427917480469e+01 -8.708005905151367188e+00
-9.002357482910156250e+00 -3.889381647109985352e+00 4.167734622955322266e+00 -3.165548706054687500e+01 1.736178588867187500e+01 -1.012382602691650391e+01 -8.140921592712402344e-02 6.368549168109893799e-02 1.059716939926147461e+00 -1.535182666778564453e+01
1.917721939086914062e+01 -3.751044273376464844e+00 -1.177751350402832031e+01 -1.423280334472656250e+01 1.641237831115722656e+01 -6.477011442184448242e-01 3.563498735427856445e+00 -8.552122116088867188e+00 3.241523265838623047e+00 -1.464242172241210938e+01
9.854568481445312500e+00 -1.775062942504882812e+01 4.351515293121337891e+00 -2.288397407531738281e+01 9.481960296630859375e+00 -3.012920141220092773e+00 -6.957188606262207031e+00 -4.284446239471435547e+00 -2.171965360641479492e+00 -2.276588439941406250e+01
7.621216773986816406e+00 8.872323989868164062e+00 1.463190460205078125e+01 -1.778779983520507812e+01 1.224123573303222656e+01 -2.009414100646972656e+01 -6.710158824920654297e+00 8.235069274902343750e+00 -5.243192315101623535e-01 -1.301543426513671875e+01
1.197105026245117188e+01 -8.700648307800292969e+00 9.656209945678710938e-01 -2.176943016052246094e+01 -9.455235481262207031e+00 -1.458898830413818359e+01 9.300374031066894531e+00 5.517225265502929688e+00 -1.279249954223632812e+01 -7.499161243438720703e+00
2.638172626495361328e+00 -6.991934776306152344e+00 3.722204566001892090e-01 -3.073611640930175781e+01 5.699095726013183594e+00 -1.134406948089599609e+01 -9.961391448974609375e+00 2.748952150344848633e+00 -1.278400421142578125e+00 -1.146182250976562500e+01
-4.842272758483886719e+00 -4.287754058837890625e+00 -8.823964118957519531e+00 -2.354722976684570312e+01 1.996531295776367188e+01 -1.463291835784912109e+01 -4.408469200134277344e+00 -1.276515573263168335e-01 1.460636711120605469e+01 -5.714234113693237305e-01
-1.319429492950439453e+01 -1.823343849182128906e+01 -1.170760917663574219e+01 -1.584586381912231445e+00 -1.414161109924316406e+01 -4.805637836456298828e+00 5.400080204010009766e+00 -2.003835916519165039e+00 1.022985363006591797e+01 -2.086103248596191406e+01
-3.269829559326171875e+01 -1.628617477416992188e+01 7.641118526458740234e+00 6.301720142364501953e+00 -3.396361768245697021e-01 -2.712691068649291992e+00 1.241301372647285461e-01 -1.416514205932617188e+01 -1.984289407730102539e+00 -3.139216423034667969e+00
-1.048762035369873047e+01 -2.965852355957031250e+01 -1.200115680694580078e+01 6.070682406425476074e-01 -1.362802028656005859e+00 1.430682182312011719e+01 1.349221229553222656e+01 -5.711201667785644531e+00 8.790040016174316406e+00 -6.527851581573486328e+00
-1.615250968933105469e+01 -6.573390483856201172e+00 -6.822320461273193359e+00 2.223907947540283203e+00 3.475632667541503906e+00 -9.588966369628906250e+00 1.510586833953857422e+01 -1.167577147483825684e+00 2.484951400756835938e+01 -1.552679443359375000e+01
-7.034726619720458984e+00 -9.281166076660156250e+00 -4.262814998626708984e+00 7.278692245483398438e+00 1.258610248565673828e+01 4.714119434356689453e+00 3.538116514682769775e-01 -2.724751710891723633e+00 8.347741365432739258e-01 -3.012403678894042969e+01
-1.652898216247558594e+01 -2.257306861877441406e+01 1.352026015520095825e-01 2.088868141174316406e+01 -8.975986480712890625e+00 -2.945114850997924805e+00 6.299200057983398438e+00 3.916845321655273438e+00 1.025802016258239746e+00 -1.436711788177490234e+01
-1.878778648376464844e+01 -2.488911819458007812e+01 2.201067924499511719e+00 2.337482720613479614e-01 2.061954689025878906e+01 1.483162403106689453e+00 3.556207656860351562e+00 -4.211399078369140625e+00 8.331878662109375000e+00 -7.186649799346923828e+00
-1.577361011505126953e+01 -1.668352508544921875e+01 -9.332330703735351562e+00 2.182279014587402344e+01 3.949348449707031250e+00 -1.251933383941650391e+01 8.887598991394042969e+00 9.860873222351074219e+00 -8.336887359619140625e-01 -1.043226242065429688e+01
-2.342935180664062500e+01 -2.281487655639648438e+01 1.934527587890625000e+01 4.379366934299468994e-01 -4.575074672698974609e+00 -2.377904415130615234e+00 1.362077617645263672e+01 6.536159515380859375e-01 1.214613437652587891e+01 1.374858975410461426e+00
-2.512083816528320312e+01 -2.028637123107910156e+01 1.852344572544097900e-01 8.416023254394531250e+00 -1.502949714660644531e+01 6.979463577270507812e+00 1.541275882720947266e+01 -3.332820415496826172e+00 6.522514820098876953e+00 -2.940391540527343750e+00
-1.683238410949707031e+01 -2.609401321411132812e+01 -8.331675529479980469e+00 4.073071956634521484e+00 -1.164121532440185547e+01 -2.536336898803710938e+00 1.077739000320434570e+00 5.671985149383544922e-01 1.552190971374511719e+01 -1.184641718864440918e+00
-3.602304458618164062e+01 -3.770525932312011719e+00 -2.484962940216064453e+00 7.801008224487304688e+00 6.466011047363281250e+00 -5.491429805755615234e+00 -1.098841190338134766e+00 -9.647384285926818848e-01 -8.463890075683593750e+00 -1.342043781280517578e+01
-2.464304733276367188e+01 -8.617425918579101562e+00 -1.516444492340087891e+01 7.756190299987792969e+00 8.612493515014648438e+00 -1.986206817626953125e+01 1.445425701141357422e+01 -3.151540040969848633e+00 3.240156888961791992e+00 -5.292670130729675293e-01
-6.220271587371826172e+00 -1.269148731231689453e+01 -1.044544124603271484e+01 -6.379300594329833984e+00 -6.521868228912353516e+00 -8.119971275329589844e+00 2.510652542114257812e+00 -7.121916770935058594e+00 2.040271568298339844e+01 -1.800676727294921875e+01
-5.807732582092285156e+00 -2.898178291320800781e+01 -1.103288841247558594e+01 -5.077350735664367676e-01 1.411137008666992188e+01 1.001370906829833984e+01 -5.791986942291259766e+00 3.034547805786132812e+00 1.597225427627563477e+00 -5.940955638885498047e+00
-5.831827640533447266e+00 -4.965850830078125000e+00 -6.956511974334716797e+00 1.118900775909423828e+01 3.815288782119750977e+00 4.061025619506835938e+00 2.125397109985351562e+01 6.739880084991455078e+00 3.754623413085937500e+00 -1.166307544708251953e+01
-2.983634948730468750e+01 -1.385900306701660156e+01 2.260501623153686523e+00 2.819400072097778320e+00 8.775842189788818359e-01 -2.936980009078979492e+00 7.118793964385986328e+00 1.007384300231933594e+01 1.084477424621582031e+01 -1.568365764617919922e+01
-1.515681838989257812e+01 -1.996842575073242188e+01 6.162554264068603516e+00 -6.999094009399414062e+00 6.790198802947998047e+00 8.114055633544921875e+00 5.437646508216857910e-01 4.022253513336181641e+00 -5.479777231812477112e-02 -2.452523422241210938e+01
-3.733730697631835938e+01 -1.371621417999267578e+01 -1.131567478179931641e+01 7.323886871337890625e+00 4.991841316223144531e+00 2.423901081085205078e+00 -3.709660470485687256e-01 -7.125121116638183594e+00 5.348101139068603516e+00 -7.914366722106933594e+00
-1.086353492736816406e+01 -1.594469904899597168e+00 -7.996655941009521484e+00 1.909144020080566406e+01 2.579265117645263672e+00 3.642210066318511963e-01 6.317734241485595703e+00 -7.130123615264892578e+00 1.926718711853027344e+01 -1.293892765045166016e+01
-5.209555625915527344e+00 -3.004130172729492188e+01 -7.553381919860839844e+00 3.724036514759063721e-01 1.613814163208007812e+01 -4.110241413116455078e+00 1.485606384277343750e+01 -1.206408500671386719e+01 6.303091049194335938e+00 -2.331747710704803467e-01
-1.488230705261230469e+01 -8.197841644287109375e+00 5.819128751754760742e-01 1.651802062988281250e+01 1.592971801757812500e+00 1.592191314697265625e+01 1.748098015785217285e+00 3.032754659652709961e+00 2.810742378234863281e+00 -1.129424858093261719e+01
-2.501120567321777344e+01 -1.728611946105957031e+01 -1.107716655731201172e+01 -6.780377388000488281e+00 4.007748126983642578e+00 1.412816810607910156e+01 4.216590881347656250e+00 1.969383621215820312e+01 -7.331634998321533203e+00 -3.936212539672851562e+00
-1.799537277221679688e+01 -2.015155220031738281e+01 8.171696662902832031e+00 -9.623877525329589844e+00 -5.873843669891357422e+00 1.534591579437255859e+01 -3.014810800552368164e+00 3.660508394241333008e+00 4.458656787872314453e+00 -9.619359970092773438e+00
-1.742380523681640625e+01 -1.725341033935546875e+01 -1.631576919555664062e+01 1.328812694549560547e+01 -4.464258670806884766e+00 5.384959220886230469e+00 2.224237060546875000e+01 -1.422456169128417969e+01 -8.739122390747070312e+00 -9.377998352050781250e+00
-5.802958488464355469e+00 -1.988939857482910156e+01 -1.785734415054321289e+00 1.060974502563476562e+01 6.761794567108154297e+00 4.999080181121826172e+00 -5.187941074371337891e+00 -1.956022262573242188e+00 1.521253013610839844e+01 -2.009398651123046875e+01
-1.048467159271240234e+01 -2.764537429809570312e+01 -1.363025474548339844e+01 5.956566810607910156e+00 1.684146118164062500e+01 3.508328199386596680e+00 1.141738796234130859e+01 4.725767612457275391e+00 -9.964693069458007812e+00 -2.707471609115600586e+00
-1.731503105163574219e+01 -2.964895248413085938e+01 -4.578116238117218018e-01 1.111434078216552734e+01 -5.898680686950683594e+00 -7.279465198516845703e+00 8.033406257629394531e+00 1.054755592346191406e+01 -8.032010078430175781e+00 5.856411933898925781e+00
-1.017381572723388672e+01 -1.440784740447998047e+01 1.719273447990417480e+00 1.557846641540527344e+01 -3.411568164825439453e+00 -1.397006988525390625e+01 1.081364059448242188e+01 1.526099395751953125e+01 1.967447996139526367e+00 -1.070507240295410156e+01
-1.983614540100097656e+01 -1.077585411071777344e+01 4.647003173828125000e+00 7.415712833404541016e+00 7.850008010864257812e+00 1.084830284118652344e+01 1.188390350341796875e+01 9.464009284973144531e+00 -9.904395103454589844e+00 -1.557392787933349609e+01
-1.123742103576660156e+01 -1.408118820190429688e+01 -2.278668022155761719e+01 1.319806003570556641e+01 4.930083453655242920e-02 7.419425010681152344e+00 6.802776336669921875e+00 1.119380283355712891e+01 1.446861028671264648e+00 -7.922307968139648438e+00
-1.407381629943847656e+01 -1.150390815734863281e+01 -1.236755657196044922e+01 1.418290901184082031e+01 6.933722972869873047e+00 3.455635309219360352e+00 1.687042808532714844e+01 -2.139713859558105469e+01 8.285688400268554688e+00 -6.301298618316650391e+00
-1.535675334930419922e+01 -2.921898460388183594e+01 -1.219199180603027344e+01 -7.889856338500976562e+00 4.142388328909873962e-02 8.485277175903320312e+00 1.880085563659667969e+01 2.328976631164550781e+00 5.713559150695800781e+00 -1.062152576446533203e+01
-1.886691093444824219e+01 -7.449451446533203125e+00 -2.531158208847045898e+00 3.324075698852539062e+00 3.167051553726196289e+00 -2.657042264938354492e+00 1.560291481018066406e+01 6.796303272247314453e+00 1.313819026947021484e+01 2.307482004165649414e+00
-1.961350822448730469e+01 -9.489538192749023438e+00 4.494701385498046875e+00 8.045602798461914062e+00 1.083007574081420898e+00 -1.723793745040893555e+00 2.209164428710937500e+01 -1.487860393524169922e+01 -9.231516838073730469e+00 -1.039477252960205078e+01
-7.152987003326416016e+00 -8.050844192504882812e+00 -2.106830406188964844e+01 1.427900123596191406e+01 -1.392430114746093750e+01 -6.878856182098388672e+00 1.602034568786621094e+01 3.603604316711425781e+00 6.857364654541015625e+00 -1.720076799392700195e+00
-1.751970863342285156e+01 -1.516703987121582031e+01 -7.596008777618408203e+00 2.506981658935546875e+01 1.105137729644775391e+01 -1.409919142723083496e+00 1.292943477630615234e+00 -4.480571269989013672e+00 4.209982872009277344e+00 1.051486581563949585e-01
-2.415583992004394531e+01 -1.754088592529296875e+01 -1.773610687255859375e+01 -1.635071158409118652e+00 3.358870744705200195e+00 5.969501018524169922e+00 6.109773635864257812e+00 -1.157856750488281250e+01 1.018959331512451172e+01 -1.908986926078796387e+00
-1.326405429840087891e+01 -1.351951026916503906e+01 -8.941360473632812500e+00 -7.384426593780517578e+00 -1.811951637268066406e+00 -2.525408506393432617e+00 2.505689048767089844e+01 -8.858614921569824219e+00 9.121444702148437500e+00 -1.793763160705566406e+01
-2.903091430664062500e+01 -9.607565879821777344e+00 -9.498422622680664062e+00 -1.236002635955810547e+01 -1.696600556373596191e+00 -2.623328208923339844e+00 2.337645721435546875e+01 6.721285820007324219e+00 -1.753542304039001465e+00 -5.459986686706542969e+00
