-1.812426209449768066e+00 -5.183901786804199219e-01 -2.428259849548339844e+00 5.373461723327636719e+00 -7.433399677276611328e+00 -8.852253913879394531e+00 -3.536043930053710938e+01 1.526018428802490234e+01 -8.614315032958984375e+00 2.758147716522216797e+00
-1.151431846618652344e+01 4.351792812347412109e+00 3.267511129379272461e-01 1.428596878051757812e+01 9.205732345581054688e+00 9.822552800178527832e-01 -2.105324745178222656e+01 1.741684913635253906e+01 -1.343805408477783203e+01 1.488198876380920410e+00
-2.110045242309570312e+01 1.358894824981689453e+01 -3.740550279617309570e+00 2.017005729675292969e+01 -7.980997562408447266e+00 3.962001562118530273e+00 -1.178218650817871094e+01 -9.541127204895019531e+00 -1.088028621673583984e+01 -9.281312942504882812e+00
-1.903746414184570312e+01 -8.542192459106445312e+00 -8.825616836547851562e+00 1.567098712921142578e+01 1.044710445404052734e+01 2.929597616195678711e+00 -2.131162261962890625e+01 9.835135459899902344e+00 -1.181309986114501953e+01 4.987700462341308594e+00
-1.987053680419921875e+01 -4.344520568847656250e+00 -1.031443977355957031e+01 2.499872589111328125e+01 -1.271868515014648438e+01 -9.605346679687500000e+00 -1.254549312591552734e+01 1.209356427192687988e+00 2.751932382583618164e+00 6.170773029327392578e+00
-8.783760070800781250e+00 6.222311496734619141e+00 -1.022303295135498047e+01 2.335780525207519531e+01 -5.676142692565917969e+00 1.540089011192321777e+00 -1.732529830932617188e+01 1.367708778381347656e+01 -8.783639907836914062e+00 -6.882739067077636719e+00
-6.813109397888183594e+00 5.939262866973876953e+00 -1.833327531814575195e+00 1.799688339233398438e+01 -1.028621864318847656e+01 -9.459461212158203125e+00 -3.064763069152832031e+01 -8.458808898925781250e+00 9.480606079101562500e+00 8.471193313598632812e+00
-2.080070304870605469e+01 1.318719387054443359e+01 3.532228767871856689e-01 9.123065948486328125e+00 1.299667835235595703e+01 -7.532715320587158203e+00 -1.592954158782958984e+01 1.305565983057022095e-01 -3.268025636672973633e+00 6.141041755676269531e+00
-9.271464347839355469e+00 -1.055302047729492188e+01 9.607738494873046875e+00 1.724235916137695312e+01 -2.333929777145385742e+00 -3.819017887115478516e+00 -2.464799690246582031e+01 -1.481711769104003906e+01 -6.319239616394042969e+00 -2.905694246292114258e+00
-1.154210567474365234e+01 1.618566322326660156e+01 -1.119961452484130859e+01 1.876227760314941406e+01 -2.634332418441772461e+00 8.833115577697753906e+00 -1.823697853088378906e+01 -1.169150352478027344e+01 -1.091245174407958984e+01 2.646236658096313477e+00
-1.530322647094726562e+01 -4.226172924041748047e+00 -3.031624078750610352e+00 1.488739871978759766e+01 -1.419979858398437500e+01 -1.921180915832519531e+01 -1.589012908935546875e+01 -8.401322364807128906e+00 9.689528942108154297e-01 3.410371065139770508e+00
-3.168618774414062500e+01 -1.877935528755187988e+00 -7.622827053070068359e+00 5.032216072082519531e+00 4.246635913848876953e+00 8.913585662841796875e+00 -1.541596031188964844e+01 -3.178439140319824219e+00 5.774510860443115234e+00 9.734761238098144531e+00
-7.820595741271972656e+00 -9.574006080627441406e+00 1.596752166748046875e+00 1.109659481048583984e+01 -7.909651756286621094e+00 3.988783121109008789e+00 -2.300457763671875000e+01 6.538187026977539062e+00 -1.715046691894531250e+01 1.317031669616699219e+01
-1.457498836517333984e+01 2.813391685485839844e+00 7.575990200042724609e+00 2.402526664733886719e+01 -1.307556533813476562e+01 -6.470962524414062500e+00 -9.263031005859375000e+00 -4.568779468536376953e+00 -1.691570663452148438e+01 8.776448249816894531e+00
-4.808720111846923828e+00 5.951735973358154297e+00 -6.366803169250488281e+00 1.142760562896728516e+01 -2.938796997070312500e+00 4.495405673980712891e+00 -2.727993583679199219e+01 3.086745738983154297e+00 -1.394783878326416016e+01 -9.408939361572265625e+00
-1.364453887939453125e+01 -1.140278697013854980e+00 7.442302703857421875e+00 2.143875885009765625e+01 3.785618543624877930e-01 -5.959901332855224609e+00 -2.302101135253906250e+01 -5.973010540008544922e+00 1.316907119750976562e+01 -2.486641883850097656e+00
-8.775147438049316406e+00 9.475055694580078125e+00 8.817544937133789062e+00 1.687733268737792969e+01 8.046215057373046875e+00 -1.074977874755859375e+01 -2.109881591796875000e+01 -1.216774177551269531e+01 -2.576370239257812500e-01 -7.527032375335693359e+00
-1.052471446990966797e+01 4.314406394958496094e+00 1.022783756256103516e+01 1.105898189544677734e+01 -1.246894454956054688e+01 -7.110679149627685547e+00 -1.622133445739746094e+01 7.929386138916015625e+00 1.255883884429931641e+01 5.263140201568603516e+00
5.498853206634521484e+00 2.209804296493530273e+00 -3.203391075134277344e+00 1.762133979797363281e+01 1.361297249794006348e+00 -9.292160034179687500e+00 -1.988222503662109375e+01 -8.786370277404785156e+00 -1.144012451171875000e+00 1.705372428894042969e+01
5.173936843872070312e+00 6.519939899444580078e+00 -1.655222177505493164e+00 1.432619857788085938e+01 -8.505599975585937500e+00 1.396555328369140625e+01 -1.896517181396484375e+01 -7.751209259033203125e+00 -3.378672122955322266e+00 -5.144358158111572266e+00
-7.266088962554931641e+00 7.422064304351806641e+00 -9.334954261779785156e+00 1.531547260284423828e+01 -1.613456535339355469e+01 -4.468535900115966797e+00 -2.655276679992675781e+01 -1.377854347229003906e+00 4.070894718170166016e-01 -1.312894630432128906e+01
-6.413915157318115234e+00 -9.706336975097656250e+00 -2.321987628936767578e+00 2.626126098632812500e+01 -1.370811367034912109e+01 1.127642273902893066e+00 -1.659678268432617188e+01 -1.462481617927551270e+00 4.061512470245361328e+00 3.488652467727661133e+00
-1.050245094299316406e+01 -1.131764411926269531e+00 -4.651373326778411865e-01 4.562152385711669922e+00 1.765187084674835205e-02 1.064846706390380859e+01 -1.560372257232666016e+01 -1.131045818328857422e+01 -4.824906826019287109e+00 1.779466438293457031e+01
-7.561407089233398438e+00 5.937042236328125000e+00 -1.661963653564453125e+01 2.242531776428222656e+01 -1.226811313629150391e+01 4.857981204986572266e+00 -1.026704978942871094e+01 -1.283344030380249023e+00 -1.030784416198730469e+01 8.419844627380371094e+00
-1.052013778686523438e+01 -2.298431396484375000e+00 2.501483678817749023e+00 2.505057716369628906e+01 2.561341762542724609e+00 -8.930353164672851562e+00 -1.824272537231445312e+01 -1.017478275299072266e+01 -1.546628713607788086e+00 -1.280327129364013672e+01
-1.340289592742919922e+01 -1.144070243835449219e+01 7.023350715637207031e+00 1.089157867431640625e+01 -1.015085315704345703e+01 -5.302574634552001953e+00 -3.272348403930664062e+01 7.704236507415771484e+00 -4.815465927124023438e+00 3.417109251022338867e+00
-9.463930130004882812e+00 1.354217720031738281e+01 7.892992496490478516e+00 4.438350677490234375e+00 -1.149024486541748047e+01 -1.518423557281494141e+01 -1.091028594970703125e+01 1.246223735809326172e+01 1.137145638465881348e+00 4.770538806915283203e+00
-6.161042213439941406e+00 1.088945770263671875e+01 -1.131984424591064453e+01 6.950607299804687500e+00 -9.504968643188476562e+00 3.267915725708007812e+00 -3.531705093383789062e+01 -7.404369354248046875e+00 5.636673450469970703e+00 3.818020343780517578e+00
-1.522995662689208984e+01 1.051030445098876953e+01 1.378758698701858521e-01 1.463017463684082031e+00 5.608188152313232422e+00 1.315593814849853516e+01 -2.987270927429199219e+01 -1.084001922607421875e+01 -4.170961856842041016e+00 8.166557312011718750e+00
-6.010866641998291016e+00 -1.141733455657958984e+01 -1.660045433044433594e+01 2.134383010864257812e+01 -2.797538042068481445e+00 -6.579938888549804688e+00 -1.239596843719482422e+01 -1.181891441345214844e+00 -2.659006595611572266e+00 1.591852092742919922e+01
-6.642238616943359375e+00 1.891594505310058594e+01 -2.615464210510253906e+00 1.584091377258300781e+01 -2.919881582260131836e+00 -1.335449123382568359e+01 -1.695174789428710938e+01 -3.134780406951904297e+00 -1.828526496887207031e+01 8.453205108642578125e+00
2.376220226287841797e+00 -6.887674927711486816e-01 -1.069948792457580566e+00 1.124467182159423828e+01 -1.720470809936523438e+01 2.487539529800415039e+00 -2.071564483642578125e+01 -1.352352237701416016e+01 -1.693008232116699219e+01 -5.707305669784545898e-01
4.107501983642578125e+00 4.433419227600097656e+00 6.250306129455566406e+00 2.071118545532226562e+01 7.533908843994140625e+00 -4.140462398529052734e+00 -1.417233276367187500e+01 -1.092842197418212891e+01 -3.942707538604736328e+00 6.615459918975830078e+00
-2.216416168212890625e+01 1.454333400726318359e+01 5.258086681365966797e+00 5.043623447418212891e+00 -8.461284637451171875e+00 -1.391621398925781250e+01 -1.621912193298339844e+01 9.468807220458984375e+00 -1.406330585479736328e+01 9.018482208251953125e+00
8.043111801147460938e+00 -5.678448200225830078e+00 9.320472717285156250e+00 1.953654670715332031e+01 -1.027127742767333984e+01 -6.469747066497802734e+00 -2.267103767395019531e+01 -3.101470470428466797e+00 -1.676691246032714844e+01 -4.582369327545166016e+00
-1.399375438690185547e+01 -6.137659072875976562e+00 -2.545972585678100586e+00 2.644706916809082031e+01 -1.548899269104003906e+01 4.628202915191650391e+00 -9.334318161010742188e+00 -1.643279552459716797e+00 -3.772950649261474609e+00 -3.796358108520507812e+00
-1.874662399291992188e+01 -7.619420886039733887e-01 -1.561163616180419922e+01 1.776499176025390625e+01 1.394594860076904297e+01 -9.632790565490722656e+00 -2.036247253417968750e+01 2.892555952072143555e+00 -8.323363304138183594e+00 -6.024754524230957031e+00
-3.049818754196166992e+00 5.121444225311279297e+00 7.847528457641601562e+00 1.034997367858886719e+01 -7.281674861907958984e+00 1.325363826751708984e+01 -1.870911598205566406e+01 5.014860630035400391e+00 6.385544300079345703e+00 4.211895942687988281e+00
1.746513247489929199e+00 -2.531281232833862305e+00 -1.906371307373046875e+01 2.204648971557617188e+01 -6.100681424140930176e-01 -7.917762756347656250e+00 -2.640233612060546875e+01 -5.680017471313476562e+00 2.616315841674804688e+00 1.311256980895996094e+01
-1.554246711730957031e+01 1.632345581054687500e+01 3.929807424545288086e+00 -1.717417120933532715e+00 -7.806076526641845703e+00 -5.918096542358398438e+00 -2.741220092773437500e+01 7.251879215240478516e+00 -1.004576683044433594e+01 5.631813049316406250e+00
1.566573905944824219e+01 -1.207870769500732422e+01 -4.495949268341064453e+00 -6.596642017364501953e+00 -6.610016345977783203e+00 9.877828598022460938e+00 1.450044536590576172e+01 -2.626518964767456055e+00 -1.887310600280761719e+01 -1.130027484893798828e+01
6.317234516143798828e+00 2.919850111007690430e+00 -3.672440767288208008e+00 -1.759027242660522461e-01 2.842448472976684570e+00 2.181652641296386719e+01 4.595547199249267578e+00 -5.788229465484619141e+00 -1.186445140838623047e+01 -2.298111343383789062e+01
4.403329849243164062e+00 -2.604779005050659180e+00 -2.550937080383300781e+01 6.960138797760009766e+00 -1.116830348968505859e+01 1.682884693145751953e+00 1.025250053405761719e+01 1.294106388092041016e+01 -1.639286422729492188e+01 1.976166963577270508e+00
7.990261077880859375e+00 2.291860103607177734e+00 3.565824508666992188e+00 -1.331846332550048828e+01 -2.310519790649414062e+01 1.914542198181152344e+01 3.364418268203735352e+00 -3.727830946445465088e-01 -1.905405616760253906e+01 1.599928379058837891e+00
2.579783439636230469e+00 -1.844178080558776855e+00 -3.503071069717407227e+00 -9.431118011474609375e+00 1.447742581367492676e+00 2.373227834701538086e+00 2.318437576293945312e+00 1.095227050781250000e+01 -3.679058456420898438e+01 4.224229812622070312e+00
1.113692378997802734e+01 4.185934960842132568e-01 -2.836138010025024414e+00 -1.540433311462402344e+01 1.995000243186950684e+00 1.665152072906494141e+00 1.970831489562988281e+01 -1.036555385589599609e+01 -2.517498016357421875e+01 -1.323808765411376953e+01
4.871668338775634766e+00 -1.799572587013244629e+00 -1.241535758972167969e+01 -1.369586467742919922e+01 -8.513327598571777344e+00 1.311706829071044922e+01 2.441088294982910156e+01 4.875625610351562500e+00 -1.379959678649902344e+01 -4.854038238525390625e+00
1.505364775657653809e+00 2.106815338134765625e+01 -6.729469299316406250e-01 -2.241355133056640625e+01 -5.469655036926269531e+00 -4.975459098815917969e+00 4.120800971984863281e+00 1.076854419708251953e+01 -1.655760574340820312e+01 -1.261171722412109375e+01
-6.574530601501464844e+00 9.971365928649902344e+00 -2.063518524169921875e+01 -1.280482578277587891e+01 9.404573440551757812e+00 1.620172691345214844e+01 5.210000038146972656e+00 -4.917226791381835938e+00 -2.051099586486816406e+01 -8.626732826232910156e+00
-5.296348094940185547e+00 6.111904621124267578e+00 -1.117385864257812500e+01 2.722631216049194336e+00 -5.981661796569824219e+00 1.271602630615234375e+01 1.568064880371093750e+01 -4.373413324356079102e-01 -1.703563117980957031e+01 -1.538183212280273438e+01
1.610083198547363281e+01 1.073170185089111328e+01 -9.676305770874023438e+00 -2.561659049987792969e+01 2.785354137420654297e+00 4.060986995697021484e+00 -3.037902355194091797e+00 4.011009216308593750e+00 -2.454529380798339844e+01 -6.067493438720703125e+00
-1.896490007638931274e-01 6.981861591339111328e+00 2.154471635818481445e+00 1.934538125991821289e+00 9.615777969360351562e+00 2.699968814849853516e+00 7.026932716369628906e+00 2.389809370040893555e+00 -3.198114013671875000e+01 4.935655593872070312e+00
1.616437149047851562e+01 6.858521461486816406e+00 -1.138637733459472656e+01 7.007701992988586426e-01 -1.118088150024414062e+01 3.215313196182250977e+00 -3.949115276336669922e+00 -1.046883964538574219e+01 -3.097098159790039062e+01 -1.179913878440856934e+00
1.819751167297363281e+01 7.106754779815673828e+00 -4.100372314453125000e+00 -1.426922988891601562e+01 -9.364080429077148438e+00 3.693903446197509766e+00 1.197873210906982422e+01 -1.601790666580200195e+00 -2.531872177124023438e+01 7.018878936767578125e+00
1.021893882751464844e+01 1.547375679016113281e+01 -8.528869748115539551e-01 6.846570372581481934e-01 2.730437755584716797e+00 1.324614620208740234e+01 -8.581276893615722656e+00 8.887490272521972656e+00 -2.731158828735351562e+01 -1.099804306030273438e+01
-1.368344545364379883e+00 2.797352790832519531e+01 -1.165011310577392578e+01 -1.016917228698730469e+01 -1.390600299835205078e+01 4.667230844497680664e-01 9.241029739379882812e+00 -9.359208106994628906e+00 -2.616771697998046875e+01 -9.137260437011718750e+00
1.414422512054443359e+01 8.167267799377441406e+00 -1.545173645019531250e+01 4.759140491485595703e+00 -1.102883243560791016e+01 1.932887458801269531e+01 -4.631772518157958984e+00 -1.235558539628982544e-01 -2.086316490173339844e+01 -7.942603588104248047e+00
-1.649487113952636719e+01 6.399626255035400391e+00 -8.337460517883300781e+00 -1.939430236816406250e+01 -4.135544300079345703e+00 4.989877939224243164e-01 2.413239479064941406e+00 1.416719317436218262e+00 -2.442626953125000000e+01 -2.356505393981933594e+00
1.616488933563232422e+00 -1.945435762405395508e+00 -6.957047939300537109e+00 -8.887841224670410156e+00 -1.085376548767089844e+01 2.120745277404785156e+01 1.034730720520019531e+01 -5.417218208312988281e+00 -1.709790992736816406e+01 -1.767837905883789062e+01
-5.021765708923339844e+00 -7.057924270629882812e+00 -1.497291803359985352e+00 -1.178014945983886719e+01 -1.637768936157226562e+01 2.448793029785156250e+01 1.428218007087707520e+00 9.312818527221679688e+00 -2.488117790222167969e+01 -1.894616603851318359e+00
-2.266781806945800781e+00 1.328319644927978516e+01 -1.312720680236816406e+01 -1.446772384643554688e+01 4.837347030639648438e+00 9.872693061828613281e+00 9.366951942443847656e+00 -3.995085239410400391e+00 -2.350174903869628906e+01 8.325672149658203125e+00
1.207509708404541016e+01 7.694197177886962891e+00 -7.431790828704833984e+00 -8.615955352783203125e+00 3.795327186584472656e+00 1.259620785713195801e+00 1.879275703430175781e+01 -1.223265743255615234e+01 -2.433245086669921875e+01 -7.386724352836608887e-01
9.751298904418945312e+00 -4.417654573917388916e-01 -3.350998401641845703e+00 -1.965161132812500000e+01 -6.078981399536132812e+00 6.349780559539794922e+00 3.208815097808837891e+00 1.396458816528320312e+01 -2.635831069946289062e+01 -1.684343910217285156e+01
1.529445362091064453e+01 -1.413214325904846191e+00 -1.554045200347900391e+01 -1.149923706054687500e+01 -1.642741584777832031e+01 9.131276130676269531e+00 3.103371262550354004e-01 -9.092738032341003418e-01 -2.212940979003906250e+01 6.617315292358398438e+00
-1.100100135803222656e+01 5.617561340332031250e+00 -1.799940228462219238e+00 -1.329108715057373047e+01 -2.681369781494140625e+00 1.948837661743164062e+01 -5.580307841300964355e-01 1.336465454101562500e+01 -1.588900089263916016e+01 1.111400794982910156e+01
1.055247306823730469e+01 2.175667285919189453e+00 -2.226009368896484375e+00 7.896327495574951172e+00 -8.686766624450683594e+00 7.016466259956359863e-01 1.041974925994873047e+01 8.276851654052734375e+00 -2.785952568054199219e+01 -3.232576608657836914e+00
6.846324443817138672e+00 5.964409351348876953e+00 8.215711593627929688e+00 6.474494338035583496e-01 1.478474378585815430e+00 6.417181015014648438e+00 1.570285606384277344e+01 -3.222066879272460938e+00 -2.133326339721679688e+01 2.315901041030883789e+00
-3.169538021087646484e+00 3.721195220947265625e+00 -2.118010282516479492e+00 -1.317978286743164062e+01 -1.207064342498779297e+01 2.056862449645996094e+01 3.935873508453369141e+00 8.562431335449218750e+00 -1.519650459289550781e+01 1.174067974090576172e+01
1.000827026367187500e+01 7.309793472290039062e+00 8.250213623046875000e+00 2.322633504867553711e+00 -2.374755477905273438e+01 8.284965515136718750e+00 5.948783397674560547e+00 -3.036515474319458008e+00 -2.600125885009765625e+01 -7.431849002838134766e+00
2.754183053970336914e+00 6.084022045135498047e+00 -1.963470339775085449e+00 -5.199856758117675781e+00 1.140512108802795410e+00 -9.661587476730346680e-01 6.360422134399414062e+00 2.452814102172851562e+01 -5.941633224487304688e+00 -6.384650230407714844e+00
4.667299985885620117e-01 1.731492233276367188e+01 -7.827011108398437500e+00 -4.063139915466308594e+00 -1.958914995193481445e+00 1.113542079925537109e+01 8.209897041320800781e+00 7.895311355590820312e+00 -8.363061904907226562e+00 -1.099585914611816406e+01
-1.642404747009277344e+01 1.444106769561767578e+01 1.239139795303344727e+00 -1.371778774261474609e+01 -6.437715053558349609e+00 1.016717720031738281e+01 -2.243934392929077148e+00 1.330898857116699219e+01 -2.805390548706054688e+01 2.544763565063476562e+00
-2.413665294647216797e+00 1.090953063964843750e+01 -1.105304431915283203e+01 -9.354963302612304688e+00 4.741830348968505859e+00 1.175258278846740723e+00 2.564036607742309570e+00 -5.035524845123291016e+00 -3.570569610595703125e+01 -9.774758338928222656e+00
1.050069808959960938e+00 1.937431693077087402e+00 -2.224737167358398438e+01 4.447399139404296875e+00 -6.719164371490478516e+00 3.328289985656738281e+00 -3.892156779766082764e-01 -2.881573200225830078e+00 -1.446470737457275391e+01 -3.103050231933593750e+00
-4.418349742889404297e+00 3.343687534332275391e+00 -2.486886978149414062e+00 -7.726227283477783203e+00 -3.227116823196411133e+00 -4.866911888122558594e+00 3.175614595413208008e+00 1.995461273193359375e+01 -3.305709457397460938e+01 -7.703613281250000000e+00
1.785851669311523438e+01 1.203691768646240234e+01 -8.558395385742187500e+00 -1.729282569885253906e+01 -1.579575347900390625e+01 9.943058967590332031e+00 -3.309628009796142578e+00 1.018359851837158203e+01 -1.627327156066894531e+01 -9.020267486572265625e+00
-1.065675258636474609e+00 1.875475692749023438e+01 -5.027777671813964844e+00 6.147094249725341797e+00 -2.539921569824218750e+01 4.901371896266937256e-01 1.082385444641113281e+01 3.773120641708374023e+00 -2.507881927490234375e+01 -8.324172019958496094e+00
3.224478721618652344e+00 5.520883560180664062e+00 8.193835258483886719e+00 -7.508435726165771484e+00 -9.090301513671875000e+00 2.434355926513671875e+01 -4.953329086303710938e+00 -4.486924171447753906e+00 -1.726116561889648438e+01 -1.309514045715332031e+01
-3.125528395175933838e-01 6.652612686157226562e+00 -2.233260345458984375e+01 -7.182653903961181641e+00 -1.213361835479736328e+01 -7.370659708976745605e-02 1.918878173828125000e+01 1.235844326019287109e+01 -1.340073204040527344e+01 -3.139260530471801758e+00
4.158156394958496094e+00 2.034509277343750000e+01 -1.728594398498535156e+01 -6.913876533508300781e+00 8.312256813049316406e+00 9.404180526733398438e+00 -8.066095352172851562e+00 -4.046560823917388916e-01 -2.110933876037597656e+01 -9.532313346862792969e+00
-5.748669624328613281e+00 9.782082557678222656e+00 1.032091331481933594e+01 -9.782088279724121094e+00 -1.688676261901855469e+01 -2.015139770507812500e+01 -4.087596893310546875e+00 -1.003662776947021484e+01 6.938323020935058594e+00 8.100956916809082031e+00
-1.782612991333007812e+01 1.078112411499023438e+01 2.160152673721313477e+00 -2.638816642761230469e+01 -5.804569721221923828e+00 7.218758583068847656e+00 7.313248515129089355e-01 -1.469948101043701172e+01 1.333606910705566406e+01 6.042118072509765625e-01
-1.473912596702575684e+00 1.571761894226074219e+01 -3.935042142868041992e+00 -1.684215927124023438e+01 -3.211637735366821289e+00 -2.487641334533691406e+01 1.672849655151367188e+00 -5.311604499816894531e+00 7.590597629547119141e+00 1.429574966430664062e+01
-6.407615661621093750e+00 -1.109423160552978516e+00 -4.446916580200195312e+00 -1.291788768768310547e+01 -1.170715451240539551e+00 2.182078599929809570e+00 -7.529761314392089844e+00 -2.071682167053222656e+01 9.306603431701660156e+00 2.498463630676269531e+01
7.955417156219482422e+00 2.110577964782714844e+01 -4.531817436218261719e+00 -1.675240325927734375e+01 -2.446675300598144531e+00 -9.650760650634765625e+00 -1.306441307067871094e+01 -1.481296920776367188e+01 1.077964115142822266e+01 1.055324554443359375e+01
-4.304078102111816406e+00 1.059627914428710938e+01 1.197884750366210938e+01 -3.540274858474731445e+00 -2.478762245178222656e+01 -9.889861106872558594e+00 5.371971607208251953e+00 -2.023284530639648438e+01 1.455202937126159668e+00 9.199154853820800781e+00
9.201502799987792969e+00 7.913571357727050781e+00 1.035945129394531250e+01 -1.209074592590332031e+01 -4.827717781066894531e+00 6.965021133422851562e+00 3.303269386291503906e+00 -1.313087940216064453e+01 1.175454711914062500e+01 -3.113683462142944336e-01
9.288308143615722656e+00 3.342070877552032471e-01 -4.507278442382812500e+00 -3.190097093582153320e+00 -6.089602470397949219e+00 4.017014980316162109e+00 6.721906661987304688e+00 -1.491551780700683594e+01 2.232030487060546875e+01 3.423535585403442383e+00
-1.517813086509704590e+00 3.216975927352905273e+00 -5.946644544601440430e-01 -2.315701103210449219e+01 -1.378344440460205078e+01 -4.027235984802246094e+00 1.655697631835937500e+01 -2.875533294677734375e+01 -6.918285369873046875e+00 7.384545803070068359e+00
4.736927986145019531e+00 3.740855932235717773e+00 -1.395737767219543457e+00 -1.879245758056640625e+01 -5.254247665405273438e+00 -7.607803344726562500e+00 -7.469949245452880859e+00 -3.360992050170898438e+01 -1.586541295051574707e+00 9.880121231079101562e+00
2.462656348943710327e-01 3.840093851089477539e+00 1.121562576293945312e+01 -2.878538131713867188e+01 -1.162033557891845703e+01 7.850856304168701172e+00 3.160521030426025391e+00 -1.962525177001953125e+01 7.771537780761718750e+00 -1.701757669448852539e+00
1.079748344421386719e+01 1.028069686889648438e+01 -1.389190959930419922e+01 -2.162617301940917969e+01 -1.473602533340454102e+00 -2.293232154846191406e+01 4.460987091064453125e+00 -1.795319938659667969e+01 3.787380218505859375e+00 -7.921603322029113770e-01
1.279213905334472656e+01 9.247616767883300781e+00 -3.668200969696044922e+00 -3.772149324417114258e+00 -2.303715324401855469e+01 -1.017671775817871094e+01 -1.696718096733093262e+00 -9.546545028686523438e+00 2.082697296142578125e+01 -1.547398209571838379e+00
7.806049346923828125e+00 1.466579914093017578e+00 5.896706104278564453e+00 -3.455810546875000000e+00 2.011718988418579102e+00 -8.881198883056640625e+00 9.214413166046142578e-02 -3.649893188476562500e+01 8.913705825805664062e+00 7.797810435295104980e-01
-7.760809421539306641e+00 1.360959625244140625e+01 2.805180549621582031e+00 -9.188572883605957031e+00 2.522370100021362305e+00 -1.354345130920410156e+01 1.170335483551025391e+01 -1.233032894134521484e+01 5.313064575195312500e+00 1.531602191925048828e+01
-8.128303289413452148e-01 2.229301452636718750e+00 -9.457608222961425781e+00 -8.847352981567382812e+00 -2.569737052917480469e+01 8.374236106872558594e+00 1.261157989501953125e+00 -2.332318496704101562e+01 3.093704700469970703e+00 1.089767742156982422e+01
5.533914089202880859e+00 1.510014057159423828e+01 -1.630391955375671387e+00 -6.806117534637451172e+00 -1.445896148681640625e+01 -2.413285636901855469e+01 -6.683509945869445801e-01 -1.457218265533447266e+01 8.144469857215881348e-01 -5.462680459022521973e-01
2.700750112533569336e+00 -3.903073072433471680e+00 -8.996132850646972656e+00 -2.333006668090820312e+01 -1.031742763519287109e+01 2.672611713409423828e+00 4.469987869262695312e+00 -1.720689582824707031e+01 1.211432266235351562e+01 1.636648178100585938e+01
4.890062808990478516e+00 2.507998085021972656e+01 -3.227085471153259277e-01 -1.120403099060058594e+01 -1.112529659271240234e+01 2.298795461654663086e+00 -8.419938087463378906e+00 -2.743861770629882812e+01 -4.916638433933258057e-01 -3.946148872375488281e+00
4.144886016845703125e+00 2.241995811462402344e+00 -1.171053981781005859e+01 -1.491110420227050781e+01 -1.315896224975585938e+01 4.936953067779541016e+00 -5.054360389709472656e+00 -1.175409984588623047e+01 2.301737594604492188e+01 -3.867081403732299805e+00
-9.231328010559082031e+00 -3.011153221130371094e+00 -1.408970832824707031e+00 -1.532167053222656250e+01 -8.273038864135742188e+00 -2.239783668518066406e+01 3.792657136917114258e+00 -2.520557975769042969e+01 1.132039070129394531e+01 1.060590457916259766e+01
3.140722513198852539e+00 1.594780921936035156e+01 -3.745860815048217773e+00 -1.842757987976074219e+01 -1.661521911621093750e+01 -1.216330814361572266e+01 1.414047360420227051e+00 -6.805483818054199219e+00 2.151563835144042969e+01 -7.520162105560302734e+00
-2.890159487724304199e-01 1.792938232421875000e+01 -1.748545074462890625e+01 -4.777367115020751953e+00 -1.486360907554626465e+00 -6.069324493408203125e+00 -7.902338504791259766e+00 -2.194083786010742188e+01 4.620270252227783203e+00 1.240865993499755859e+01
-4.848174095153808594e+00 1.836023902893066406e+01 -5.566986560821533203e+00 -6.736306190490722656e+00 -2.132021141052246094e+01 -5.641965866088867188e+00 3.853055000305175781e+00 -9.258295059204101562e+00 1.377840805053710938e+01 -4.209701716899871826e-01
-7.768874168395996094e+00 1.128210449218750000e+01 -8.063185691833496094e+00 -8.788607597351074219e+00 -5.454441070556640625e+00 -4.703228950500488281e+00 -1.813476181030273438e+01 -2.512829208374023438e+01 1.662557983398437500e+01 -6.600510597229003906e+00
9.249973297119140625e+00 4.430620193481445312e+00 -3.019062757492065430e+00 -1.508565545082092285e+00 6.025622367858886719e+00 8.378610014915466309e-01 9.237021446228027344e+00 -3.282413482666015625e+01 -3.565542697906494141e+00 5.968355178833007812e+00
7.885775566101074219e+00 1.003478288650512695e+00 -9.354655265808105469e+00 -7.322160720825195312e+00 2.036194562911987305e+00 -5.428915977478027344e+00 1.625279998779296875e+01 -2.531174278259277344e+01 3.737594842910766602e+00 -4.324535369873046875e+00
-4.812617778778076172e+00 -2.688472747802734375e+00 -3.713979959487915039e+00 -1.920220732688903809e+00 -5.572952628135681152e-01 -1.523771572113037109e+01 -4.687318325042724609e+00 -3.787477493286132812e+01 1.286581516265869141e+01 -3.521937370300292969e+00
-3.881901741027832031e+00 9.201235771179199219e+00 4.880457878112792969e+00 -1.792558479309082031e+01 7.081546783447265625e+00 -4.848328530788421631e-01 4.162464141845703125e+00 -2.027184104919433594e+01 2.254446029663085938e+01 -6.926324367523193359e+00
-9.967295646667480469e+00 1.943370437622070312e+01 -6.928322911262512207e-01 3.772190093994140625e+00 1.798083782196044922e+00 -7.718517303466796875e+00 7.443276882171630859e+00 -2.305591392517089844e+01 1.142065620422363281e+01 -1.023170232772827148e+00
1.057576274871826172e+01 7.887654304504394531e+00 -8.999701499938964844e+00 4.766746997833251953e+00 -2.666107654571533203e+00 -1.251577186584472656e+01 1.608259391784667969e+01 -1.977991104125976562e+01 5.595363616943359375e+00 7.594881534576416016e+00
-1.659564018249511719e+01 1.703262138366699219e+01 -8.721122741699218750e+00 -1.183817005157470703e+01 -5.819912910461425781e+00 -6.961255669593811035e-01 4.149565994739532471e-01 -2.058224487304687500e+01 1.309283828735351562e+01 -8.527900695800781250e+00
-2.066121339797973633e+00 1.404657077789306641e+01 1.374511623382568359e+01 -8.878233909606933594e+00 -1.515684509277343750e+01 5.857198715209960938e+00 -6.054914951324462891e+00 -2.833512687683105469e+01 3.379712104797363281e+00 -1.680395245552062988e+00
-1.649596595764160156e+01 2.384383010864257812e+01 -2.709358930587768555e+00 -1.227665615081787109e+01 -3.055282831192016602e+00 -4.500463485717773438e+00 1.545718908309936523e+00 -2.089233970642089844e+01 4.235794067382812500e+00 2.893316030502319336e+00
2.848675489425659180e+00 6.233243942260742188e-01 4.012185096740722656e+00 1.902286410331726074e+00 -1.252204608917236328e+01 -6.547770500183105469e+00 6.500778675079345703e+00 -2.735399627685546875e+01 1.335583591461181641e+01 8.104743003845214844e+00
-1.482460880279541016e+01 1.768924331665039062e+01 2.792699575424194336e+00 -1.569615936279296875e+01 7.178738594055175781e+00 -1.093958950042724609e+01 -4.386336326599121094e+00 -1.341144084930419922e+01 9.832286834716796875e+00 1.528069138526916504e+00
7.926450252532958984e+00 4.789576053619384766e+00 2.108433532714843750e+01 -5.280514717102050781e+00 -1.017735004425048828e+01 -1.741184234619140625e+01 3.208142280578613281e+00 -2.381087112426757812e+01 2.573252916336059570e+00 -3.508844375610351562e+00
1.149631786346435547e+01 1.671857237815856934e+00 -6.242923736572265625e+00 3.784461021423339844e+00 -9.660031318664550781e+00 6.228365302085876465e-01 -2.097358554601669312e-01 -3.100776100158691406e+01 1.523411750793457031e+01 -3.482306003570556641e+00
7.431135654449462891e+00 5.769353389739990234e+00 1.087809276580810547e+01 -5.654788017272949219e+00 2.831136882305145264e-01 -1.195186042785644531e+01 -6.268794059753417969e+00 -1.531233501434326172e+01 9.593840599060058594e+00 1.378480052947998047e+01
-7.426792144775390625e+00 7.537962436676025391e+00 -1.458493351936340332e+00 -7.958686351776123047e-01 -1.017573642730712891e+01 2.143980115652084351e-01 -3.333139657974243164e+00 -2.995542335510253906e+01 1.102565574645996094e+01 1.665313720703125000e+01
-3.062304687500000000e+01 -1.746485471725463867e+00 1.163644027709960938e+01 3.794342994689941406e+00 -9.774461746215820312e+00 -4.370717525482177734e+00 1.706647491455078125e+01 -4.974796295166015625e+00 1.781419515609741211e+00 -9.172520637512207031e+00
-2.834439277648925781e+01 -6.526053905487060547e+00 5.828210830688476562e+00 -3.518184900283813477e+00 -7.804332256317138672e+00 7.122512459754943848e-01 1.951701545715332031e+01 -8.509756088256835938e+00 -1.414229154586791992e+00 -3.749820888042449951e-01
-1.538874435424804688e+01 -9.163606643676757812e+00 -2.868258714675903320e+00 8.789024353027343750e+00 -1.653869628906250000e+01 -4.632013320922851562e+00 1.809286689758300781e+01 9.857503890991210938e+00 1.000693988800048828e+01 -1.326753425598144531e+01
-2.260965347290039062e+01 -5.835254788398742676e-01 1.495672512054443359e+01 -1.387419319152832031e+01 1.926872730255126953e+00 -5.636909961700439453e+00 3.413752079010009766e+00 1.862447929382324219e+01 -1.908385455608367920e-01 -6.029287338256835938e+00
-2.045777130126953125e+01 -8.311217308044433594e+00 2.073712730407714844e+01 5.228951454162597656e+00 7.681870937347412109e+00 -1.703328514099121094e+01 1.134206485748291016e+01 -4.890343666076660156e+00 -7.380712509155273438e+00 -7.147108554840087891e+00
-2.428201103210449219e+01 -8.326773643493652344e+00 7.629172325134277344e+00 1.642861938476562500e+01 -6.648793220520019531e+00 5.478539466857910156e+00 1.030062770843505859e+01 3.427734613418579102e+00 4.207844734191894531e+00 -6.083340644836425781e+00
-1.860643577575683594e+01 -1.124678993225097656e+01 5.652636528015136719e+00 -7.642127037048339844e+00 -2.645546913146972656e+00 -8.724713325500488281e+00 2.493306922912597656e+01 2.650069475173950195e+00 -1.171732330322265625e+01 -2.744457244873046875e+00
-1.135031604766845703e+01 -1.355027961730957031e+01 6.498907566070556641e+00 1.698023986816406250e+01 -1.133209419250488281e+01 -6.133843421936035156e+00 1.497299003601074219e+01 -1.123678207397460938e+01 7.219923019409179688e+00 -1.709393119812011719e+01
-3.339889144897460938e+01 -6.245978355407714844e+00 8.986132621765136719e+00 -1.474896812438964844e+01 7.181977748870849609e+00 -1.610541915893554688e+01 8.025517463684082031e+00 5.439347743988037109e+00 5.473200321197509766e+00 -4.696606636047363281e+00
-3.829931259155273438e+00 -1.035868740081787109e+01 9.156927108764648438e+00 -7.430036067962646484e-01 2.368974447250366211e+00 -7.090136528015136719e+00 2.292849540710449219e+01 -4.968741893768310547e+00 1.338656330108642578e+01 -8.941444396972656250e+00
-1.248365688323974609e+01 -1.568484115600585938e+01 6.270489692687988281e+00 2.985675096511840820e+00 4.448793888092041016e+00 -1.060350131988525391e+01 1.320474433898925781e+01 5.950551509857177734e+00 1.107609081268310547e+01 8.095286369323730469e+00
-1.279155349731445312e+01 -9.450251579284667969e+00 -4.103332996368408203e+00 -7.343216538429260254e-01 -1.300578403472900391e+01 -1.542361259460449219e+01 1.242513275146484375e+01 2.162983322143554688e+01 3.965711593627929688e+00 2.275663614273071289e+00
-2.453934669494628906e+00 -1.877588653564453125e+01 4.386859893798828125e+00 -1.069070720672607422e+01 -6.205457210540771484e+00 -3.015676736831665039e+00 3.097680854797363281e+01 -6.972059249877929688e+00 1.960898160934448242e+00 -1.173570632934570312e+01
-2.998512268066406250e+01 -6.029809474945068359e+00 1.364875030517578125e+01 2.681994676589965820e+00 -2.411129188537597656e+01 -6.666832447052001953e+00 7.082663059234619141e+00 1.656126022338867188e+00 -1.447520136833190918e+00 -1.714666366577148438e+00
-3.965824127197265625e+00 -1.923029708862304688e+01 1.857653427124023438e+01 4.101419448852539062e+00 -8.907502889633178711e-01 -2.444713115692138672e-01 6.102716922760009766e+00 5.378857612609863281e+00 9.860160827636718750e+00 -4.862843990325927734e+00
-2.965272712707519531e+01 -1.160735416412353516e+01 -4.527662277221679688e+00 -9.395749092102050781e+00 -1.140988540649414062e+01 3.766466617584228516e+00 1.720463752746582031e+01 5.327617168426513672e+00 3.219528913497924805e+00 3.357317924499511719e+00
-1.241880893707275391e+01 -2.637762260437011719e+01 2.008705139160156250e+00 9.336700439453125000e+00 -6.114360332489013672e+00 -1.755733680725097656e+01 8.296445846557617188e+00 6.148741245269775391e+00 2.167925834655761719e+00 -1.528526782989501953e+01
-1.297745895385742188e+01 -1.457071590423583984e+01 1.326761913299560547e+01 8.104343414306640625e+00 -7.962048053741455078e+00 -1.510964965820312500e+01 1.853485679626464844e+01 -1.354987716674804688e+01 -1.680008888244628906e+00 1.322769999504089355e+00
-1.908503150939941406e+01 -1.374743175506591797e+01 1.848996353149414062e+01 2.779963016510009766e+00 -1.625005722045898438e+01 -8.982098102569580078e-01 8.644004821777343750e+00 5.024090766906738281e+00 -1.268300533294677734e+01 -1.858086967468261719e+01
-2.219039535522460938e+01 -1.384853649139404297e+01 9.698688238859176636e-02 3.011836528778076172e+00 1.244968032836914062e+01 6.098741888999938965e-01 1.102595710754394531e+01 1.129758167266845703e+01 -1.026780009269714355e+00 -1.704380607604980469e+01
-1.711998748779296875e+01 -1.809263420104980469e+01 1.057788133621215820e+00 2.497079133987426758e+00 -2.340344905853271484e+00 4.856015682220458984e+00 2.014420127868652344e+01 6.092168331146240234e+00 -2.127247333526611328e+00 -5.745064735412597656e+00
-1.930454254150390625e+01 -2.912761497497558594e+01 -3.223674535751342773e+00 3.808996915817260742e+00 -3.140502452850341797e+00 -6.951274871826171875e-01 9.268848419189453125e+00 4.944551944732666016e+00 1.270954728126525879e+00 1.090221118927001953e+01
-8.600632667541503906e+00 -3.106359291076660156e+01 5.870462417602539062e+00 5.759905576705932617e-01 -6.070487499237060547e+00 8.757459640502929688e+00 1.149604415893554688e+01 1.093425512313842773e+00 -1.255985450744628906e+01 -5.719986915588378906e+00
-2.064772224426269531e+01 -2.271865463256835938e+01 7.791066169738769531e+00 -2.590402841567993164e+00 -6.986639976501464844e+00 -1.712645149230957031e+01 -1.245354890823364258e+00 7.786159515380859375e+00 1.016034793853759766e+01 1.017524361610412598e+00
-1.184204578399658203e+01 -1.197753238677978516e+01 1.407455444335937500e+01 2.015348196029663086e+00 1.256273078918457031e+01 2.950918436050415039e+00 9.938964843750000000e+00 6.734827995300292969e+00 -6.257245540618896484e+00 -2.220701789855957031e+01
-8.804690361022949219e+00 -1.381545639038085938e+01 -3.191827774047851562e+00 3.724854707717895508e+00 -7.069758415222167969e+00 3.624699354171752930e+00 8.703257560729980469e+00 -2.254293441772460938e+00 2.143040466308593750e+01 -1.709483337402343750e+01
-1.633964157104492188e+01 -1.031911849975585938e+01 -1.260081481933593750e+01 6.205548763275146484e+00 -8.551918029785156250e+00 -1.169470882415771484e+01 1.881505966186523438e+01 1.489726638793945312e+01 4.145996093750000000e+00 -7.130877971649169922e+00
-1.276986122131347656e+01 -1.944860649108886719e+01 5.622779846191406250e+00 -7.728366851806640625e+00 9.249450683593750000e+00 -1.275996208190917969e+01 2.053323745727539062e+01 -1.120255827903747559e+00 -1.230821418762207031e+01 3.530829191207885742e+00
-1.280404186248779297e+01 -1.488582897186279297e+01 1.968568992614746094e+01 -7.919989585876464844e+00 -1.407678127288818359e+01 5.175314903259277344e+00 1.781564712524414062e+00 -9.303425788879394531e+00 -8.533549308776855469e+00 -1.009222888946533203e+01
-2.708084106445312500e+01 -1.848012161254882812e+01 -6.065507888793945312e+00 -1.890241265296936035e+00 5.577070713043212891e+00 -6.309912681579589844e+00 9.875139236450195312e+00 -1.740996599197387695e+00 4.802351474761962891e+00 -1.377662563323974609e+01
-2.966051292419433594e+01 -1.268281173706054688e+01 -3.402288198471069336e+00 5.139582157135009766e+00 7.307039260864257812e+00 1.945633172988891602e+00 9.049651145935058594e+00 -1.040398597717285156e+01 8.668881416320800781e+00 -7.317587852478027344e+00
-1.819043540954589844e+01 -9.179031372070312500e+00 8.834254264831542969e+00 -8.567397117614746094e+00 -6.159118175506591797e+00 -5.877952575683593750e+00 1.315425682067871094e+01 -4.468423426151275635e-01 1.107802486419677734e+01 -9.075035095214843750e+00
-2.660933494567871094e+01 -2.202182006835937500e+01 -1.936554193496704102e+00 -1.853290939331054688e+01 -3.413531064987182617e+00 6.750469207763671875e+00 1.089494132995605469e+01 -2.555943965911865234e+00 3.208410739898681641e+00 -4.388035774230957031e+00
-1.768895268440246582e+00 -3.804713058471679688e+01 6.498379230499267578e+00 1.844188570976257324e+00 -7.164279460906982422e+00 -5.187373161315917969e+00 9.914054870605468750e+00 4.170423030853271484e+00 -7.692378044128417969e+00 -2.333243370056152344e+00
-1.218691062927246094e+01 -2.293811988830566406e+01 1.147233128547668457e+00 -8.890862464904785156e-01 1.988820314407348633e+00 -1.350359916687011719e+01 3.012416601181030273e+00 -1.120681381225585938e+01 9.669641494750976562e+00 -1.670151519775390625e+01
-2.116407394409179688e+00 -1.974186134338378906e+01 2.261403465270996094e+01 -7.643565654754638672e+00 -1.587201356887817383e+00 1.918509006500244141e+00 1.222209739685058594e+01 6.417943954467773438e+00 -8.469922542572021484e-01 -1.212623405456542969e+01
-8.059965133666992188e+00 -1.541945648193359375e+01 1.166035556793212891e+01 -1.292189502716064453e+01 -2.564164161682128906e+00 -5.978850364685058594e+00 1.804074859619140625e+01 9.241938591003417969e+00 -4.867595672607421875e+00 -9.906393051147460938e+00
-1.149566364288330078e+01 -4.033816814422607422e+00 9.164791107177734375e+00 -3.399802923202514648e+00 -1.266483545303344727e+00 -2.690938568115234375e+01 1.668873214721679688e+01 -5.686799526214599609e+00 -5.527730464935302734e+00 -8.352303504943847656e+00
-1.002769088745117188e+01 -1.205529212951660156e+01 -3.109984874725341797e+00 1.053757476806640625e+01 -1.896979212760925293e+00 -1.793942642211914062e+01 2.284884452819824219e+01 -1.027778053283691406e+01 -1.535833168029785156e+01 -8.609274864196777344e+00
-1.248015213012695312e+01 -1.174505329132080078e+01 1.625485420227050781e+01 -9.853850364685058594e+00 -3.092550992965698242e+00 -1.111910057067871094e+01 7.229879379272460938e+00 1.183545207977294922e+01 -5.212841987609863281e+00 -2.672819709777832031e+01
1.835001564025878906e+01 1.419335007667541504e+00 -1.011842155456542969e+01 -1.287388420104980469e+01 1.787098693847656250e+01 -7.150248527526855469e+00 -1.606151199340820312e+01 -2.581579923629760742e+00 -1.162162780761718750e+01 -6.830567359924316406e+00
1.321272468566894531e+01 -2.044366455078125000e+01 -1.134994125366210938e+01 -1.972961616516113281e+01 1.399785232543945312e+01 4.292037487030029297e+00 5.654354095458984375e+00 1.206235790252685547e+01 6.490568637847900391e+00 -9.769622802734375000e+00
1.779691505432128906e+01 -1.545305061340332031e+01 -1.127651786804199219e+01 -3.696815073490142822e-01 9.564206123352050781e+00 -1.558995246887207031e+01 -1.719944000244140625e+01 -2.911123752593994141e+00 -8.083615303039550781e+00 -3.970249176025390625e+00
1.252235317230224609e+01 -1.657670593261718750e+01 -1.025842875242233276e-01 -1.503153800964355469e+00 4.487192630767822266e+00 -5.617045402526855469e+00 -1.350833606719970703e+01 1.204649829864501953e+01 7.556935787200927734e+00 -2.228244972229003906e+01
-9.630848169326782227e-01 -1.247997570037841797e+01 -8.829871177673339844e+00 -2.096007728576660156e+01 7.686198711395263672e+00 1.228172874450683594e+01 -2.071124076843261719e+01 -8.444514274597167969e+00 -2.396822690963745117e+00 2.764058828353881836e+00
6.759175300598144531e+00 -1.614637374877929688e+01 -1.214340591430664062e+01 2.013360261917114258e+00 1.054814815521240234e+01 -2.207349777221679688e+00 -1.825694656372070312e+01 1.560909557342529297e+01 -1.006843566894531250e+01 -3.389751911163330078e+00
2.101423645019531250e+01 -2.611968040466308594e+01 -9.453313827514648438e+00 3.867581367492675781e+00 -1.475715786218643188e-01 1.421224594116210938e+00 -1.302095603942871094e+01 -8.203389167785644531e+00 6.095648765563964844e+00 -1.260495662689208984e+01
1.538820838928222656e+01 -1.270093059539794922e+01 1.152861595153808594e+01 -9.459087252616882324e-01 7.862670421600341797e+00 9.153192520141601562e+00 -2.116548347473144531e+01 -6.403436660766601562e+00 -4.377144813537597656e+00 -1.785037422180175781e+01
1.881734657287597656e+01 9.044275879859924316e-01 -7.085642337799072266e+00 -9.037672042846679688e+00 8.208295822143554688e+00 -4.249481201171875000e+00 -3.039976119995117188e+01 4.086887836456298828e+00 4.668754100799560547e+00 -7.814742565155029297e+00
1.986866188049316406e+01 -1.202168273925781250e+01 8.439360618591308594e+00 -3.041567087173461914e+00 8.081022262573242188e+00 -1.005834043025970459e-01 -1.550293254852294922e+01 8.807277679443359375e+00 -6.324292182922363281e+00 -2.567422866821289062e+00
2.495990991592407227e+00 -5.690482139587402344e+00 3.117759943008422852e+00 -1.112518215179443359e+01 2.142019462585449219e+01 -7.780371904373168945e-01 -2.155991172790527344e+01 1.005667209625244141e+01 -2.444240093231201172e+00 -1.430515193939208984e+01
1.043130779266357422e+01 -2.820027589797973633e+00 -4.642474651336669922e+00 -1.457033729553222656e+01 3.845478057861328125e+00 -1.284965515136718750e+00 -1.820287895202636719e+01 -1.420475959777832031e+00 2.355725479125976562e+01 -9.270675659179687500e+00
-2.847526073455810547e+00 -1.759148979187011719e+01 -6.030814170837402344e+00 -9.355192184448242188e+00 5.507521629333496094e+00 -1.978911209106445312e+01 -1.398750495910644531e+01 4.778218269348144531e+00 -6.363734722137451172e+00 -5.166288852691650391e+00
-2.324755668640136719e+00 -7.535556793212890625e+00 -1.536793231964111328e+01 -1.195807743072509766e+01 1.770220756530761719e+00 -6.114574432373046875e+00 -1.124043178558349609e+01 2.750908660888671875e+01 5.629132747650146484e+00 1.231642127037048340e+00
1.319690990447998047e+01 -1.035180568695068359e+01 -8.606789588928222656e+00 -7.964707374572753906e+00 1.653255844116210938e+01 9.459540247917175293e-02 -1.078993701934814453e+01 4.793332576751708984e+00 6.764086723327636719e+00 1.370277976989746094e+01
1.006885337829589844e+01 -2.458291625976562500e+01 -1.986596107482910156e+00 -1.242938232421875000e+01 2.039120483398437500e+01 -1.179932594299316406e+01 6.698384284973144531e-01 4.149348437786102295e-01 -2.692259311676025391e+00 -1.504110717773437500e+01
1.208318042755126953e+01 -1.136338806152343750e+01 -1.421612834930419922e+01 -1.687918424606323242e+00 1.294817352294921875e+01 4.871432781219482422e+00 -3.545973002910614014e-01 3.229206800460815430e+00 8.033040046691894531e+00 6.738698005676269531e+00
1.971023082733154297e+00 -4.338397979736328125e+00 9.244175910949707031e+00 -2.356772041320800781e+01 9.045256614685058594e+00 -5.690078735351562500e+00 -1.321434211730957031e+01 1.409103775024414062e+01 2.890548467636108398e+00 -1.007855796813964844e+01
-1.085328674316406250e+01 -1.604374313354492188e+01 -8.536018371582031250e+00 -4.795415401458740234e+00 2.657533836364746094e+01 9.292857170104980469e+00 -1.563557434082031250e+01 1.973719239234924316e+00 6.384539127349853516e+00 -1.000555610656738281e+01
6.856247901916503906e+00 -9.719480514526367188e+00 -1.803026008605957031e+01 -9.697595596313476562e+00 6.612300395965576172e+00 8.995639681816101074e-01 -2.338606834411621094e+01 2.870716810226440430e+00 -1.002707481384277344e+01 -1.607050704956054688e+01
2.788653373718261719e+01 -1.734996986389160156e+01 -9.399915695190429688e+00 8.333767950534820557e-02 6.569776535034179688e+00 -7.990341186523437500e+00 -7.674393653869628906e+00 -4.129472255706787109e+00 2.450189352035522461e+00 2.816654205322265625e+00
4.122206211090087891e+00 7.938668131828308105e-01 -1.442364025115966797e+01 -2.373170280456542969e+01 1.511567020416259766e+01 7.570802688598632812e+00 -2.662256431579589844e+01 1.663369536399841309e+00 -4.583543837070465088e-01 4.765727519989013672e+00
6.760019302368164062e+00 -1.078415107727050781e+01 1.077533626556396484e+01 -6.785511970520019531e+00 1.926193356513977051e+00 3.232558250427246094e+00 -2.394518089294433594e+01 1.113167762756347656e+01 1.348102378845214844e+01 -5.244295120239257812e+00
1.288275718688964844e+01 -1.149706363677978516e+01 -1.048975849151611328e+01 -7.146035194396972656e+00 -9.201477169990539551e-01 -6.438643455505371094e+00 -2.419072532653808594e+01 -7.223852634429931641e+00 2.109876060485839844e+01 -8.553574562072753906e+00
-1.940906196832656860e-01 -5.177436351776123047e+00 -1.759361839294433594e+01 -1.942997932434082031e+01 4.000079154968261719e+00 -1.634438705444335938e+01 -2.038168525695800781e+01 1.523182106018066406e+01 6.332124233245849609e+00 5.666616559028625488e-01
1.710344314575195312e+01 1.170044064521789551e+00 -1.677808952331542969e+01 -8.875443458557128906e+00 1.278596591949462891e+01 -1.921280860900878906e+01 -8.017074584960937500e+00 7.477023601531982422e+00 -6.956717014312744141e+00 -1.002313804626464844e+01
8.837030410766601562e+00 -2.211357307434082031e+01 -5.060371398925781250e+00 3.411139488220214844e+00 1.917779159545898438e+01 -5.614950656890869141e+00 -1.451280498504638672e+01 -1.092709255218505859e+01 1.820185661315917969e+01 3.158080577850341797e+00
1.570843124389648438e+01 -2.471103477478027344e+01 -1.830030441284179688e+01 -1.685846138000488281e+01 7.512980937957763672e+00 -1.146606564521789551e+00 4.998108863830566406e+00 -5.754823207855224609e+00 -2.920782089233398438e+00 2.178828716278076172e+00
7.148127079010009766e+00 -1.385838794708251953e+01 -5.882309436798095703e+00 -1.639039611816406250e+01 3.257490396499633789e+00 -1.041072845458984375e+01 -7.998952388763427734e+00 1.825984001159667969e+01 4.392831802368164062e+00 3.423432111740112305e+00
3.052823066711425781e+00 -3.317987442016601562e+01 -9.798479080200195312e+00 -9.166721343994140625e+00 6.086235046386718750e+00 7.149643898010253906e+00 -6.204250812530517578e+00 -3.145855188369750977e+00 -7.243129730224609375e+00 4.437829494476318359e+00
1.191126060485839844e+01 -4.519502639770507812e+00 -5.237998008728027344e+00 -2.526433944702148438e+01 1.776627731323242188e+01 -1.187565612792968750e+01 -8.126161575317382812e+00 -8.878808021545410156e+00 1.078675746917724609e+01 -1.473465442657470703e+01
7.322958946228027344e+00 -3.085953140258789062e+01 7.874591350555419922e+00 -8.763084411621093750e+00 -3.368446975946426392e-02 3.495460748672485352e+00 -1.564104652404785156e+01 6.493666172027587891e+00 -2.427541017532348633e+00 4.487041950225830078e+00
1.555704784393310547e+01 -1.902813148498535156e+01 -4.671226024627685547e+00 -2.090412902832031250e+01 2.831480741500854492e+00 8.502758741378784180e-01 -1.550356864929199219e+00 1.359174728393554688e+01 2.786900758743286133e+00 -1.508620357513427734e+01
-3.273675680160522461e+00 -8.681047439575195312e+00 -7.468410968780517578e+00 -2.454321098327636719e+01 1.694167137145996094e+01 1.798193740844726562e+01 -7.910879611968994141e+00 -4.338033676147460938e+00 4.588377475738525391e+00 -6.577099323272705078e+00
1.552525138854980469e+01 -1.169832897186279297e+01 -1.202109241485595703e+01 -1.467320632934570312e+01 -8.291875839233398438e+00 7.659994602203369141e+00 -2.172646331787109375e+01 1.272024345397949219e+01 6.490513324737548828e+00 -6.646437644958496094e+00
3.675565481185913086e+00 -2.057897377014160156e+01 5.557195186614990234e+00 -2.193131256103515625e+01 1.498856449127197266e+01 -1.232629585266113281e+01 -1.455508995056152344e+01 1.172984242439270020e+00 -2.089392185211181641e+00 -3.236531734466552734e+00
5.514929294586181641e+00 -2.000990867614746094e+01 -9.914458274841308594e+00 6.621199131011962891e+00 2.020831871032714844e+01 -9.875778198242187500e+00 -1.128238487243652344e+01 1.007971954345703125e+01 2.117729187011718750e+00 -1.247297477722167969e+01
1.741809654235839844e+01 -1.901704406738281250e+01 3.434197187423706055e+00 -1.338020038604736328e+01 8.839149475097656250e+00 -8.104387283325195312e+00 -1.335112476348876953e+01 2.419659614562988281e+00 -1.314883422851562500e+01 6.922935962677001953e+00
-1.035740599036216736e-01 -2.150632476806640625e+01 -1.689748764038085938e+01 8.671774864196777344e-01 1.118815064430236816e+00 -6.016784667968750000e+00 -1.343760681152343750e+01 4.494654834270477295e-01 2.230838203430175781e+01 -1.467029953002929688e+01
4.493841648101806641e+00 -1.071906852722167969e+01 -1.795950317382812500e+01 -2.386097717285156250e+01 6.760542869567871094e+00 1.278196424245834351e-01 -1.120984649658203125e+01 -3.800270080566406250e+00 9.514415740966796875e+00 -1.173887157440185547e+01
