-5.860107898712158203e+00 -2.368269157409667969e+01 -3.457636833190917969e+00 -4.720298647880554199e-01 -5.882349491119384766e+00 1.251296043395996094e+01 1.575023651123046875e+01 -1.739787292480468750e+01 -1.294913768768310547e+01 4.160171031951904297e+00
1.303491306304931641e+01 -2.345877456665039062e+01 9.362461090087890625e+00 2.791984558105468750e+00 -1.400729298591613770e+00 -1.324658584594726562e+01 5.554818153381347656e+00 -1.233797931671142578e+01 -7.261814594268798828e+00 -3.166853427886962891e+00
1.910616159439086914e+00 -1.720786094665527344e+01 -5.240345001220703125e+00 4.903110027313232422e+00 -1.461197566986083984e+01 -2.614472627639770508e+00 3.180710554122924805e+00 7.565646171569824219e+00 -3.019558525085449219e+01 5.757542133331298828e+00
8.949617385864257812e+00 -1.862287902832031250e+01 -4.198763370513916016e+00 -9.673370361328125000e+00 -2.637168169021606445e+00 2.599737882614135742e+00 -1.728780269622802734e+00 -4.575667381286621094e+00 -6.656915664672851562e+00 2.745133018493652344e+01
5.857349634170532227e-01 -1.254427909851074219e+01 -1.803270912170410156e+01 -3.612478494644165039e+00 -8.898147583007812500e+00 1.259708023071289062e+01 -4.204801082611083984e+00 -1.482188796997070312e+01 -4.305030345916748047e+00 2.012184715270996094e+01
1.435239410400390625e+01 -2.363560867309570312e+01 -4.122861385345458984e+00 -2.803355455398559570e+00 -1.756375885009765625e+01 -1.010922622680664062e+01 5.531112670898437500e+00 -8.685598373413085938e+00 -1.469170093536376953e+01 1.186202812194824219e+01
9.983878135681152344e+00 -2.807040596008300781e+01 7.475626468658447266e+00 9.378334999084472656e+00 -8.371828079223632812e+00 -4.382215142250061035e-01 -1.131335735321044922e+01 -1.895437359809875488e+00 -8.049528121948242188e+00 9.141180992126464844e+00
6.579241275787353516e+00 -8.595774650573730469e+00 1.089156791567802429e-01 4.945756912231445312e+00 -2.773504257202148438e+01 1.231931018829345703e+01 7.322234630584716797e+00 -1.393996524810791016e+01 -8.114875793457031250e+00 3.390383720397949219e+00
1.621728324890136719e+01 -2.676563262939453125e+01 -1.923486518859863281e+01 -3.730531454086303711e+00 2.448060035705566406e+00 -3.931298971176147461e+00 6.559637546539306641e+00 -6.419483661651611328e+00 -2.386688068509101868e-02 1.050956439971923828e+01
8.750273704528808594e+00 -2.713206100463867188e+01 -2.030066299438476562e+01 3.364836454391479492e+00 1.516300201416015625e+00 5.087779998779296875e+00 3.884980201721191406e+00 -1.159289836883544922e+01 2.922033309936523438e+00 1.181585597991943359e+01
1.217310047149658203e+01 -2.268333244323730469e+01 -1.187612628936767578e+01 7.156906127929687500e+00 -5.250083446502685547e+00 -1.062124156951904297e+01 1.553246688842773438e+01 -2.115214347839355469e+01 4.875173568725585938e+00 5.679262638092041016e+00
1.816805076599121094e+01 -2.877117538452148438e+01 8.701183319091796875e+00 -7.162508487701416016e+00 -6.124574661254882812e+00 4.963215291500091553e-01 -3.209516525268554688e+00 -3.815689086914062500e+00 -1.436159992218017578e+01 3.814060926437377930e+00
-9.132367134094238281e+00 -2.917696189880371094e+01 5.904682636260986328e+00 6.273915767669677734e+00 6.337600946426391602e-01 1.284295463562011719e+01 4.655995845794677734e+00 -1.784854125976562500e+01 -1.245547389984130859e+01 5.602460384368896484e+00
-8.710323333740234375e+00 -2.186292839050292969e+01 -2.621316146850585938e+01 -2.226543664932250977e+00 -9.692286491394042969e+00 1.012576293945312500e+01 1.236882781982421875e+01 -1.110561132431030273e+00 -9.113338470458984375e+00 9.381476402282714844e+00
1.413331389427185059e+00 -1.922805213928222656e+01 1.790719389915466309e+00 -1.463662624359130859e+01 -1.529695034027099609e+01 3.102299690246582031e+00 1.187892818450927734e+01 -3.723617553710937500e+00 5.640043616294860840e-01 2.221455574035644531e+01
-1.195567011833190918e+00 -2.088268852233886719e+01 -3.208722546696662903e-02 1.086908626556396484e+01 -2.092153549194335938e+01 5.019042968750000000e+00 -4.567880630493164062e+00 -9.105764389038085938e+00 -9.933319687843322754e-01 2.004614448547363281e+01
9.282674789428710938e+00 -2.214544868469238281e+01 -1.418633222579956055e+00 -5.547977089881896973e-01 -1.459212875366210938e+01 7.416149973869323730e-01 -9.144522666931152344e+00 9.479790687561035156e+00 -2.061865043640136719e+01 1.392232608795166016e+01
1.089926338195800781e+01 -1.588680076599121094e+01 -3.671067953109741211e+00 -3.935003995895385742e+00 9.291052818298339844e+00 3.081332206726074219e+00 1.467921733856201172e+01 3.070152044296264648e+00 -3.955670833587646484e+00 9.513506889343261719e+00
1.666639328002929688e+00 -1.245645332336425781e+01 -3.666069507598876953e+00 -8.335847854614257812e+00 -9.000574111938476562e+00 6.071689605712890625e+00 8.072649955749511719e+00 8.815929412841796875e+00 2.342121839523315430e+00 1.628469657897949219e+01
3.709907531738281250e+00 -2.605451202392578125e+01 -1.445959472656250000e+01 7.947304248809814453e+00 -6.951616764068603516e+00 -8.770853996276855469e+00 1.764073944091796875e+01 -3.508108615875244141e+00 -5.271556377410888672e+00 -1.090898215770721436e-01
-3.069515466690063477e+00 -2.597980117797851562e+01 -3.062528967857360840e-01 -1.520948857069015503e-01 8.431543350219726562e+00 1.204667282104492188e+01 6.670017719268798828e+00 5.625533461570739746e-01 -1.685780143737792969e+01 1.058239364624023438e+01
1.682250785827636719e+01 -1.725057792663574219e+01 2.770228385925292969e+00 -1.098017597198486328e+01 2.895775794982910156e+00 -2.211522102355957031e+00 4.589278399944305420e-01 -2.348316192626953125e+01 -9.808791160583496094e+00 5.626980304718017578e+00
9.387188911437988281e+00 -5.169559955596923828e+00 1.134965896606445312e+00 3.284061193466186523e+00 1.555754065513610840e+00 2.740932226181030273e+00 5.233827590942382812e+00 -2.485078096389770508e+00 -6.250873088836669922e+00 2.061565208435058594e+01
1.011207461357116699e+00 -3.277257919311523438e+01 9.468548774719238281e+00 4.297815799713134766e+00 -4.988314151763916016e+00 1.289097881317138672e+01 1.226651817560195923e-01 -8.707237839698791504e-01 -5.860519886016845703e+00 5.153921127319335938e+00
1.469955062866210938e+01 -1.231076812744140625e+01 6.415784835815429688e+00 9.985089302062988281e+00 -5.526795864105224609e+00 -3.341740369796752930e-02 1.909358215332031250e+01 -9.631209373474121094e+00 -1.475129318237304688e+01 -6.552934646606445312e+00
1.360056400299072266e+01 -1.437767314910888672e+01 -1.009593391418457031e+01 -1.775951766967773438e+01 -1.104214572906494141e+01 1.051290512084960938e+01 1.484274768829345703e+01 -1.617713928222656250e+00 -9.214138031005859375e+00 1.294002532958984375e+01
1.298783493041992188e+01 -8.117751121520996094e+00 -2.282452774047851562e+01 -2.252333641052246094e+00 -4.830438613891601562e+00 1.392370605468750000e+01 1.040416431427001953e+01 -7.753735542297363281e+00 -1.139193439483642578e+01 1.471521258354187012e+00
1.292720794677734375e+01 -2.683569145202636719e+01 -9.852365255355834961e-01 2.681624174118041992e+00 -2.313930702209472656e+01 -3.109371662139892578e+00 5.931854724884033203e+00 -8.880558967590332031e+00 2.723756790161132812e+00 1.121758937835693359e+01
3.401516437530517578e+00 -2.072696113586425781e+01 -4.598793983459472656e+00 -1.113306808471679688e+01 -1.096883678436279297e+01 6.201371550559997559e-01 4.169243335723876953e+00 -1.611210060119628906e+01 -1.467856693267822266e+01 4.800144195556640625e+00
9.311898231506347656e+00 -5.286933422088623047e+00 -5.997246265411376953e+00 1.614277458190917969e+01 -4.030267238616943359e+00 1.249312496185302734e+01 6.124278903007507324e-02 -1.318436813354492188e+01 -3.310009717941284180e+00 1.264110660552978516e+01
-7.094521045684814453e+00 -1.946211814880371094e+01 1.328466653823852539e+00 4.252177238464355469e+00 -1.348217678070068359e+01 1.398300409317016602e+00 2.452873039245605469e+01 -2.926910400390625000e+00 -1.711905956268310547e+00 1.588584303855895996e+00
2.653089165687561035e-01 -1.148003768920898438e+01 -5.425879955291748047e+00 1.109658241271972656e+01 1.852635264396667480e+00 1.354098892211914062e+01 1.466749429702758789e+00 -1.478864860534667969e+01 -2.852911186218261719e+01 1.115310764312744141e+01
1.210211849212646484e+01 -2.363784027099609375e+01 -1.770456552505493164e+00 9.072742462158203125e+00 -1.897987937927246094e+01 6.246711730957031250e+00 -1.377570390701293945e+00 2.154258728027343750e+00 2.234196186065673828e+00 3.113960981369018555e+00
-1.414312958717346191e+00 -1.876890373229980469e+01 -9.029133796691894531e+00 1.835983848571777344e+01 -9.292207717895507812e+00 -9.050196647644042969e+00 -3.490335226058959961e+00 -5.526040554046630859e+00 -6.975008964538574219e+00 2.067541313171386719e+01
-2.048496961593627930e+00 -2.835094451904296875e+01 -1.421467661857604980e+00 2.413554489612579346e-01 2.948782034218311310e-02 1.876582527160644531e+01 9.487571716308593750e+00 -3.375922203063964844e+00 -7.483303546905517578e+00 6.149051666259765625e+00
1.765837669372558594e+01 -2.155191802978515625e+01 -1.393261194229125977e+00 5.892625808715820312e+00 -1.458575725555419922e+01 1.103304004669189453e+01 4.652374744415283203e+00 -1.664090919494628906e+01 -8.946102142333984375e+00 -4.864880561828613281e+00
9.183956146240234375e+00 -1.960358047485351562e+01 -7.074982166290283203e+00 1.106989574432373047e+01 -1.393301010131835938e+01 -3.205963373184204102e-01 4.300764560699462891e+00 1.224002742767333984e+01 -1.423921966552734375e+01 1.246888637542724609e+01
6.598652362823486328e+00 -1.485578918457031250e+01 -1.456153678894042969e+01 1.035335445404052734e+01 -1.017930603027343750e+01 1.142249584197998047e+01 3.036230325698852539e+00 1.839535117149353027e+00 -2.928148269653320312e+01 -7.929678559303283691e-01
-3.934814214706420898e+00 -2.591678237915039062e+01 -8.880813598632812500e+00 1.527379226684570312e+01 -5.512827262282371521e-02 -7.334188938140869141e+00 -7.449660897254943848e-01 -1.169143962860107422e+01 -1.319448566436767578e+01 7.645080089569091797e+00
1.572130298614501953e+01 -1.936726760864257812e+01 -1.127074241638183594e+01 4.746125698089599609e+00 4.885957717895507812e+00 -4.849430084228515625e+00 4.876331329345703125e+00 1.995889306068420410e+00 -1.823851776123046875e+01 7.484181404113769531e+00
-9.448739051818847656e+00 7.247668266296386719e+00 1.998776817321777344e+01 -4.702121257781982422e+00 -6.434597492218017578e+00 3.781326293945312500e+00 -1.933293533325195312e+01 -1.773668098449707031e+01 8.086994171142578125e+00 5.795969486236572266e+00
4.257735252380371094e+00 1.642981910705566406e+01 1.301319313049316406e+01 6.339894771575927734e+00 -1.228031444549560547e+01 4.066877365112304688e+00 -4.610314369201660156e+00 -3.662107944488525391e+00 3.203589439392089844e+00 -1.830013656616210938e+01
-2.356541442871093750e+01 4.017224311828613281e+00 4.101790904998779297e+00 3.885092258453369141e+00 -2.113488197326660156e+01 1.529307723045349121e+00 -5.699801921844482422e+00 -6.341413497924804688e+00 -7.387222766876220703e+00 -3.372739076614379883e+00
1.922846555709838867e+00 3.855900764465332031e+00 5.155961036682128906e+00 3.310411453247070312e+00 -3.401145553588867188e+01 8.116417884826660156e+00 -1.420214462280273438e+01 3.359816074371337891e+00 -5.483591079711914062e+00 -3.028843164443969727e+00
-4.393002510070800781e+00 2.963289499282836914e+00 4.797832012176513672e+00 5.763956069946289062e+00 -1.570919036865234375e+01 1.129332637786865234e+01 -2.594567108154296875e+01 5.002881050109863281e+00 -4.705614089965820312e+00 -1.270893859863281250e+01
-4.809974193572998047e+00 1.963705825805664062e+01 1.268447589874267578e+01 4.848779678344726562e+00 -7.148158073425292969e+00 1.028578948974609375e+01 -1.317157554626464844e+01 2.492604732513427734e+00 -1.145831680297851562e+01 -3.164711713790893555e+00
3.543709754943847656e+00 1.558730792999267578e+01 -3.555531978607177734e+00 2.143964767456054688e+00 -1.094196701049804688e+01 1.570159435272216797e+01 -2.006474685668945312e+01 -3.324449539184570312e+00 -4.157554626464843750e+00 -1.327757167816162109e+01
-1.362441444396972656e+01 9.243121147155761719e+00 1.686298751831054688e+01 -6.974040508270263672e+00 -1.975670242309570312e+01 1.392993164062500000e+01 -1.236562347412109375e+01 -3.480579614639282227e+00 -8.623442649841308594e+00 7.564044475555419922e+00
4.421381473541259766e+00 7.014750957489013672e+00 1.545917701721191406e+01 6.597945213317871094e+00 -2.080269432067871094e+01 -8.906533122062683105e-01 -8.859967231750488281e+00 -2.300553703308105469e+01 1.145131015777587891e+01 -1.363602638244628906e+01
4.386241436004638672e+00 -2.527921199798583984e+00 2.160204696655273438e+01 3.689745664596557617e+00 -9.076851844787597656e+00 1.207563495635986328e+01 -9.028760910034179688e+00 -2.469455003738403320e+00 -4.581029415130615234e-01 -1.066033649444580078e+01
1.114248275756835938e+01 1.294018650054931641e+01 1.325175762176513672e+01 -1.707473754882812500e+01 -6.997539043426513672e+00 1.520868778228759766e+01 -7.567216873168945312e+00 -3.588323116302490234e+00 -1.298340129852294922e+01 -1.095108509063720703e+01
7.889776229858398438e+00 6.107264757156372070e-01 1.167096614837646484e+01 -7.634096622467041016e+00 -2.032640075683593750e+01 -2.756675243377685547e+00 4.241086959838867188e+00 -1.177765560150146484e+01 9.006395936012268066e-01 -2.195977020263671875e+01
-8.942887306213378906e+00 1.735621261596679688e+01 -9.107308387756347656e-01 -2.680833339691162109e+00 -2.043804168701171875e+01 5.333085536956787109e+00 -1.015277624130249023e+00 -2.441746711730957031e+01 -1.182482147216796875e+01 -5.646984100341796875e+00
-8.693084716796875000e+00 2.484154510498046875e+01 1.292129230499267578e+01 4.713593959808349609e+00 -3.755858421325683594e+00 -1.894699931144714355e+00 -6.096179962158203125e+00 -1.503079700469970703e+01 -1.062347602844238281e+01 -1.585980701446533203e+01
-4.476641178131103516e+00 1.207490158081054688e+01 1.065944385528564453e+01 -4.995708465576171875e+00 -1.801292610168457031e+01 4.879714012145996094e+00 6.864246129989624023e-01 6.226173877716064453e+00 1.935716152191162109e+00 -1.876309394836425781e+01
3.830966353416442871e-01 1.848821640014648438e+01 1.094573211669921875e+01 9.659751892089843750e+00 -1.584870815277099609e+01 4.491741657257080078e+00 -5.811494588851928711e-01 -1.546198368072509766e+01 -1.371338367462158203e+01 -3.356797218322753906e+00
-2.947700500488281250e+00 9.984077453613281250e+00 -3.517083227634429932e-01 -8.026096343994140625e+00 -1.107852172851562500e+01 7.801271438598632812e+00 -3.367201995849609375e+01 -8.884006500244140625e+00 2.708679676055908203e+00 -1.331461429595947266e+01
-1.451630401611328125e+01 1.303378582000732422e+01 8.328532218933105469e+00 -3.831529378890991211e+00 -3.157986831665039062e+01 -4.515192985534667969e+00 -1.597665786743164062e+00 1.767702221870422363e+00 -3.841239929199218750e+00 -7.179411411285400391e+00
-4.100054740905761719e+00 -7.236523151397705078e+00 1.512267684936523438e+01 -8.823394775390625000e+00 -2.561854362487792969e+01 1.156853199005126953e+01 -1.922760009765625000e+01 -1.264583110809326172e+01 -1.077383160591125488e+00 -9.066696166992187500e+00
-6.629674434661865234e+00 1.730304908752441406e+01 6.057200431823730469e+00 -1.855797576904296875e+01 -2.066625976562500000e+01 -2.360339641571044922e+00 -5.048250198364257812e+00 2.336716055870056152e-01 -2.036070585250854492e+00 -1.742042160034179688e+01
-3.955265760421752930e+00 9.377228736877441406e+00 6.028809547424316406e-01 -1.173724365234375000e+01 -2.193550682067871094e+01 1.710189056396484375e+01 -1.025271892547607422e+01 5.304513454437255859e+00 -4.266196250915527344e+00 -1.869095993041992188e+01
7.241019725799560547e+00 1.718049049377441406e+01 3.154808759689331055e+00 4.469924926757812500e+00 -2.653905868530273438e+01 1.192361736297607422e+01 -4.385390758514404297e+00 -9.496304512023925781e+00 -1.537470149993896484e+01 -4.919833183288574219e+00
-1.373894691467285156e+01 2.155629348754882812e+01 4.479165554046630859e+00 4.748926639556884766e+00 -1.589289760589599609e+01 1.624297261238098145e+00 -2.080196189880371094e+01 -1.766963577270507812e+01 -1.789058744907379150e-01 -7.474838256835937500e+00
4.065413951873779297e+00 9.665078520774841309e-01 2.044055557250976562e+01 -7.167376518249511719e+00 -8.406006813049316406e+00 4.127736091613769531e+00 -1.584518623352050781e+01 -1.661390495300292969e+01 -1.223339271545410156e+01 1.554970860481262207e+00
-1.863860702514648438e+01 3.506818294525146484e+00 1.153964614868164062e+01 -5.266468524932861328e+00 -1.207317543029785156e+01 2.535285758972167969e+01 -3.601459026336669922e+00 -8.701869964599609375e+00 -5.458534717559814453e+00 -5.103886127471923828e+00
-3.844184398651123047e+00 1.686417198181152344e+01 1.180273914337158203e+01 -5.831202983856201172e+00 -2.140427017211914062e+01 1.192306995391845703e+01 -5.021570682525634766e+00 -1.055570411682128906e+01 2.530881404876708984e+00 9.645604133605957031e+00
-2.463734149932861328e+00 -1.078421020507812500e+01 1.375779438018798828e+01 3.555459499359130859e+00 -2.783984184265136719e+01 1.468249511718750000e+01 -1.577361869812011719e+01 -1.025040245056152344e+01 -1.014871597290039062e+01 -1.071641063690185547e+01
-6.833365917205810547e+00 4.910970211029052734e+00 6.934773921966552734e+00 4.970054626464843750e+00 -1.610773468017578125e+01 2.403558349609375000e+01 3.866401672363281250e+00 -9.140777587890625000e+00 1.717404603958129883e+00 -1.038842010498046875e+01
-5.341023445129394531e+00 9.288515090942382812e+00 3.343536376953125000e+00 -4.601627826690673828e+00 -1.979218482971191406e+01 1.626015472412109375e+01 -1.427374553680419922e+01 -1.632258415222167969e+01 1.487663459777832031e+01 -1.356718540191650391e+00
-2.648805618286132812e+01 8.172795295715332031e+00 1.004947185516357422e+01 5.325923562049865723e-01 -8.154354095458984375e+00 1.084207248687744141e+01 -8.010613441467285156e+00 -1.961326599121093750e+01 8.987929344177246094e+00 -1.057205295562744141e+01
-1.869496536254882812e+01 1.438334941864013672e+00 2.353417015075683594e+01 2.368389368057250977e+00 -1.132232952117919922e+01 -7.069341182708740234e+00 -1.821732521057128906e+01 2.171169757843017578e+00 -6.925039291381835938e+00 -1.496038246154785156e+01
-2.300362348556518555e+00 -5.191807150840759277e-01 1.992090225219726562e+01 -3.520213127136230469e+00 -6.230812072753906250e+00 7.168939113616943359e+00 -2.490421485900878906e+01 -2.618940114974975586e+00 -2.323711395263671875e+01 -1.147314906120300293e+00
-1.627837657928466797e+00 1.799927520751953125e+01 -4.404630184173583984e+00 -3.531287193298339844e+00 -2.547489738464355469e+01 1.349852371215820312e+01 -1.348421001434326172e+01 -1.072212696075439453e+01 -1.214482879638671875e+01 -2.498602151870727539e+00
-1.046369743347167969e+01 8.113739013671875000e+00 3.156429052352905273e+00 1.940161943435668945e+00 -8.839018821716308594e+00 3.676050901412963867e+00 -5.043674707412719727e-01 -2.468670272827148438e+01 -7.717539787292480469e+00 -2.349043655395507812e+01
-4.585361003875732422e+00 1.027017211914062500e+01 1.610887289047241211e+00 3.240839004516601562e+00 -1.814534187316894531e+01 4.713043212890625000e+00 7.265849590301513672e+00 -2.602695083618164062e+01 -2.082484483718872070e+00 -1.437380123138427734e+01
2.886846303939819336e+00 1.549479675292968750e+01 1.350825691223144531e+01 -6.725301742553710938e+00 -2.259518241882324219e+01 -3.403557062149047852e+00 -2.545882415771484375e+01 -1.572706937789916992e+00 -6.139864921569824219e+00 -8.289921760559082031e+00
6.116844177246093750e+00 5.695110797882080078e+00 2.779229927062988281e+01 6.444566845893859863e-01 -1.617240142822265625e+01 -6.102746963500976562e+00 -8.103578567504882812e+00 -1.028193378448486328e+01 -1.420671081542968750e+01 -1.288053894042968750e+01
-7.596048831939697266e+00 8.659751892089843750e+00 1.886772727966308594e+01 5.635205745697021484e+00 -3.448602914810180664e+00 4.653393268585205078e+00 -7.219596862792968750e+00 -1.154113578796386719e+01 -2.090212059020996094e+01 -1.917208671569824219e+01
-1.253633117675781250e+01 1.029594802856445312e+01 1.618297004699707031e+01 -1.646716690063476562e+01 -8.359312057495117188e+00 1.345696449279785156e+01 2.343577295541763306e-01 -1.106916046142578125e+01 -4.244203865528106689e-02 -2.244888114929199219e+01
2.916941642761230469e+00 -4.962719440460205078e+00 7.442758560180664062e+00 -4.707673549652099609e+00 -1.507574748992919922e+01 8.059951782226562500e+00 -1.865436172485351562e+01 -1.220056247711181641e+01 -1.274014377593994141e+01 -1.014248847961425781e+01
-8.354152441024780273e-01 -3.908879089355468750e+01 -2.320648670196533203e+00 1.066821888089179993e-01 2.788878202438354492e+00 -1.616065025329589844e+00 2.099849939346313477e+00 9.540906548500061035e-01 1.192281341552734375e+01 -9.606246948242187500e+00
-1.059998035430908203e+01 -1.527371883392333984e+00 2.990097045898437500e+00 9.218214452266693115e-02 1.749195289611816406e+01 6.101658821105957031e+00 -1.740241241455078125e+01 1.170639038085937500e+01 3.210373401641845703e+00 -1.343341827392578125e+01
-1.232368183135986328e+01 -9.596755027770996094e+00 -1.612485313415527344e+01 -1.277893352508544922e+01 6.795715808868408203e+00 -2.294308185577392578e+00 -2.135425806045532227e+00 -8.961033821105957031e+00 1.753091049194335938e+01 -1.890468025207519531e+01
-7.297821521759033203e+00 -1.553492927551269531e+01 -2.641123008728027344e+01 -8.766439437866210938e+00 7.302452325820922852e-01 1.474607086181640625e+01 -6.218298912048339844e+00 5.889853000640869141e+00 5.804687023162841797e+00 -5.013110637664794922e+00
-9.206676483154296875e+00 -2.037009429931640625e+01 6.258724331855773926e-01 -1.819544219970703125e+01 5.772860050201416016e+00 -5.689873695373535156e+00 -1.055464458465576172e+01 6.020449161529541016e+00 7.556967258453369141e+00 -1.392542266845703125e+01
-8.832324028015136719e+00 -1.388547611236572266e+01 3.655452489852905273e+00 -1.891858100891113281e+01 1.195181083679199219e+01 1.531007766723632812e+01 -2.734718704223632812e+01 4.791804790496826172e+00 5.191445350646972656e+00 1.895332694053649902e+00
1.767815208435058594e+01 -2.054401969909667969e+01 -3.655856847763061523e+00 -7.521521568298339844e+00 1.425750446319580078e+01 -8.929395675659179688e+00 -2.083532363176345825e-01 5.370970726013183594e+00 -4.780836999416351318e-01 -1.563198471069335938e+01
5.477953553199768066e-01 -1.975752830505371094e+01 -1.607896041870117188e+01 -1.707546043395996094e+01 2.089257049560546875e+01 -6.334400653839111328e+00 -9.159585952758789062e+00 2.241944789886474609e+00 4.568010807037353516e+00 -9.315224647521972656e+00
9.889979362487792969e-01 -2.493604660034179688e+01 2.887613058090209961e+00 -8.955676078796386719e+00 1.162826061248779297e+01 8.552590370178222656e+00 -7.213583588600158691e-01 4.543606281280517578e+00 5.434729576110839844e+00 -6.831874370574951172e+00
1.071651363372802734e+01 -1.114436912536621094e+01 -1.061583232879638672e+01 -2.058947563171386719e+00 3.679708242416381836e+00 9.930355072021484375e+00 -1.704331588745117188e+01 -6.901667594909667969e+00 1.555904102325439453e+01 -1.817323684692382812e+01
8.381935119628906250e+00 -2.553307723999023438e+01 -2.069462966918945312e+01 -4.565489292144775391e+00 6.808870792388916016e+00 -1.995720505714416504e+00 -8.918580055236816406e+00 -1.000041365623474121e+00 2.977272272109985352e+00 -1.465190696716308594e+01
-1.152710533142089844e+01 -1.431760311126708984e+01 2.490829944610595703e+00 -1.582656478881835938e+01 5.819769859313964844e+00 2.050159454345703125e+00 -9.103900909423828125e+00 6.826941967010498047e+00 5.562350749969482422e+00 -3.016255187988281250e+01
-1.022539064288139343e-01 -3.416080772876739502e-01 -1.262256050109863281e+01 -1.874670600891113281e+01 6.006421566009521484e+00 1.367703723907470703e+01 -3.452669382095336914e+00 1.104262542724609375e+01 3.561490535736083984e+00 -2.819924163818359375e+01
4.113441467285156250e+00 -5.942980289459228516e+00 -2.103499412536621094e+00 -1.066865444183349609e+01 1.522287368774414062e+01 1.088635730743408203e+01 -1.200903129577636719e+01 3.933239281177520752e-01 1.426431560516357422e+01 -2.116023826599121094e+01
-3.671487092971801758e+00 -1.321040439605712891e+01 -5.601629734039306641e+00 3.135726213455200195e+00 2.030508613586425781e+01 2.408150434494018555e-01 2.967738628387451172e+00 1.659320259094238281e+01 3.777926921844482422e+00 -1.470065689086914062e+01
-1.031220722198486328e+01 -1.769134712219238281e+01 -3.404467821121215820e+00 1.042484569549560547e+01 6.320043563842773438e+00 9.411398887634277344e+00 -7.036936759948730469e+00 1.432676506042480469e+01 1.454895591735839844e+01 -5.708917140960693359e+00
-9.313446998596191406e+00 -1.272669029235839844e+01 -4.738584995269775391e+00 1.337632083892822266e+01 3.459963560104370117e+00 1.099998801946640015e-01 -8.504683494567871094e+00 -4.516806125640869141e+00 2.571521949768066406e+01 -1.876646995544433594e+01
-1.055767631530761719e+01 -2.697643995285034180e+00 -6.479125022888183594e+00 -1.764328384399414062e+01 3.488981127738952637e-01 7.507742881774902344e+00 -1.608002853393554688e+01 1.374915695190429688e+01 1.796762084960937500e+01 -1.493522930145263672e+01
7.903290748596191406e+00 -1.089959335327148438e+01 -8.096591949462890625e+00 -9.587569236755371094e+00 2.437721443176269531e+01 6.190629482269287109e+00 -4.470905780792236328e+00 -4.821629047393798828e+00 2.965457916259765625e+00 -8.805027961730957031e+00
-1.262240791320800781e+01 5.873521804809570312e+00 -1.014486217498779297e+01 -6.827293395996093750e+00 1.809400177001953125e+01 -9.284485578536987305e-01 -1.104150009155273438e+01 3.279278576374053955e-01 1.234861087799072266e+01 -1.805442428588867188e+01
-3.008532524108886719e+00 -2.554763412475585938e+01 -1.513398170471191406e+01 -4.259004116058349609e+00 -5.885958194732666016e+00 1.035652732849121094e+01 -6.141326427459716797e-01 5.616237640380859375e+00 1.658879280090332031e+01 -1.617478942871093750e+01
-4.167382717132568359e+00 -1.698603820800781250e+01 1.084207916259765625e+01 -1.846092033386230469e+01 1.169420719146728516e+01 1.893613815307617188e+01 -7.780428409576416016e+00 8.926040649414062500e+00 -2.271666526794433594e+00 -1.071421623229980469e+01
-1.505040168762207031e+01 -9.754005432128906250e+00 -1.141851234436035156e+01 -3.504437208175659180e+00 8.196147918701171875e+00 1.505492496490478516e+01 -1.988453674316406250e+01 -1.196537494659423828e+01 1.045126342773437500e+01 -1.649446678161621094e+01
-1.390661907196044922e+01 -1.008306217193603516e+01 -1.401257896423339844e+01 -1.687134742736816406e+01 9.536249160766601562e+00 5.247341156005859375e+00 3.883280754089355469e-01 1.286303424835205078e+01 1.209247970581054688e+01 1.565557599067687988e+00
-7.853376865386962891e-01 -1.287216544151306152e+00 -5.266532301902770996e-01 -3.417043685913085938e-01 4.487068176269531250e+00 -3.065345287322998047e+00 -5.794711709022521973e-01 -4.796135902404785156e+00 2.141192245483398438e+01 -2.873059844970703125e+01
2.000634431838989258e+00 -6.815019607543945312e+00 -1.801120376586914062e+01 -1.217118072509765625e+01 7.706083059310913086e-01 2.394928216934204102e+00 -5.039892673492431641e+00 2.310355186462402344e+01 2.233064174652099609e+00 -1.928984832763671875e+01
-4.977921009063720703e+00 -1.120448493957519531e+01 -7.399898052215576172e+00 -6.408350944519042969e+00 6.302096843719482422e+00 2.818277168273925781e+01 -1.107806015014648438e+01 -6.435668468475341797e-02 -4.133807182312011719e+00 -2.501423835754394531e+01
-5.882540702819824219e+00 -1.459598636627197266e+01 -1.630684089660644531e+01 -6.351676464080810547e+00 2.120900726318359375e+01 6.385313510894775391e+00 5.434329032897949219e+00 7.314101219177246094e+00 -2.567566335201263428e-01 -1.532166671752929688e+01
8.454930305480957031e+00 -7.391601562500000000e+00 -6.718143463134765625e+00 -4.829001903533935547e+00 2.239268779754638672e+00 1.133869647979736328e+01 -1.564326763153076172e+01 4.750809669494628906e+00 2.276650810241699219e+01 -8.862183570861816406e+00
-1.927434802055358887e+00 -1.662931442260742188e+01 3.139803409576416016e+00 -2.316544771194458008e+00 3.549165129661560059e-01 -7.102643013000488281e+00 -2.099628829956054688e+01 1.669176864624023438e+01 7.135904431343078613e-01 -2.284103012084960938e+01
4.272881031036376953e+00 -7.637863159179687500e+00 -1.380178737640380859e+01 1.170889973640441895e+00 -4.003533363342285156e+00 4.215985298156738281e+00 -1.184541797637939453e+01 2.166953277587890625e+01 9.119838714599609375e+00 -2.150887298583984375e+01
-1.202192211151123047e+01 -2.934193801879882812e+01 7.276412010192871094e+00 -3.620717525482177734e-01 -1.189121007919311523e+00 2.898135900497436523e+00 -6.942197322845458984e+00 1.370443916320800781e+01 -2.369264841079711914e+00 -7.148444652557373047e+00
-6.106225013732910156e+00 -2.388174819946289062e+01 -1.514679431915283203e+01 -1.905264854431152344e+00 8.060342788696289062e+00 1.330016613006591797e+01 -1.307659149169921875e+01 1.257497024536132812e+01 1.507632541656494141e+01 1.897511005401611328e+00
-2.025938749313354492e+00 -1.356419372558593750e+01 -1.280762100219726562e+01 -9.427907943725585938e+00 -8.023112297058105469e+00 2.232800865173339844e+01 -8.730933189392089844e+00 5.570716381072998047e+00 1.360119152069091797e+01 -3.348686456680297852e+00
7.951757431030273438e+00 -2.134692764282226562e+01 -6.462215900421142578e+00 -1.267720985412597656e+01 8.143273353576660156e+00 -1.054150104522705078e+01 -1.897911262512207031e+01 9.434597969055175781e+00 1.265335845947265625e+01 -1.062743759155273438e+01
-1.248587417602539062e+01 -1.680099678039550781e+01 -3.661996841430664062e+00 1.725495815277099609e+00 1.773369789123535156e+01 1.499525070190429688e+01 -5.876631140708923340e-01 -8.752046585083007812e+00 1.415196895599365234e+01 -2.170246124267578125e+01
-2.327077674865722656e+01 -9.209274291992187500e+00 -1.129939556121826172e+01 2.013489246368408203e+00 1.242527675628662109e+01 -4.402205944061279297e+00 -1.414609336853027344e+01 5.049934387207031250e-01 7.137191295623779297e+00 -1.648682403564453125e+01
-3.315608978271484375e+00 -8.171716690063476562e+00 -6.185606479644775391e+00 -1.648944282531738281e+01 -4.943304061889648438e+00 2.568540811538696289e+00 6.520759582519531250e+00 8.446002960205078125e+00 1.736786651611328125e+01 -2.512220001220703125e+01
2.016266107559204102e+00 -1.237979984283447266e+01 -1.816581964492797852e+00 -7.449762344360351562e+00 8.153561592102050781e+00 4.400267601013183594e+00 -2.799180221557617188e+01 2.397284030914306641e+00 1.657130813598632812e+01 -8.282274246215820312e+00
-3.956538438796997070e+00 -1.326034355163574219e+01 -1.371245288848876953e+01 4.293960571289062500e+00 1.673528289794921875e+01 -2.826821804046630859e+00 -1.609112167358398438e+01 6.443742275238037109e+00 -7.286092758178710938e+00 -2.008882713317871094e+01
-1.966790795326232910e+00 1.464233303070068359e+01 -1.509410285949707031e+01 -1.634734034538269043e+00 5.862308502197265625e+00 -2.495157241821289062e+01 -2.004667282104492188e+01 -3.629070043563842773e+00 1.362617397308349609e+01 -4.343810677528381348e-01
6.553223133087158203e-01 1.410583400726318359e+01 -1.732335281372070312e+01 -3.356754779815673828e+00 5.090809345245361328e+00 -9.102753639221191406e+00 -2.724375152587890625e+01 -2.989492893218994141e+00 5.197600841522216797e+00 1.408548736572265625e+01
1.015386104583740234e+01 4.908205032348632812e+00 -7.641864776611328125e+00 -4.892348647117614746e-01 -1.057187461853027344e+01 -2.585515785217285156e+01 -3.164103269577026367e+00 -1.344587898254394531e+01 1.766088485717773438e+01 -9.654841423034667969e+00
2.062507629394531250e+00 8.283182144165039062e+00 6.421229839324951172e+00 5.223777294158935547e+00 -1.364299583435058594e+01 -2.825511360168457031e+01 -1.420544052124023438e+01 -1.256598186492919922e+01 4.071256637573242188e+00 1.099886131286621094e+01
9.597682952880859375e+00 8.382887840270996094e+00 -1.479015922546386719e+01 9.030923843383789062e+00 -3.835476875305175781e+00 -2.011223030090332031e+01 -3.036260366439819336e+00 1.329646492004394531e+01 2.374765396118164062e+00 1.416939830780029297e+01
6.681192398071289062e+00 1.483063507080078125e+01 3.909030675888061523e+00 3.642467737197875977e+00 -7.827548027038574219e+00 -2.536483383178710938e+01 1.384787440299987793e+00 -7.417351245880126953e+00 9.789000511169433594e+00 1.084438610076904297e+01
-1.200869846343994141e+01 -7.718798637390136719e+00 4.774770736694335938e+00 2.263748884201049805e+00 -1.200933551788330078e+01 -2.456071090698242188e+01 -8.832328796386718750e+00 1.563403224945068359e+01 8.196492195129394531e+00 1.531399059295654297e+01
1.960781669616699219e+01 -4.611299514770507812e+00 -2.372005701065063477e+00 -3.955704450607299805e+00 5.800410270690917969e+00 -2.682646179199218750e+01 -1.614454650878906250e+01 1.932530164718627930e+00 -1.072877979278564453e+01 -2.546908140182495117e+00
3.019447326660156250e+00 3.047310352325439453e+00 1.071200251579284668e+00 5.742786884307861328e+00 -4.736485481262207031e+00 -1.523143291473388672e+01 -2.603678703308105469e+01 4.016073703765869141e+00 1.844316101074218750e+01 2.646382808685302734e+00
-4.510910987854003906e+00 1.088081741333007812e+01 -1.181127834320068359e+01 -3.195360660552978516e+00 -1.796450996398925781e+01 -1.646730995178222656e+01 -1.727167701721191406e+01 1.866410446166992188e+01 -2.576338052749633789e+00 6.808185100555419922e+00
1.081656742095947266e+01 -1.753179168701171875e+01 -6.466150283813476562e+00 7.528678417205810547e+00 -7.877226829528808594e+00 -2.218653297424316406e+01 -9.605141639709472656e+00 1.156783390045166016e+01 9.600321769714355469e+00 -7.325544953346252441e-01
-1.029396653175354004e+00 5.707424163818359375e+00 -1.948765945434570312e+01 7.459755897521972656e+00 -2.196072578430175781e+00 -2.222350502014160156e+01 -1.470877885818481445e+00 1.327428817749023438e+01 1.573791599273681641e+01 -1.918001055717468262e+00
6.334875822067260742e-01 1.454419898986816406e+01 -4.898144245147705078e+00 1.478502178192138672e+01 -6.801568508148193359e+00 -1.998131752014160156e+01 -7.091183662414550781e+00 1.313665866851806641e+00 -2.029793024063110352e+00 6.666121482849121094e-01
5.212512969970703125e+00 1.893539237976074219e+01 2.005238056182861328e+00 8.207556724548339844e+00 -9.567759513854980469e+00 -2.162004280090332031e+01 -1.210526275634765625e+01 8.372029304504394531e+00 -5.866952896118164062e+00 3.903885364532470703e+00
1.034234404563903809e+00 -7.416948795318603516e+00 -4.231075286865234375e+00 -1.087172865867614746e+00 -2.479897975921630859e+00 -2.355514907836914062e+01 -6.476567745208740234e+00 -5.315194129943847656e+00 7.224840641021728516e+00 2.565738868713378906e+01
4.426795482635498047e+00 9.967627525329589844e+00 -1.009714794158935547e+01 1.540863609313964844e+01 -1.954604911804199219e+01 -1.630846405029296875e+01 -6.904827117919921875e+00 -8.190356254577636719e+00 3.204723358154296875e+00 1.024999523162841797e+01
1.356884670257568359e+01 -2.002288818359375000e+00 -1.223213768005371094e+01 1.421681523323059082e+00 2.722058534622192383e+00 -1.815987586975097656e+01 -1.060690498352050781e+01 9.911631345748901367e-01 1.627082061767578125e+01 1.220207881927490234e+01
1.382748508453369141e+01 7.727759838104248047e+00 -9.238147735595703125e+00 8.200582504272460938e+00 -3.486141681671142578e+00 -1.918356323242187500e+01 -2.631876945495605469e+01 5.072521686553955078e+00 6.472025394439697266e+00 -9.074235916137695312e+00
2.806323021650314331e-02 -4.652279376983642578e+00 9.123929023742675781e+00 5.427691459655761719e+00 2.766379356384277344e+00 -1.482620620727539062e+01 -1.729518890380859375e+01 -7.782990932464599609e-01 1.685976409912109375e+01 8.805935859680175781e+00
1.703116416931152344e+01 6.152564525604248047e+00 -3.261840820312500000e+00 3.954153060913085938e+00 -1.653898715972900391e+00 -2.664987182617187500e+01 -1.557024478912353516e+01 -1.033708572387695312e+00 -1.502586936950683594e+01 -1.331558465957641602e+00
4.529779911041259766e+00 -4.843661785125732422e+00 -7.018220901489257812e+00 1.446006393432617188e+01 -1.657905006408691406e+01 -1.627666664123535156e+01 -1.590766620635986328e+01 -1.401736021041870117e+00 2.350128412246704102e+00 1.574123954772949219e+01
7.324523925781250000e+00 8.724219322204589844e+00 6.326390266418457031e+00 -7.720096111297607422e+00 -1.057539176940917969e+01 -2.406935691833496094e+01 -1.103824520111083984e+01 1.083402538299560547e+01 9.792491912841796875e+00 3.377033710479736328e+00
1.760418891906738281e+01 -7.332460403442382812e+00 -9.182118415832519531e+00 5.402625083923339844e+00 -1.733235168457031250e+01 -1.302980136871337891e+01 -1.882637214660644531e+01 -6.520020961761474609e+00 1.134499359130859375e+01 4.810616493225097656e+00
1.030942249298095703e+01 6.652747154235839844e+00 -2.036429214477539062e+01 -1.088219451904296875e+01 -3.731738328933715820e+00 -9.044132232666015625e+00 -2.085424804687500000e+01 2.168022632598876953e+00 -1.519059300422668457e+00 4.811974525451660156e+00
-2.168150663375854492e+00 1.597567439079284668e+00 -9.220966339111328125e+00 -7.312151432037353516e+00 -9.985139846801757812e+00 -2.728696632385253906e+01 -1.608468246459960938e+01 -3.641668260097503662e-01 1.809062808752059937e-02 1.625481414794921875e+01
3.409852743148803711e+00 -9.371246337890625000e+00 3.541315078735351562e+00 2.214669799804687500e+01 -3.053759336471557617e+00 -1.988495254516601562e+01 -2.098492431640625000e+01 2.095855712890625000e+00 2.445479631423950195e+00 2.807320833206176758e+00
1.513344001770019531e+01 -7.201685905456542969e+00 -5.191679477691650391e+00 -6.643971920013427734e+00 2.159014940261840820e+00 -3.886157989501953125e+01 -1.489584088325500488e+00 6.151579618453979492e-01 7.524759173393249512e-01 1.623664140701293945e+00
-8.009701967239379883e-01 -5.735892772674560547e+00 -1.222487735748291016e+01 1.035630893707275391e+01 -2.089793777465820312e+01 -2.088914489746093750e+01 -1.186608695983886719e+01 1.308171272277832031e+01 4.638610363006591797e+00 -8.066361427307128906e+00
-2.613991260528564453e+00 1.028072643280029297e+01 2.346970319747924805e+00 1.818547844886779785e+00 2.166529417037963867e+00 -3.132038307189941406e+01 -2.284306335449218750e+01 8.476267814636230469e+00 -1.097821235656738281e+00 -5.377057075500488281e+00
6.343251228332519531e+00 1.135712814331054688e+01 -2.901054382324218750e+00 -4.480456829071044922e+00 -8.531244277954101562e+00 -9.888998031616210938e+00 -1.534362983703613281e+01 6.920559406280517578e+00 7.706448078155517578e+00 2.066040420532226562e+01
7.830327987670898438e+00 6.902319908142089844e+00 1.445706081390380859e+01 9.979347229003906250e+00 8.697115182876586914e-01 -2.492116355895996094e+01 -7.624008655548095703e+00 -6.812207102775573730e-01 7.595867633819580078e+00 -3.010033130645751953e+00
1.376850986480712891e+01 1.791066360473632812e+01 -5.411495566368103027e-01 1.206542015075683594e+00 -1.872472381591796875e+01 -1.601954841613769531e+01 -1.402583122253417969e+00 1.064374744892120361e-01 5.974551200866699219e+00 -1.014788031578063965e+00
1.367551231384277344e+01 -3.984484195709228516e+00 -1.764668846130371094e+01 -3.930243968963623047e+00 -7.595833539962768555e-01 -2.943301963806152344e+01 3.357246637344360352e+00 2.421635150909423828e+00 1.356949901580810547e+01 -2.886276245117187500e+00
-1.191910457611083984e+01 -4.986316680908203125e+00 -9.214091300964355469e+00 1.986183738708496094e+01 -8.499944806098937988e-01 -2.175782966613769531e+01 -8.153211593627929688e+00 -1.510218501091003418e+00 1.351218509674072266e+01 -6.675296276807785034e-02
6.757441043853759766e+00 5.700391530990600586e-01 -8.621356487274169922e-01 -3.344912290573120117e+00 8.470807075500488281e+00 -3.068088531494140625e+01 -1.606934356689453125e+01 7.089529037475585938e+00 -9.430652618408203125e+00 9.383592605590820312e+00
-5.525075435638427734e+00 3.057023286819458008e+00 6.855400204658508301e-01 -2.447910070419311523e+00 -9.115962982177734375e+00 -3.573595809936523438e+01 -1.613118743896484375e+01 -3.040531396865844727e+00 1.361877346038818359e+01 9.534755945205688477e-01
-6.825509548187255859e+00 2.276170104742050171e-01 -4.408406257629394531e+00 9.279404640197753906e+00 6.172167778015136719e+00 -2.606303977966308594e+01 -1.614546966552734375e+01 -9.746449470520019531e+00 7.755722045898437500e+00 3.747044801712036133e-01
1.747296333312988281e+01 2.193969011306762695e+00 -3.663545846939086914e+00 -7.208525180816650391e+00 -1.270234107971191406e+01 -2.491617202758789062e+01 -3.046860456466674805e+00 -1.421925735473632812e+01 1.064317989349365234e+01 3.390524864196777344e+00
1.868983650207519531e+01 -8.176492691040039062e+00 -7.571413516998291016e+00 6.364390850067138672e+00 -2.058422279357910156e+01 -2.610467910766601562e+01 -1.431154060363769531e+01 3.045662879943847656e+00 1.698049426078796387e+00 9.046330451965332031e+00
1.591820621490478516e+01 4.274174213409423828e+00 -7.755146503448486328e+00 1.108121585845947266e+01 -6.946552753448486328e+00 -3.079488182067871094e+01 -6.477746963500976562e+00 -7.126588344573974609e+00 1.330724239349365234e+00 -1.109667873382568359e+01
-1.376491641998291016e+01 1.256624984741210938e+01 -1.079897761344909668e+00 7.705320358276367188e+00 -2.762899398803710938e+00 -2.240427398681640625e+01 1.414914608001708984e+01 -4.562136173248291016e+00 -1.896815299987792969e+01 6.701425075531005859e+00
-9.841731071472167969e+00 3.251300334930419922e+00 -1.544393157958984375e+01 7.177683830261230469e+00 1.054785346984863281e+01 -1.188250923156738281e+01 2.330423736572265625e+01 -3.470931291580200195e+00 -2.391363143920898438e+00 -6.760235309600830078e+00
-8.721144676208496094e+00 4.124854564666748047e+00 7.822420120239257812e+00 -4.114372253417968750e+00 1.706480216979980469e+01 -5.097166895866394043e-01 8.427688598632812500e+00 -1.919164848327636719e+01 -2.155356025695800781e+01 -5.022211074829101562e+00
-1.581974983215332031e+01 1.524818420410156250e+01 -1.031085014343261719e+01 1.172584342956542969e+01 6.687810897827148438e+00 -1.939342379570007324e+00 1.217094326019287109e+01 -1.181075382232666016e+01 -1.436287784576416016e+01 5.264117121696472168e-01
-2.636242485046386719e+01 1.223353672027587891e+01 -9.028367042541503906e+00 -1.321894836425781250e+01 1.114781260490417480e+00 4.393457889556884766e+00 1.268188095092773438e+01 -5.763748168945312500e+00 4.171146392822265625e+00 6.598712444305419922e+00
-2.676289939880371094e+01 8.200890541076660156e+00 -3.444108963012695312e+00 2.966123819351196289e+00 7.215636730194091797e+00 -1.440905857086181641e+01 1.094933032989501953e+01 -4.933767795562744141e+00 2.167454242706298828e+00 -1.896386909484863281e+01
-2.100909614562988281e+01 -3.591817319393157959e-01 -1.129962444305419922e+01 -1.450348949432373047e+01 3.324908971786499023e+00 -1.028458023071289062e+01 2.153165245056152344e+01 -1.326142311096191406e+01 -1.332820796966552734e+01 7.768665790557861328e+00
-9.256170272827148438e+00 1.867717552185058594e+01 -8.220399856567382812e+00 -1.436816501617431641e+01 7.754412174224853516e+00 -1.470144939422607422e+01 1.045566749572753906e+01 1.813912272453308105e+00 -1.312865138053894043e+00 9.979251861572265625e+00
-1.379210376739501953e+01 7.077929973602294922e+00 5.966703891754150391e+00 -2.745644950866699219e+01 4.549373149871826172e+00 -5.907228469848632812e+00 1.194420433044433594e+01 1.274800658226013184e+00 -1.311210441589355469e+01 -1.189956092834472656e+01
5.092631340026855469e+00 2.293046569824218750e+01 -8.499958992004394531e+00 -2.039068603515625000e+01 6.255152702331542969e+00 -1.145808792114257812e+01 6.241715908050537109e+00 -9.978185653686523438e+00 -1.242370128631591797e+01 -4.330890655517578125e+00
-6.600480556488037109e+00 5.338361263275146484e+00 -1.258287620544433594e+01 -6.845704078674316406e+00 1.539770126342773438e+01 -1.728472900390625000e+01 1.419254970550537109e+01 -1.896517515182495117e+00 -5.568466186523437500e+00 -1.922928237915039062e+01
-9.110007286071777344e+00 -2.011764794588088989e-01 -7.215143203735351562e+00 -7.108267784118652344e+00 7.803602695465087891e+00 1.215885519981384277e+00 3.687341928482055664e+00 8.971306800842285156e+00 -3.542831039428710938e+01 2.885167360305786133e+00
-1.996616172790527344e+01 1.973171424865722656e+01 -7.979046821594238281e+00 -8.907572746276855469e+00 1.391937637329101562e+01 -9.418648719787597656e+00 5.201089978218078613e-01 -4.841019511222839355e-01 -1.771599006652832031e+01 -7.600888729095458984e+00
-1.656331062316894531e+01 -5.987579226493835449e-01 1.936710357666015625e+01 -8.872004508972167969e+00 1.523318862915039062e+01 -1.154444599151611328e+01 8.988711357116699219e+00 -9.747998237609863281e+00 -4.823817729949951172e+00 -2.659389972686767578e+00
-1.770149803161621094e+01 -9.812357425689697266e-01 1.026939010620117188e+01 -3.416454553604125977e+00 4.964816570281982422e+00 -1.120077323913574219e+01 8.920823097229003906e+00 -2.103481674194335938e+01 -1.110166645050048828e+01 9.892141342163085938e+00
-2.098622512817382812e+01 2.802810192108154297e+00 6.369829177856445312e+00 4.663147926330566406e+00 8.311571121215820312e+00 -2.011973953247070312e+01 6.737185269594192505e-02 5.696622848510742188e+00 -2.043576431274414062e+01 9.449378967285156250e+00
-3.442022323608398438e+01 4.321252346038818359e+00 -4.155601501464843750e+00 -8.680445671081542969e+00 -5.112188816070556641e+00 -1.085596847534179688e+01 5.305168151855468750e+00 -3.835962295532226562e+00 -1.141342449188232422e+01 2.561746120452880859e+00
-2.122956275939941406e+01 -3.856431007385253906e+00 -8.480708122253417969e+00 5.131914615631103516e-01 2.379248380661010742e+00 -3.056596755981445312e+00 2.647926521301269531e+01 6.747007846832275391e+00 -1.574072122573852539e+00 1.322532296180725098e+00
-5.320353984832763672e+00 2.769113183021545410e-01 -8.877914428710937500e+00 -1.119040775299072266e+01 4.602201938629150391e+00 -2.825859832763671875e+01 1.065339851379394531e+01 -2.348359584808349609e+00 -2.803779602050781250e+00 9.169435501098632812e+00
-9.778362274169921875e+00 6.831376552581787109e-01 -5.558779716491699219e+00 -1.786295700073242188e+01 1.179809474945068359e+01 -2.291863822937011719e+01 1.333813381195068359e+01 2.258376359939575195e+00 3.484701156616210938e+00 6.239986896514892578e+00
-1.200939369201660156e+01 8.311603546142578125e+00 2.407716751098632812e+00 -4.380045890808105469e+00 2.132081270217895508e+00 1.320827960968017578e+00 1.590398502349853516e+01 1.522530174255371094e+01 -1.897635269165039062e+01 9.363316893577575684e-01
-1.725115203857421875e+01 1.994022130966186523e+00 -1.388943386077880859e+01 -5.349907875061035156e+00 1.771895408630371094e+01 -1.218094825744628906e+01 9.204271316528320312e+00 1.021991157531738281e+01 -1.118299579620361328e+01 1.067549896240234375e+01
-1.471462631225585938e+01 1.316297912597656250e+01 5.891424179077148438e+00 -1.622449278831481934e+00 -7.639223575592041016e+00 -1.797342300415039062e+01 2.011778068542480469e+01 6.565413951873779297e+00 -5.203145027160644531e+00 1.834391832351684570e+00
-9.064047813415527344e+00 1.544815921783447266e+01 -1.380565357208251953e+01 -1.439478492736816406e+01 1.784552383422851562e+01 -1.384375333786010742e+00 1.504743671417236328e+01 -6.734066963195800781e+00 1.233853340148925781e+00 -3.561909914016723633e+00
-8.168491363525390625e+00 -1.651445150375366211e+00 -1.314062625169754028e-01 -8.199575424194335938e+00 2.143558883666992188e+01 -7.691692709922790527e-01 1.802456474304199219e+01 -4.407680511474609375e+00 -2.289332771301269531e+01 -1.515469646453857422e+01
-1.947259712219238281e+01 2.798843574523925781e+01 -8.910082817077636719e+00 -1.160095572471618652e+00 3.284115791320800781e+00 -6.498075962066650391e+00 5.049279689788818359e+00 -7.497092723846435547e+00 -4.590461254119873047e+00 4.050750136375427246e-01
-1.212707233428955078e+01 1.345496463775634766e+01 -3.698847532272338867e+00 -1.433715248107910156e+01 -3.084282159805297852e+00 3.787172555923461914e+00 1.266359043121337891e+01 -1.198239707946777344e+01 -2.538158798217773438e+01 -1.610081553459167480e+00
3.716166019439697266e+00 1.342167258262634277e+00 -8.631472587585449219e-01 -6.776328086853027344e+00 1.536609649658203125e+01 -1.795473480224609375e+01 1.763885498046875000e+01 -1.278180980682373047e+01 -2.273481750488281250e+01 -5.078187942504882812e+00
-1.273143672943115234e+01 1.572929096221923828e+01 -1.434676265716552734e+01 -6.582569599151611328e+00 1.367924213409423828e+00 -2.276499748229980469e+01 3.294332265853881836e+00 -7.429825305938720703e+00 -1.471771526336669922e+01 4.861501216888427734e+00
-1.580705928802490234e+01 9.701379776000976562e+00 1.456516385078430176e+00 -1.187767124176025391e+01 -9.657371520996093750e+00 -9.052449226379394531e+00 2.385221290588378906e+01 -2.033568620681762695e+00 -1.688178253173828125e+01 -8.966696739196777344e+00
-6.526537895202636719e+00 8.546683192253112793e-01 -5.424843788146972656e+00 -2.438952207565307617e+00 5.029347419738769531e+00 -5.053775310516357422e+00 1.105742168426513672e+01 -2.068840026855468750e+00 -8.723176956176757812e+00 2.324327468872070312e+00
-2.001398086547851562e+01 -9.561389923095703125e+00 -2.039624023437500000e+01 -7.568249225616455078e+00 8.685295104980468750e+00 -4.736614227294921875e+00 2.176076507568359375e+01 -5.319012641906738281e+00 -4.262931346893310547e+00 1.510634571313858032e-01
-2.184009742736816406e+01 6.353111267089843750e-01 -2.896270036697387695e+00 -5.871787071228027344e+00 1.042211532592773438e+01 -2.635152578353881836e+00 1.339300346374511719e+01 -1.474582004547119141e+01 -2.159434318542480469e+00 1.529341030120849609e+01
-2.663070106506347656e+01 1.214152932167053223e+00 -8.666002273559570312e+00 1.116622734069824219e+01 1.435229587554931641e+01 -1.388949489593505859e+01 8.165458679199218750e+00 -9.103777885437011719e+00 -3.121393442153930664e+00 -9.359360694885253906e+00
-2.204689407348632812e+01 8.716609954833984375e+00 -9.565467834472656250e+00 1.486703991889953613e+00 5.246315479278564453e+00 -7.573837280273437500e+00 1.025977706909179688e+01 -9.502200126647949219e+00 3.271649837493896484e+00 -1.955323219299316406e+01
-1.239652633666992188e+01 -2.082756280899047852e+00 -6.909534454345703125e+00 -2.333682823181152344e+01 3.398795843124389648e+00 -3.712638854980468750e+00 9.294764518737792969e+00 5.477054595947265625e+00 -1.451876354217529297e+01 6.464529991149902344e+00
-2.054192543029785156e+01 8.013479232788085938e+00 5.548826217651367188e+00 -4.421600818634033203e+00 1.982301521301269531e+01 -1.048142242431640625e+01 -1.087232494354248047e+01 -9.820535659790039062e+00 -1.141275215148925781e+01 1.171459674835205078e+01
-4.464393615722656250e+00 5.146453857421875000e+00 9.094762802124023438e+00 -2.028050422668457031e+01 6.768961906433105469e+00 -1.600102615356445312e+01 2.101508712768554688e+01 -6.383378505706787109e-01 -2.424794435501098633e+00 -8.784218788146972656e+00
-2.356835365295410156e+01 8.496386408805847168e-01 1.030882167816162109e+01 -1.042987728118896484e+01 1.965822982788085938e+01 -6.537356376647949219e+00 5.877542972564697266e+00 2.796333312988281250e+00 -8.693158149719238281e+00 -1.379101037979125977e+00
-1.104000949859619141e+01 1.227156257629394531e+01 -7.107629776000976562e+00 1.946136236190795898e+00 2.393927001953125000e+01 -1.157241821289062500e+00 8.563807487487792969e+00 1.894707322120666504e+00 -1.199450492858886719e+01 -7.607440948486328125e+00
