2.168420106172561646e-01
2.168605476617813110e-01
2.168419212102890015e-01
2.168604284524917603e-01
2.168417423963546753e-01
2.168602347373962402e-01
2.168415486812591553e-01
2.168600857257843018e-01
2.168413996696472168e-01
2.168599367141723633e-01
2.168412357568740845e-01
2.168597877025604248e-01
2.168410867452621460e-01
2.168596982955932617e-01
2.168409377336502075e-01
2.168595641851425171e-01
2.168407738208770752e-01
2.168594449758529663e-01
2.168405950069427490e-01
2.168592959642410278e-01
2.168404608964920044e-01
2.168592065572738647e-01
2.168403118848800659e-01
2.168591022491455078e-01
2.168401628732681274e-01
2.168590128421783447e-01
2.168400436639785767e-01
2.168588638305664062e-01
2.168398648500442505e-01
2.168587893247604370e-01
2.168397456407546997e-01
2.168586850166320801e-01
2.168396264314651489e-01
2.168585658073425293e-01
2.168394476175308228e-01
2.168584764003753662e-01
2.168393284082412720e-01
2.168584465980529785e-01
2.168391793966293335e-01
2.168582826852798462e-01
2.168390452861785889e-01
2.168582081794738770e-01
2.168389856815338135e-01
2.168581038713455200e-01
2.168387919664382935e-01
2.168580293655395508e-01
2.168387025594711304e-01
2.168579548597335815e-01
2.168385237455368042e-01
2.168578803539276123e-01
2.168384343385696411e-01
2.168577909469604492e-01
2.168383002281188965e-01
2.168576866388320923e-01
2.168381810188293457e-01
2.168575972318649292e-01
2.168380171060562134e-01
2.168575227260589600e-01
2.168379426002502441e-01
2.168574184179306030e-01
2.168378233909606934e-01
2.168573439121246338e-01
2.168376743793487549e-01
2.168572247028350830e-01
2.168375253677368164e-01
2.168571054935455322e-01
2.168374210596084595e-01
2.168569564819335938e-01
2.168373018503189087e-01
2.168568670749664307e-01
2.168371826410293579e-01
2.168567329645156860e-01
2.168370783329010010e-01
2.168566137552261353e-01
2.168369889259338379e-01
2.168565243482589722e-01
2.168368697166442871e-01
2.168563455343246460e-01
2.168367952108383179e-01
2.168562263250350952e-01
2.168366760015487671e-01
2.168561071157455444e-01
2.168366014957427979e-01
2.168559283018112183e-01
2.168364971876144409e-01
2.168557643890380859e-01
2.168363779783248901e-01
2.168555706739425659e-01
2.168363034725189209e-01
2.168553918600082397e-01
2.168362289667129517e-01
2.168551981449127197e-01
2.168361544609069824e-01
2.168549597263336182e-01
2.168360650539398193e-01
2.168547660112380981e-01
2.168359607458114624e-01
2.168545126914978027e-01
2.168359160423278809e-01
2.168541997671127319e-01
2.168358713388442993e-01
2.168539315462112427e-01
2.168357968330383301e-01
2.168536335229873657e-01
2.168357223272323608e-01
2.168532758951187134e-01
2.168356627225875854e-01
2.168529480695724487e-01
2.168356031179428101e-01
2.168525457382202148e-01
2.168354988098144531e-01
2.168521285057067871e-01
2.168354541063308716e-01
2.168516367673873901e-01
2.168353796005249023e-01
2.168511301279067993e-01
2.168352752923965454e-01
2.168505340814590454e-01
2.168351262807846069e-01
2.168499082326889038e-01
2.168349921703338623e-01
2.168491929769515991e-01
2.168348133563995361e-01
2.168483883142471313e-01
2.168346941471099854e-01
2.168474793434143066e-01
2.168343961238861084e-01
2.168465107679367065e-01
2.168341130018234253e-01
2.168454378843307495e-01
2.168338596820831299e-01
2.168441861867904663e-01
2.168334722518920898e-01
2.168428748846054077e-01
2.168330997228622437e-01
2.168413996696472168e-01
2.168326973915100098e-01
2.168398499488830566e-01
2.168322950601577759e-01
2.168382108211517334e-01
2.168319076299667358e-01
2.168365269899368286e-01
2.168316841125488281e-01
2.168349176645278931e-01
2.168316841125488281e-01
2.168335467576980591e-01
2.168321758508682251e-01
2.168326228857040405e-01
2.168335467576980591e-01
2.168327867984771729e-01
2.168362587690353394e-01
2.168346941471099854e-01
2.168412655591964722e-01
2.168395072221755981e-01
2.168498784303665161e-01
2.168488800525665283e-01
2.168640345335006714e-01
2.168652564287185669e-01
2.168863564729690552e-01
2.168915271759033203e-01
2.169195562601089478e-01
2.169303447008132935e-01
2.169655710458755493e-01
2.169819325208663940e-01
2.170230150222778320e-01
2.170420587062835693e-01
2.170853316783905029e-01
2.171010076999664307e-01
2.171416729688644409e-01
2.171475887298583984e-01
2.171818315982818604e-01
2.171742916107177734e-01
2.172009348869323730e-01
2.171806693077087402e-01
2.172007858753204346e-01
2.171711623668670654e-01
2.171865701675415039e-01
2.171511650085449219e-01
2.171638607978820801e-01
2.171257883310317993e-01
2.171368896961212158e-01
2.170982211828231812e-01
2.171086221933364868e-01
2.170708477497100830e-01
2.170809805393218994e-01
2.170448303222656250e-01
2.170549780130386353e-01
2.170208990573883057e-01
2.170312553644180298e-01
2.169993221759796143e-01
2.170101106166839600e-01
2.169804126024246216e-01
2.169915288686752319e-01
2.169640660285949707e-01
2.169755846261978149e-01
2.169501781463623047e-01
2.169622033834457397e-01
2.169386446475982666e-01
2.169510424137115479e-01
2.169293016195297241e-01
2.169420719146728516e-01
2.169218212366104126e-01
2.169349640607833862e-01
2.169161587953567505e-01
2.169295698404312134e-01
2.169119417667388916e-01
2.169256806373596191e-01
2.169090360403060913e-01
2.169229984283447266e-01
2.169071584939956665e-01
2.169213891029357910e-01
2.169061452150344849e-01
2.169204652309417725e-01
2.169058173894882202e-01
2.169201970100402832e-01
2.169058769941329956e-01
2.169202566146850586e-01
2.169062793254852295e-01
2.169205844402313232e-01
2.169067859649658203e-01
2.169210016727447510e-01
2.169073671102523804e-01
2.169214040040969849e-01
2.169078439474105835e-01
2.169217467308044434e-01
2.169081568717956543e-01
2.169219553470611572e-01
2.169083803892135620e-01
2.169219553470611572e-01
2.169083505868911743e-01
2.169217765331268311e-01
2.169082015752792358e-01
2.169214636087417603e-01
2.169077694416046143e-01
2.169208526611328125e-01
2.169072329998016357e-01
2.169202566146850586e-01
2.169065475463867188e-01
2.169193774461746216e-01
2.169057130813598633e-01
2.169184833765029907e-01
2.169048637151718140e-01
2.169175297021865845e-01
2.169039249420166016e-01
2.169165015220642090e-01
2.169029116630554199e-01
2.169154733419418335e-01
2.169019579887390137e-01
2.169144600629806519e-01
2.169010490179061890e-01
2.169134765863418579e-01
2.169000208377838135e-01
2.169125527143478394e-01
2.168991714715957642e-01
2.169116437435150146e-01
2.168983370065689087e-01
2.169108092784881592e-01
2.168975025415420532e-01
2.169100642204284668e-01
2.168968021869659424e-01
2.169093042612075806e-01
2.168960869312286377e-01
2.169086933135986328e-01
2.168954759836196899e-01
2.169080376625061035e-01
2.168948799371719360e-01
2.169074714183807373e-01
2.168943136930465698e-01
2.169069349765777588e-01
2.168937772512435913e-01
2.169064730405807495e-01
2.168933153152465820e-01
2.169059813022613525e-01
2.168928682804107666e-01
2.169055640697479248e-01
2.168924510478973389e-01
2.169051766395568848e-01
2.168920338153839111e-01
2.169047594070434570e-01
2.168916761875152588e-01
2.169044166803359985e-01
2.168913036584854126e-01
2.169040590524673462e-01
2.168909609317779541e-01
2.169037610292434692e-01
2.168906033039093018e-01
2.169033735990524292e-01
2.168903499841690063e-01
2.169030755758285522e-01
2.168900370597839355e-01
2.169027030467987061e-01
2.168897241353988647e-01
2.169023901224136353e-01
2.168893814086914062e-01
2.169021070003509521e-01
2.168891131877899170e-01
2.169017791748046875e-01
2.168888449668884277e-01
2.169015109539031982e-01
2.168885022401809692e-01
2.169011980295181274e-01
2.168882340192794800e-01
2.169009447097778320e-01
2.168879657983779907e-01
2.169006764888763428e-01
2.168876677751541138e-01
2.169003635644912720e-01
2.168873846530914307e-01
2.169000506401062012e-01
2.168870866298675537e-01
2.168997824192047119e-01
2.168868184089660645e-01
2.168995141983032227e-01
2.168865650892257690e-01
2.168992608785629272e-01
2.168862968683242798e-01
2.168989926576614380e-01
2.168860286474227905e-01
2.168987244367599487e-01
2.168858200311660767e-01
2.168984860181808472e-01
2.168855220079421997e-01
2.168981879949569702e-01
2.168852835893630981e-01
2.168979048728942871e-01
2.168850153684616089e-01
2.168976515531539917e-01
2.168847620487213135e-01
2.168973684310913086e-01
2.168844938278198242e-01
2.168971449136734009e-01
2.168843001127243042e-01
2.168968319892883301e-01
2.168839573860168457e-01
2.168965637683868408e-01
2.168837338685989380e-01
2.168963104486465454e-01
2.168834507465362549e-01
2.168960720300674438e-01
2.168831974267959595e-01
2.168957740068435669e-01
2.168829143047332764e-01
2.168955057859420776e-01
2.168826460838317871e-01
2.168952822685241699e-01
2.168824225664138794e-01
2.168950140476226807e-01
2.168821841478347778e-01
2.168947458267211914e-01
2.168819308280944824e-01
2.168944776058197021e-01
2.168816626071929932e-01
2.168942391872406006e-01
2.168814241886138916e-01
2.168940156698226929e-01
2.168811708688735962e-01
2.168937325477600098e-01
2.168809622526168823e-01
2.168934792280197144e-01
2.168806642293930054e-01
2.168932110071182251e-01
2.168804407119750977e-01
2.168929725885391235e-01
2.168802022933959961e-01
2.168927788734436035e-01
2.168799787759780884e-01
2.168925106525421143e-01
2.168797105550765991e-01
2.168922871351242065e-01
2.168794870376586914e-01
2.168920636177062988e-01
2.168792784214019775e-01
2.168918251991271973e-01
2.168790698051452637e-01
2.168916016817092896e-01
2.168788760900497437e-01
2.168914079666137695e-01
2.168786078691482544e-01
2.168911695480346680e-01
2.168784141540527344e-01
2.168909460306167603e-01
2.168782055377960205e-01
2.168907523155212402e-01
2.168779969215393066e-01
2.168905287981033325e-01
2.168777883052825928e-01
2.168903052806854248e-01
2.168775349855422974e-01
2.168900668621063232e-01
2.168773859739303589e-01
2.168898731470108032e-01
2.168772220611572266e-01
2.168896943330764771e-01
2.168769836425781250e-01
2.168894559144973755e-01
2.168768048286437988e-01
2.168892621994018555e-01
2.168765813112258911e-01
2.168891131877899170e-01
2.168764173984527588e-01
2.168888896703720093e-01
2.168762236833572388e-01
2.168886661529541016e-01
2.168760448694229126e-01
2.168885022401809692e-01
2.168758362531661987e-01
2.168882787227630615e-01
2.168756574392318726e-01
2.168881595134735107e-01
2.168754637241363525e-01
2.168878912925720215e-01
2.168752998113632202e-01
2.168877124786376953e-01
2.168750911951065063e-01
2.168875485658645630e-01
2.168749719858169556e-01
2.168873846530914307e-01
2.168747335672378540e-01
2.168871611356735229e-01
2.168745547533035278e-01
2.168869823217391968e-01
2.168744355440139771e-01
2.168867886066436768e-01
2.168742120265960693e-01
2.168866246938705444e-01
2.168740481138229370e-01
2.168864309787750244e-01
2.168738543987274170e-01
2.168862819671630859e-01
2.168736755847930908e-01
2.168860584497451782e-01
2.168734818696975708e-01
2.168859392404556274e-01
2.168732732534408569e-01
2.168856859207153320e-01
2.168731242418289185e-01
2.168855667114257812e-01
2.168729454278945923e-01
2.168853729963302612e-01
2.168727964162826538e-01
2.168852090835571289e-01
2.168726623058319092e-01
2.168850302696228027e-01
2.168724089860916138e-01
2.168848365545272827e-01
2.168722450733184814e-01
2.168846875429153442e-01
2.168720662593841553e-01
2.168844938278198242e-01
2.168718576431274414e-01
2.168843001127243042e-01
2.168717086315155029e-01
2.168841511011123657e-01
2.168715298175811768e-01
2.168839871883392334e-01
2.168714106082916260e-01
2.168837636709213257e-01
2.168711721897125244e-01
2.168836444616317749e-01
2.168710231781005859e-01
2.168834209442138672e-01
2.168709039688110352e-01
2.168832719326019287e-01
2.168707102537155151e-01
2.168831229209899902e-01
2.168705761432647705e-01
2.168829590082168579e-01
2.168703824281692505e-01
2.168828099966049194e-01
2.168702334165573120e-01
2.168826460838317871e-01
2.168700397014617920e-01
2.168824672698974609e-01
2.168698906898498535e-01
2.168823033571243286e-01
2.168697267770767212e-01
2.168821245431900024e-01
2.168695777654647827e-01
2.168819755315780640e-01
2.168694287538528442e-01
2.168818563222885132e-01
2.168692648410797119e-01
2.168816626071929932e-01
2.168690711259841919e-01
2.168815135955810547e-01
2.168689221143722534e-01
2.168813198804855347e-01
2.168687731027603149e-01
2.168812006711959839e-01
2.168685793876647949e-01
2.168810367584228516e-01
2.168684303760528564e-01
2.168809026479721069e-01
2.168682813644409180e-01
2.168807089328765869e-01
2.168681323528289795e-01
2.168805897235870361e-01
2.168679684400558472e-01
2.168804258108139038e-01
2.168678194284439087e-01
