2.028083801269531250e-01
2.027406394481658936e-01
2.027550488710403442e-01
2.027167975902557373e-01
2.027608603239059448e-01
2.027488946914672852e-01
2.028255760669708252e-01
2.028416693210601807e-01
2.029585987329483032e-01
2.030093520879745483e-01
2.031753063201904297e-01
2.032714188098907471e-01
2.034882903099060059e-01
2.036415785551071167e-01
2.038891464471817017e-01
2.041007280349731445e-01
2.043165415525436401e-01
2.045536190271377563e-01
2.046370655298233032e-01
2.048250734806060791e-01
2.047098577022552490e-01
2.047805786132812500e-01
2.045071721076965332e-01
2.044450193643569946e-01
2.041184157133102417e-01
2.039581239223480225e-01
2.036760747432708740e-01
2.034820020198822021e-01
2.032939642667770386e-01
2.031228989362716675e-01
2.030229568481445312e-01
2.028968334197998047e-01
2.028569579124450684e-01
2.027725577354431152e-01
2.027719169855117798e-01
2.027203291654586792e-01
2.027501165866851807e-01
2.027257084846496582e-01
2.027860432863235474e-01
2.027881890535354614e-01
2.028847485780715942e-01
2.029177993535995483e-01
2.030595093965530396e-01
2.031323909759521484e-01
2.033257484436035156e-01
2.034505158662796021e-01
2.036884576082229614e-01
2.038736492395401001e-01
2.041160017251968384e-01
2.043483704328536987e-01
2.045083791017532349e-01
2.047307789325714111e-01
2.047125101089477539e-01
2.048452347517013550e-01
2.046358734369277954e-01
2.046357244253158569e-01
2.043201476335525513e-01
2.041997611522674561e-01
2.038861215114593506e-01
2.036993950605392456e-01
2.034638524055480957e-01
2.032765150070190430e-01
2.031374573707580566e-01
2.029891908168792725e-01
2.029239535331726074e-01
2.028206735849380493e-01
2.028030753135681152e-01
2.027367800474166870e-01
2.027524858713150024e-01
2.027154564857482910e-01
2.027607858180999756e-01
2.027499824762344360e-01
2.028282433748245239e-01
2.028456926345825195e-01
2.029647082090377808e-01
2.030171900987625122e-01
2.031856179237365723e-01
2.032840400934219360e-01
2.035033851861953735e-01
2.036594897508621216e-01
2.039080262184143066e-01
2.041222155094146729e-01
2.043352276086807251e-01
2.045727074146270752e-01
2.046485245227813721e-01
2.048332989215850830e-01
2.047090828418731689e-01
2.047742605209350586e-01
2.044951319694519043e-01
2.044275850057601929e-01
2.041000574827194214e-01
2.039363831281661987e-01
2.036570608615875244e-01
2.034625411033630371e-01
2.032784521579742432e-01
2.031088918447494507e-01
2.030120640993118286e-01
2.028878629207611084e-01
2.028501033782958984e-01
2.027673125267028809e-01
2.027680873870849609e-01
2.027177363634109497e-01
2.027488946914672852e-01
2.027256041765213013e-01
2.027874290943145752e-01
2.027907967567443848e-01
2.028892040252685547e-01
2.029238045215606689e-01
2.030677795410156250e-01
2.031427323818206787e-01
2.033387124538421631e-01
2.034661173820495605e-01
2.037059664726257324e-01
2.038941383361816406e-01
2.041358053684234619e-01
2.043699026107788086e-01
2.045244127511978149e-01
2.047452777624130249e-01
2.047178894281387329e-01
2.048457264900207520e-01
2.046286165714263916e-01
2.046226710081100464e-01
2.043037861585617065e-01
2.041788548231124878e-01
2.038664370775222778e-01
2.036778330802917480e-01
2.034461349248886108e-01
2.032595872879028320e-01
2.031242549419403076e-01
2.029778510332107544e-01
2.029152065515518188e-01
2.028137147426605225e-01
2.027978450059890747e-01
2.027329355478286743e-01
2.027500122785568237e-01
2.027142047882080078e-01
2.027608901262283325e-01
2.027512490749359131e-01
2.028311938047409058e-01
2.028500139713287354e-01
2.029711604118347168e-01
2.030253857374191284e-01
2.031964212656021118e-01
2.032972276210784912e-01
2.035190463066101074e-01
2.036780864000320435e-01
2.039275318384170532e-01
2.041443288326263428e-01
2.043542414903640747e-01
2.045919150114059448e-01
2.046597748994827271e-01
2.048410177230834961e-01
2.047076374292373657e-01
2.047670781612396240e-01
2.044822722673416138e-01
2.044092118740081787e-01
2.040809392929077148e-01
2.039139568805694580e-01
2.036376148462295532e-01
2.034427672624588013e-01
2.032627314329147339e-01
2.030947804450988770e-01
2.030011713504791260e-01
2.028788775205612183e-01
2.028431892395019531e-01
2.027620226144790649e-01
2.027643471956253052e-01
2.027152776718139648e-01
2.027477771043777466e-01
2.027256786823272705e-01
2.027889639139175415e-01
2.027935981750488281e-01
2.028939723968505859e-01
2.029301524162292480e-01
2.030765563249588013e-01
2.031536102294921875e-01
2.033522427082061768e-01
2.034824341535568237e-01
2.037241905927658081e-01
2.039153575897216797e-01
2.041560858488082886e-01
2.043918818235397339e-01
2.045404762029647827e-01
2.047595679759979248e-01
2.047227323055267334e-01
2.048454880714416504e-01
2.046205997467041016e-01
2.046086490154266357e-01
2.042867243289947510e-01
2.041571289300918579e-01
2.038461863994598389e-01
2.036558985710144043e-01
2.034280747175216675e-01
2.032424807548522949e-01
2.031109780073165894e-01
2.029664665460586548e-01
2.029064595699310303e-01
2.028068006038665771e-01
2.027926743030548096e-01
2.027291804552078247e-01
2.027476727962493896e-01
2.027130275964736938e-01
2.027611732482910156e-01
2.027527391910552979e-01
2.028344422578811646e-01
2.028546333312988281e-01
2.029780000448226929e-01
2.030341327190399170e-01
2.032077610492706299e-01
2.033111006021499634e-01
2.035353779792785645e-01
2.036975026130676270e-01
2.039475739002227783e-01
2.041670829057693481e-01
2.043735384941101074e-01
2.046112716197967529e-01
2.046707272529602051e-01
2.048481702804565430e-01
2.047054469585418701e-01
2.047589421272277832e-01
2.044685930013656616e-01
2.043898999691009521e-01
2.040611207485198975e-01
2.038909047842025757e-01
2.036177814006805420e-01
2.034227102994918823e-01
2.032469213008880615e-01
2.030806243419647217e-01
2.029902338981628418e-01
2.028699666261672974e-01
2.028363943099975586e-01
2.027568668127059937e-01
2.027606666088104248e-01
2.027129381895065308e-01
2.027467936277389526e-01
2.027258872985839844e-01
2.027907669544219971e-01
2.027966976165771484e-01
2.028990536928176880e-01
2.029368579387664795e-01
2.030858248472213745e-01
2.031650692224502563e-01
2.033664286136627197e-01
2.034994810819625854e-01
2.037430852651596069e-01
2.039373666048049927e-01
2.041768431663513184e-01
2.044142633676528931e-01
2.045565247535705566e-01
2.047735750675201416e-01
2.047270238399505615e-01
2.048444598913192749e-01
2.046116888523101807e-01
2.045935839414596558e-01
2.042687684297561646e-01
2.041345685720443726e-01
2.038254290819168091e-01
2.036334872245788574e-01
2.034098207950592041e-01
2.032252401113510132e-01
2.030975818634033203e-01
2.029551118612289429e-01
2.028976976871490479e-01
2.027999609708786011e-01
2.027875334024429321e-01
2.027256041765213013e-01
2.027454525232315063e-01
2.027120292186737061e-01
2.027615904808044434e-01
2.027544379234313965e-01
2.028379142284393311e-01
2.028596103191375732e-01
2.029852718114852905e-01
2.030433118343353271e-01
2.032196968793869019e-01
2.033256292343139648e-01
2.035523951053619385e-01
2.037176489830017090e-01
2.039683163166046143e-01
2.041904479265213013e-01
2.043931037187576294e-01
2.046306878328323364e-01
2.046813070774078369e-01
2.048546820878982544e-01
2.047024965286254883e-01
2.047497779130935669e-01
2.044540792703628540e-01
2.043696790933609009e-01
2.040406316518783569e-01
2.038672417402267456e-01
2.035975158214569092e-01
2.034024596214294434e-01
2.032309472560882568e-01
2.030664235353469849e-01
2.029793262481689453e-01
2.028610706329345703e-01
2.028296440839767456e-01
2.027517408132553101e-01
2.027570903301239014e-01
2.027107030153274536e-01
2.027459591627120972e-01
2.027262747287750244e-01
2.027928084135055542e-01
2.028000801801681519e-01
2.029044777154922485e-01
2.029440253973007202e-01
2.030955404043197632e-01
2.031770944595336914e-01
2.033812105655670166e-01
2.035172134637832642e-01
2.037626653909683228e-01
2.039600759744644165e-01
2.041981369256973267e-01
2.044370472431182861e-01
2.045725286006927490e-01
2.047872990369796753e-01
2.047306597232818604e-01
2.048425227403640747e-01
2.046019434928894043e-01
2.045775651931762695e-01
2.042500674724578857e-01
2.041112482547760010e-01
2.038040757179260254e-01
2.036106586456298828e-01
2.033913135528564453e-01
2.032079100608825684e-01
2.030841857194900513e-01
2.029438167810440063e-01
2.028890103101730347e-01
2.027931362390518188e-01
2.027824968099594116e-01
2.027220278978347778e-01
2.027433216571807861e-01
2.027112096548080444e-01
2.027622610330581665e-01
2.027563750743865967e-01
2.028416842222213745e-01
2.028648853302001953e-01
2.029929310083389282e-01
2.030529975891113281e-01
2.032321542501449585e-01
2.033407837152481079e-01
2.035700678825378418e-01
2.037385553121566772e-01
2.039896845817565918e-01
2.042144238948822021e-01
2.044128924608230591e-01
2.046501338481903076e-01
2.046915292739868164e-01
2.048605531454086304e-01
2.046987265348434448e-01
2.047396451234817505e-01
2.044386416673660278e-01
2.043485343456268311e-01
2.040195018053054810e-01
2.038429975509643555e-01
2.035769075155258179e-01
2.033819705247879028e-01
2.032148391008377075e-01
2.030522525310516357e-01
2.029684185981750488e-01
2.028522640466690063e-01
2.028228938579559326e-01
2.027467042207717896e-01
2.027536183595657349e-01
2.027086168527603149e-01
2.027453035116195679e-01
2.027268856763839722e-01
2.027950435876846313e-01
2.028037458658218384e-01
2.029102742671966553e-01
2.029515653848648071e-01
2.031057327985763550e-01
2.031896859407424927e-01
2.033966481685638428e-01
2.035357505083084106e-01
2.037829011678695679e-01
2.039834707975387573e-01
2.042198181152343750e-01
2.044601291418075562e-01
2.045884430408477783e-01
2.048006057739257812e-01
2.047336548566818237e-01
2.048396170139312744e-01
2.045913487672805786e-01
2.045605033636093140e-01
2.042305618524551392e-01
2.040870934724807739e-01
2.037822008132934570e-01
2.035875171422958374e-01
2.033726125955581665e-01
2.031905502080917358e-01
2.030707150697708130e-01
2.029325217008590698e-01
2.028803676366806030e-01
2.027864158153533936e-01
2.027775496244430542e-01
2.027185708284378052e-01
2.027413398027420044e-01
2.027105242013931274e-01
2.027631402015686035e-01
2.027585357427597046e-01
2.028457373380661011e-01
2.028705626726150513e-01
2.030010670423507690e-01
2.030631899833679199e-01
2.032452225685119629e-01
2.033566832542419434e-01
2.035884410142898560e-01
2.037602216005325317e-01
2.040116339921951294e-01
2.042390108108520508e-01
2.044328451156616211e-01
2.046695202589035034e-01
2.047013193368911743e-01
2.048656195402145386e-01
2.046941071748733521e-01
2.047284543514251709e-01
2.044223845005035400e-01
2.043264955282211304e-01
2.039976716041564941e-01
2.038181722164154053e-01
2.035559862852096558e-01
2.033613473176956177e-01
2.031986713409423828e-01
2.030380666255950928e-01
2.029575258493423462e-01
2.028434872627258301e-01
2.028162628412246704e-01
2.027418166399002075e-01
2.027502655982971191e-01
2.027066349983215332e-01
2.027447819709777832e-01
2.027276903390884399e-01
2.027975469827651978e-01
2.028077095746994019e-01
2.029164433479309082e-01
2.029595524072647095e-01
2.031164765357971191e-01
2.032028734683990479e-01
2.034126967191696167e-01
2.035549581050872803e-01
2.038038074970245361e-01
2.040076255798339844e-01
2.042419463396072388e-01
2.044835388660430908e-01
2.046041488647460938e-01
2.048134505748748779e-01
2.047358900308609009e-01
2.048358172178268433e-01
2.045797705650329590e-01
2.045424133539199829e-01
2.042102366685867310e-01
2.040622532367706299e-01
2.037599235773086548e-01
2.035639882087707520e-01
2.033537179231643677e-01
2.031731009483337402e-01
2.030573040246963501e-01
2.029212713241577148e-01
2.028717994689941406e-01
2.027797251939773560e-01
2.027726918458938599e-01
2.027152329683303833e-01
2.027394622564315796e-01
2.027099430561065674e-01
2.027641981840133667e-01
2.027609199285507202e-01
2.028501033782958984e-01
2.028765231370925903e-01
2.030095905065536499e-01
2.030739039182662964e-01
2.032588869333267212e-01
2.033731788396835327e-01
2.036074995994567871e-01
2.037826329469680786e-01
2.040341794490814209e-01
2.042640596628189087e-01
2.044528871774673462e-01
2.046887874603271484e-01
2.047105729579925537e-01
2.048699706792831421e-01
2.046886533498764038e-01
2.047162353992462158e-01
2.044052183628082275e-01
2.043034583330154419e-01
2.039752006530761719e-01
2.037928700447082520e-01
2.035347819328308105e-01
2.033405750989913940e-01
2.031824439764022827e-01
2.030239254236221313e-01
2.029466778039932251e-01
2.028347849845886230e-01
2.028097361326217651e-01
2.027369737625122070e-01
2.027470022439956665e-01
2.027047723531723022e-01
2.027444839477539062e-01
2.027286738157272339e-01
