1.033546179533004761e-01
1.034804433584213257e-01
1.035658195614814758e-01
1.043929308652877808e-01
1.053728237748146057e-01
1.039877533912658691e-01
1.034593284130096436e-01
1.021101623773574829e-01
1.009682938456535339e-01
9.983506798744201660e-02
9.857066720724105835e-02
9.742164611816406250e-02
9.651217609643936157e-02
9.553741663694381714e-02
9.612146019935607910e-02
9.631273150444030762e-02
9.957415610551834106e-02
9.942921996116638184e-02
1.047078371047973633e-01
1.011404246091842651e-01
1.060757562518119812e-01
1.011456027626991272e-01
1.045719757676124573e-01
9.974647313356399536e-02
1.016915142536163330e-01
9.880541265010833740e-02
9.951573610305786133e-02
9.777938574552536011e-02
9.757192432880401611e-02
9.639103710651397705e-02
9.578848630189895630e-02
9.512800723314285278e-02
9.479153901338577271e-02
9.446697682142257690e-02
9.472300112247467041e-02
9.461527317762374878e-02
9.535577148199081421e-02
9.553875029087066650e-02
9.633689373731613159e-02
9.722202271223068237e-02
9.854934364557266235e-02
1.028153449296951294e-01
1.062581911683082581e-01
1.135911718010902405e-01
1.089620590209960938e-01
1.112388074398040771e-01
1.074157133698463440e-01
1.073681116104125977e-01
1.031010374426841736e-01
1.023572832345962524e-01
9.826982766389846802e-02
9.650245308876037598e-02
9.377545863389968872e-02
9.215392172336578369e-02
9.187493473291397095e-02
9.114570915699005127e-02
9.255120158195495605e-02
9.291490167379379272e-02
9.669746458530426025e-02
9.529214352369308472e-02
9.980144351720809937e-02
9.557440131902694702e-02
9.990055114030838013e-02
9.538510441780090332e-02
9.944542497396469116e-02
9.555123001337051392e-02
9.933396428823471069e-02
9.627132117748260498e-02
9.980218112468719482e-02
9.775511920452117920e-02
1.012863367795944214e-01
1.000315397977828979e-01
1.028463169932365417e-01
1.020105630159378052e-01
1.022565364837646484e-01
1.020269542932510376e-01
1.018191128969192505e-01
1.012755855917930603e-01
1.016107201576232910e-01
1.002079695463180542e-01
1.012612581253051758e-01
1.001655310392379761e-01
1.030055060982704163e-01
1.048880368471145630e-01
1.105108782649040222e-01
1.089190542697906494e-01
1.095952242612838745e-01
1.066672354936599731e-01
1.052342429757118225e-01
1.025828495621681213e-01
1.004438549280166626e-01
9.781806915998458862e-02
9.558442234992980957e-02
9.347356110811233521e-02
9.162685275077819824e-02
9.068953990936279297e-02
8.966673910617828369e-02
8.968798816204071045e-02
8.969454467296600342e-02
9.110829979181289673e-02
9.344482421875000000e-02
9.898725897073745728e-02
9.843640029430389404e-02
1.033111810684204102e-01
9.655462950468063354e-02
1.006638109683990479e-01
9.582976996898651123e-02
9.891798347234725952e-02
9.532362967729568481e-02
9.797649830579757690e-02
9.634226560592651367e-02
9.998147934675216675e-02
1.008771508932113647e-01
1.063333973288536072e-01
1.042103767395019531e-01
1.056482419371604919e-01
1.024177372455596924e-01
1.034532859921455383e-01
1.009880229830741882e-01
1.020329445600509644e-01
1.019525527954101562e-01
1.019146591424942017e-01
1.039904803037643433e-01
1.004005447030067444e-01
1.021732166409492493e-01
9.829390794038772583e-02
9.915677458047866821e-02
9.677700698375701904e-02
9.720500558614730835e-02
9.831780195236206055e-02
9.972248226404190063e-02
1.047106832265853882e-01
1.036567538976669312e-01
1.068323031067848206e-01
1.045963168144226074e-01
1.073078885674476624e-01
1.082440540194511414e-01
1.101700663566589355e-01
1.120311543345451355e-01
1.063045412302017212e-01
1.076201871037483215e-01
1.044505015015602112e-01
1.040815412998199463e-01
1.010724157094955444e-01
9.946619719266891479e-02
9.624195843935012817e-02
9.483273327350616455e-02
9.247567504644393921e-02
9.218613058328628540e-02
9.224875271320343018e-02
9.325653314590454102e-02
9.603205323219299316e-02
9.634462743997573853e-02
1.003676354885101318e-01
9.838568419218063354e-02
1.020078584551811218e-01
9.924791008234024048e-02
1.020447984337806702e-01
9.977792203426361084e-02
1.019134968519210815e-01
1.022340059280395508e-01
1.039510965347290039e-01
1.055217310786247253e-01
1.055992394685745239e-01
1.055634245276451111e-01
1.050388440489768982e-01
1.055915281176567078e-01
1.038124039769172668e-01
1.036127954721450806e-01
1.018695831298828125e-01
1.021098867058753967e-01
9.959442168474197388e-02
1.009234189987182617e-01
9.730490297079086304e-02
9.902637451887130737e-02
9.557278454303741455e-02
9.700906276702880859e-02
9.393016248941421509e-02
9.463810175657272339e-02
9.231044352054595947e-02
9.289864450693130493e-02
9.241032600402832031e-02
9.464927017688751221e-02
9.507719427347183228e-02
9.919057041406631470e-02
9.669698029756546021e-02
1.004919782280921936e-01
9.680416435003280640e-02
1.000028550624847412e-01
9.637141972780227661e-02
9.905549138784408569e-02
9.621171653270721436e-02
9.844624996185302734e-02
9.636086970567703247e-02
9.830165654420852661e-02
9.694831818342208862e-02
9.896479547023773193e-02
9.901753067970275879e-02
1.021082624793052673e-01
1.035906523466110229e-01
1.056822985410690308e-01
1.036402210593223572e-01
1.037018075585365295e-01
1.009722128510475159e-01
1.013757809996604919e-01
9.982267022132873535e-02
1.008062288165092468e-01
1.019090190529823303e-01
1.003138795495033264e-01
1.022467985749244690e-01
9.867621958255767822e-02
1.000671014189720154e-01
9.666597843170166016e-02
9.729198366403579712e-02
9.476474672555923462e-02
9.523190557956695557e-02
9.369166940450668335e-02
9.501868486404418945e-02
9.428466111421585083e-02
9.674941748380661011e-02
9.630413353443145752e-02
9.981217235326766968e-02
9.925003349781036377e-02
1.042913720011711121e-01
1.013425216078758240e-01
1.066445559263229370e-01
1.029940173029899597e-01
1.059284657239913940e-01
1.030521988868713379e-01
1.038046479225158691e-01
1.026967540383338928e-01
1.024774163961410522e-01
1.040895134210586548e-01
1.025754734873771667e-01
1.055245473980903625e-01
1.014246419072151184e-01
1.037210598587989807e-01
9.986178576946258545e-02
1.014255285263061523e-01
9.879500418901443481e-02
9.986609220504760742e-02
9.867562353610992432e-02
9.963980317115783691e-02
9.804937988519668579e-02
9.923487901687622070e-02
9.702878445386886597e-02
9.921874850988388062e-02
9.635678678750991821e-02
9.871525317430496216e-02
9.567897021770477295e-02
9.767915308475494385e-02
9.535614401102066040e-02
9.713608026504516602e-02
9.540030360221862793e-02
9.729725122451782227e-02
9.647959470748901367e-02
9.948351979255676270e-02
1.003001779317855835e-01
1.050346344709396362e-01
1.039377078413963318e-01
1.056896373629570007e-01
1.022651940584182739e-01
1.040678471326828003e-01
1.026194468140602112e-01
1.032943725585937500e-01
1.043348386883735657e-01
1.008260101079940796e-01
1.025579124689102173e-01
9.811370074748992920e-02
9.901329129934310913e-02
9.546849876642227173e-02
9.529169648885726929e-02
9.338670223951339722e-02
9.288872033357620239e-02
9.258852154016494751e-02
9.261146932840347290e-02
9.365668147802352905e-02
9.473623335361480713e-02
9.745410829782485962e-02
1.005345955491065979e-01
1.048788726329803467e-01
1.100327745079994202e-01
1.101414337754249573e-01
1.136366575956344604e-01
1.069620326161384583e-01
1.087853983044624329e-01
1.054161041975021362e-01
1.055896580219268799e-01
1.031243130564689636e-01
1.017791405320167542e-01
9.974466264247894287e-02
9.763137996196746826e-02
9.644658118486404419e-02
9.519752115011215210e-02
9.521593898534774780e-02
9.466341882944107056e-02
9.567773342132568359e-02
9.482868015766143799e-02
9.670709818601608276e-02
9.519673138856887817e-02
9.739446640014648438e-02
9.512080252170562744e-02
9.711315482854843140e-02
9.487843513488769531e-02
9.653826802968978882e-02
9.459920227527618408e-02
9.591683745384216309e-02
9.429241716861724854e-02
9.533024579286575317e-02
9.397963434457778931e-02
9.488684684038162231e-02
9.374725073575973511e-02
9.477868676185607910e-02
9.384341537952423096e-02
9.543762356042861938e-02
9.486862272024154663e-02
9.793171286582946777e-02
9.785784035921096802e-02
1.034665405750274658e-01
1.025829091668128967e-01
1.086859479546546936e-01
1.056518182158470154e-01
1.086571514606475830e-01
1.051253750920295715e-01
1.071131825447082520e-01
1.029571741819381714e-01
1.056529805064201355e-01
1.039973869919776917e-01
1.058760136365890503e-01
1.046803593635559082e-01
1.047756001353263855e-01
1.026418060064315796e-01
1.021746248006820679e-01
9.982980042695999146e-02
9.883157908916473389e-02
9.707413613796234131e-02
9.559492766857147217e-02
9.454497694969177246e-02
9.314082562923431396e-02
9.329748898744583130e-02
9.280124306678771973e-02
9.468544274568557739e-02
9.524959325790405273e-02
9.849563986063003540e-02
9.809952974319458008e-02
1.016906797885894775e-01
9.877303987741470337e-02
1.016490980982780457e-01
9.794320911169052124e-02
9.990632534027099609e-02
9.683177620172500610e-02
9.830430150032043457e-02
9.605476260185241699e-02
9.747076779603958130e-02
9.578496217727661133e-02
9.744618833065032959e-02
9.737946093082427979e-02
1.003342121839523315e-01
1.047600731253623962e-01
1.066854968667030334e-01
1.124040782451629639e-01
1.080887243151664734e-01
1.104644387960433960e-01
1.083194687962532043e-01
1.082020625472068787e-01
1.048622950911521912e-01
1.055260151624679565e-01
1.012738421559333801e-01
1.005563437938690186e-01
9.712419658899307251e-02
9.542423486709594727e-02
9.417451918125152588e-02
9.297411143779754639e-02
9.329558163881301880e-02
9.274162352085113525e-02
9.377755224704742432e-02
9.376249462366104126e-02
9.549114108085632324e-02
9.602249413728713989e-02
9.866001456975936890e-02
9.916619211435317993e-02
1.022318303585052490e-01
1.014275997877120972e-01
1.041951626539230347e-01
1.023143231868743896e-01
1.052711904048919678e-01
1.026344448328018188e-01
1.057763695716857910e-01
1.014092415571212769e-01
1.033086553215980530e-01
9.943696111440658569e-02
1.008053198456764221e-01
9.875489771366119385e-02
9.966394305229187012e-02
9.880706667900085449e-02
9.913058578968048096e-02
9.887322038412094116e-02
9.910193085670471191e-02
9.945479780435562134e-02
1.013168916106224060e-01
1.047762110829353333e-01
1.044970974326133728e-01
1.078398227691650391e-01
1.006505042314529419e-01
1.029004901647567749e-01
9.957312792539596558e-02
1.005756333470344543e-01
9.847149252891540527e-02
9.863132238388061523e-02
9.740354865789413452e-02
9.773468971252441406e-02
9.741269052028656006e-02
1.001875698566436768e-01
1.012949496507644653e-01
1.077594608068466187e-01
1.032737940549850464e-01
1.083683967590332031e-01
1.027450412511825562e-01
1.055904403328895569e-01
1.015703827142715454e-01
1.029369160532951355e-01
9.898283332586288452e-02
9.936339408159255981e-02
9.619802236557006836e-02
9.527817368507385254e-02
9.451077878475189209e-02
9.328984469175338745e-02
9.504660964012145996e-02
9.402197599411010742e-02
9.726973623037338257e-02
9.542313218116760254e-02
9.958034753799438477e-02
9.653844684362411499e-02
1.010334491729736328e-01
9.746950864791870117e-02
1.010696664452552795e-01
9.778429567813873291e-02
1.005298867821693420e-01
9.842801094055175781e-02
1.009711474180221558e-01
9.978477656841278076e-02
1.013748720288276672e-01
1.004948168992996216e-01
1.012661531567573547e-01
1.003891602158546448e-01
1.013072580099105835e-01
1.004082038998603821e-01
1.017620861530303955e-01
1.024155542254447937e-01
1.047088280320167542e-01
1.078532859683036804e-01
1.110986545681953430e-01
1.075245738029479980e-01
1.084836199879646301e-01
1.036446988582611084e-01
1.037229523062705994e-01
1.002744808793067932e-01
9.988424926996231079e-02
9.714681655168533325e-02
9.639704972505569458e-02
9.419146180152893066e-02
9.306907653808593750e-02
9.164626896381378174e-02
9.088297188282012939e-02
9.073631465435028076e-02
9.124659001827239990e-02
9.277763962745666504e-02
9.477035701274871826e-02
9.830973297357559204e-02
9.990078210830688477e-02
1.031399816274642944e-01
1.025024056434631348e-01
1.044383794069290161e-01
1.041713729500770569e-01
1.048354506492614746e-01
1.044917330145835876e-01
1.044025868177413940e-01
1.023435369133949280e-01
1.024134755134582520e-01
1.011363863945007324e-01
1.008391901850700378e-01
1.003453284502029419e-01
9.997349232435226440e-02
9.914348274469375610e-02
9.920148551464080811e-02
9.839113056659698486e-02
9.875856339931488037e-02
9.835784137248992920e-02
9.890421479940414429e-02
9.944518655538558960e-02
9.989166259765625000e-02
1.014553010463714600e-01
1.004837006330490112e-01
1.028034389019012451e-01
9.903645515441894531e-02
1.010997444391250610e-01
9.703152626752853394e-02
9.849805384874343872e-02
9.504063427448272705e-02
9.581623226404190063e-02
