1.359031200408935547e-01
1.362531185150146484e-01
1.360669732093811035e-01
1.364630907773971558e-01
1.362346857786178589e-01
1.366683691740036011e-01
1.363507211208343506e-01
1.368092596530914307e-01
1.363747566938400269e-01
1.368489712476730347e-01
1.363083273172378540e-01
1.367927640676498413e-01
1.361822932958602905e-01
1.366710513830184937e-01
1.360313743352890015e-01
1.365172266960144043e-01
1.358818113803863525e-01
1.363572031259536743e-01
1.357506811618804932e-01
1.362089961767196655e-01
1.356493681669235229e-01
1.360853463411331177e-01
1.355861872434616089e-01
1.359955072402954102e-01
1.355680972337722778e-01
1.359468996524810791e-01
1.356008350849151611e-01
1.359446495771408081e-01
1.356876790523529053e-01
1.359901130199432373e-01
1.358264088630676270e-01
1.360794156789779663e-01
1.360079050064086914e-01
1.362044364213943481e-01
1.362190842628479004e-01
1.363594532012939453e-01
1.364526301622390747e-01
1.365501135587692261e-01
1.367155760526657104e-01
1.367923766374588013e-01
1.370207816362380981e-01
1.370913088321685791e-01
1.373559385538101196e-01
1.374093294143676758e-01
1.376595050096511841e-01
1.376658529043197632e-01
1.378481984138488770e-01
1.377865374088287354e-01
1.378770172595977783e-01
1.377515196800231934e-01
1.377607285976409912e-01
1.375909596681594849e-01
1.375450342893600464e-01
1.373515278100967407e-01
1.372755616903305054e-01
1.370730996131896973e-01
1.369858384132385254e-01
1.367838084697723389e-01
1.366977691650390625e-01
1.365019083023071289e-01
1.364254653453826904e-01
1.362390071153640747e-01
1.361778229475021362e-01
1.360027045011520386e-01
1.359603404998779297e-01
1.357974857091903687e-01
1.357762813568115234e-01
1.356258988380432129e-01
1.356272250413894653e-01
1.354890167713165283e-01
1.355137079954147339e-01
1.353866606950759888e-01
1.354348510503768921e-01
1.353176236152648926e-01
1.353890299797058105e-01
1.352798789739608765e-01
1.353736519813537598e-01
1.352705210447311401e-01
1.353853791952133179e-01
1.352859437465667725e-01
1.354198306798934937e-01
1.353220045566558838e-01
1.354723870754241943e-01
1.353747099637985229e-01
1.355385184288024902e-01
1.354406625032424927e-01
1.356144845485687256e-01
1.355178803205490112e-01
1.356979757547378540e-01
1.356065422296524048e-01
1.357884258031845093e-01
1.357085406780242920e-01
1.358861625194549561e-01
1.358266174793243408e-01
1.359904408454895020e-01
1.359611600637435913e-01
1.360957324504852295e-01
1.361061781644821167e-01
1.361895203590393066e-01
1.362462341785430908e-01
1.362533718347549438e-01
1.363594830036163330e-01
1.362715959548950195e-01
1.364278793334960938e-01
1.362416446208953857e-01
1.364487111568450928e-01
1.361788362264633179e-01
1.364382803440093994e-01
1.361126601696014404e-01
1.364276111125946045e-01
1.360795646905899048e-01
1.364531368017196655e-01
1.361153125762939453e-01
1.365458071231842041e-01
1.362423747777938843e-01
1.367136538028717041e-01
1.364496648311614990e-01
1.369207352399826050e-01
1.366766840219497681e-01
1.370889693498611450e-01
1.368368566036224365e-01
1.371468752622604370e-01
1.368766874074935913e-01
1.370807290077209473e-01
1.368024498224258423e-01
1.369248032569885254e-01
1.366522312164306641e-01
1.367217749357223511e-01
1.364632546901702881e-01
1.365030109882354736e-01
1.362614035606384277e-01
1.362873613834381104e-01
1.360625028610229492e-01
1.360858827829360962e-01
1.358765661716461182e-01
1.359057873487472534e-01
1.357104182243347168e-01
1.357523649930953979e-01
1.355696469545364380e-01
1.356307566165924072e-01
1.354598551988601685e-01
1.355466246604919434e-01
1.353872865438461304e-01
1.355069279670715332e-01
1.353598535060882568e-01
1.355200409889221191e-01
1.353862732648849487e-01
1.355946660041809082e-01
1.354747265577316284e-01
1.357359439134597778e-01
1.356268972158432007e-01
1.359380930662155151e-01
1.358302980661392212e-01
1.361757963895797729e-01
1.360530406236648560e-01
1.364055573940277100e-01
1.362514197826385498e-01
1.365824043750762939e-01
1.363893300294876099e-01
1.366816163063049316e-01
1.364536136388778687e-01
1.367051601409912109e-01
1.364525407552719116e-01
1.366713941097259521e-01
1.364044249057769775e-01
1.366021633148193359e-01
1.363281458616256714e-01
1.365159004926681519e-01
1.362393796443939209e-01
1.364266127347946167e-01
1.361499577760696411e-01
1.363445371389389038e-01
1.360693424940109253e-01
1.362780332565307617e-01
1.360056102275848389e-01
1.362349838018417358e-01
1.359668970108032227e-01
1.362237930297851562e-01
1.359620243310928345e-01
1.362538635730743408e-01
1.360010355710983276e-01
1.363357603549957275e-01
1.360951215028762817e-01
1.364796459674835205e-01
1.362555772066116333e-01
1.366925239562988281e-01
1.364912539720535278e-01
1.369727104902267456e-01
1.368019580841064453e-01
1.373016238212585449e-01
1.371673941612243652e-01
1.376363784074783325e-01
1.375371366739273071e-01
1.379144340753555298e-01
1.378390938043594360e-01
1.380789577960968018e-01
1.380136609077453613e-01
1.381075978279113770e-01
1.380440145730972290e-01
1.380163878202438354e-01
1.379536688327789307e-01
1.378404051065444946e-01
1.377822607755661011e-01
1.376145780086517334e-01
1.375661194324493408e-01
1.373655945062637329e-01
1.373316198587417603e-01
1.371113210916519165e-01
1.370957940816879272e-01
1.368629634380340576e-01
1.368692815303802490e-01
1.366274505853652954e-01
1.366584748029708862e-01
1.364090889692306519e-01
1.364673674106597900e-01
1.362104862928390503e-01
1.362984627485275269e-01
1.360334157943725586e-01
1.361534148454666138e-01
1.358789503574371338e-01
1.360334008932113647e-01
1.357479393482208252e-01
1.359391063451766968e-01
1.356409639120101929e-01
1.358705759048461914e-01
1.355582177639007568e-01
1.358268857002258301e-01
1.354993879795074463e-01
1.358056813478469849e-01
1.354632526636123657e-01
1.358031481504440308e-01
1.354474127292633057e-01
1.358141303062438965e-01
1.354485303163528442e-01
1.358328908681869507e-01
1.354627162218093872e-01
1.358545869588851929e-01
1.354862004518508911e-01
1.358758360147476196e-01
1.355163007974624634e-01
1.358955651521682739e-01
1.355517953634262085e-01
1.359150558710098267e-01
1.355931460857391357e-01
1.359371393918991089e-01
1.356422901153564453e-01
1.359663754701614380e-01
1.357023566961288452e-01
1.360083520412445068e-01
1.357769966125488281e-01
1.360690891742706299e-01
1.358699649572372437e-01
1.361545622348785400e-01
1.359835863113403320e-01
1.362687200307846069e-01
1.361168920993804932e-01
1.364113837480545044e-01
1.362642645835876465e-01
1.365766376256942749e-01
1.364161670207977295e-01
1.367541998624801636e-01
1.365630477666854858e-01
1.369330286979675293e-01
1.366995573043823242e-01
1.371051967144012451e-01
1.368259191513061523e-01
1.372649371623992920e-01
1.369432061910629272e-01
1.374029964208602905e-01
1.370462775230407715e-01
1.375021189451217651e-01
1.371202021837234497e-01
1.375404596328735352e-01
1.371458172798156738e-01
1.375030726194381714e-01
1.371118426322937012e-01
1.373920440673828125e-01
1.370223462581634521e-01
1.372259706258773804e-01
1.368951350450515747e-01
1.370319873094558716e-01
1.367537826299667358e-01
1.368367075920104980e-01
1.366207748651504517e-01
1.366618126630783081e-01
1.365137100219726562e-01
1.365223079919815063e-01
1.364440619945526123e-01
1.364268660545349121e-01
1.364181339740753174e-01
1.363791823387145996e-01
1.364378929138183594e-01
1.363795846700668335e-01
1.365022957324981689e-01
1.364263147115707397e-01
1.366068869829177856e-01
1.365145742893218994e-01
1.367409676313400269e-01
1.366333216428756714e-01
1.368842422962188721e-01
1.367611289024353027e-01
1.370072364807128906e-01
1.368682980537414551e-01
1.370806396007537842e-01
1.369283348321914673e-01
1.370886862277984619e-01
1.369299888610839844e-01
1.370352059602737427e-01
1.368796527385711670e-01
1.369376927614212036e-01
1.367939561605453491e-01
1.368179023265838623e-01
1.366914957761764526e-01
1.366955041885375977e-01
1.365888863801956177e-01
1.365864574909210205e-01
1.364993304014205933e-01
1.365028172731399536e-01
1.364323645830154419e-01
1.364528089761734009e-01
1.363926827907562256e-01
1.364387422800064087e-01
1.363778114318847656e-01
1.364546865224838257e-01
1.363757699728012085e-01
1.364846974611282349e-01
1.363675445318222046e-01
1.365074813365936279e-01
1.363349407911300659e-01
1.365052908658981323e-01
1.362691819667816162e-01
1.364710777997970581e-01
1.361732631921768188e-01
1.364082992076873779e-01
1.360568702220916748e-01
1.363257020711898804e-01
1.359310895204544067e-01
1.362318247556686401e-01
1.358041763305664062e-01
1.361333727836608887e-01
1.356818825006484985e-01
1.360344737768173218e-01
1.355673521757125854e-01
1.359376907348632812e-01
1.354621946811676025e-01
1.358447670936584473e-01
1.353673338890075684e-01
1.357569694519042969e-01
1.352829635143280029e-01
1.356752514839172363e-01
1.352091282606124878e-01
1.356004774570465088e-01
1.351455748081207275e-01
1.355329453945159912e-01
1.350916922092437744e-01
1.354729235172271729e-01
1.350467503070831299e-01
1.354200541973114014e-01
1.350100040435791016e-01
1.353740543127059937e-01
1.349806934595108032e-01
1.353342682123184204e-01
1.349579244852066040e-01
1.353002190589904785e-01
1.349411606788635254e-01
1.352713555097579956e-01
1.349298804998397827e-01
1.352472901344299316e-01
1.349236667156219482e-01
1.352277398109436035e-01
1.349221616983413696e-01
1.352123767137527466e-01
1.349250823259353638e-01
1.352011412382125854e-01
1.349322199821472168e-01
1.351939439773559570e-01
1.349433660507202148e-01
1.351908743381500244e-01
1.349582672119140625e-01
1.351920813322067261e-01
1.349770128726959229e-01
1.351980268955230713e-01
1.349997818470001221e-01
1.352094411849975586e-01
1.350275278091430664e-01
1.352275460958480835e-01
1.350614428520202637e-01
1.352542787790298462e-01
1.351038664579391479e-01
1.352923512458801270e-01
1.351581066846847534e-01
1.353456228971481323e-01
1.352288573980331421e-01
1.354188174009323120e-01
1.353221833705902100e-01
1.355179995298385620e-01
1.354454308748245239e-01
1.356499642133712769e-01
1.356065869331359863e-01
1.358209252357482910e-01
1.358119696378707886e-01
1.360341608524322510e-01
1.360632628202438354e-01
1.362863779067993164e-01
1.363524198532104492e-01
1.365642249584197998e-01
1.366582661867141724e-01
1.368418484926223755e-01
1.369476914405822754e-01
1.370841562747955322e-01
1.371834725141525269e-01
1.372557431459426880e-01
1.373375058174133301e-01
1.373347789049148560e-01
1.374004036188125610e-01
1.373216360807418823e-01
1.373810619115829468e-01
1.372351199388504028e-01
1.373000890016555786e-01
1.371019482612609863e-01
1.371822357177734375e-01
1.369490474462509155e-01
1.370527893304824829e-01
1.367999613285064697e-01
1.369351148605346680e-01
1.366747617721557617e-01
1.368501037359237671e-01
1.365901976823806763e-01
1.368147134780883789e-01
1.365590244531631470e-01
1.368386298418045044e-01
1.365862488746643066e-01
1.369182914495468140e-01
1.366638988256454468e-01
1.370310783386230469e-01
1.367659866809844971e-01
1.371366232633590698e-01
1.368529051542282104e-01
1.371921747922897339e-01
1.368875503540039062e-01
1.371732354164123535e-01
1.368542909622192383e-01
1.370829194784164429e-01
1.367630064487457275e-01
1.369439512491226196e-01
1.366383433341979980e-01
1.367847323417663574e-01
1.365079879760742188e-01
1.366310566663742065e-01
1.363963931798934937e-01
1.365035027265548706e-01
1.363232582807540894e-01
1.364177912473678589e-01
1.363035887479782104e-01
1.363852471113204956e-01
1.363476514816284180e-01
1.364129483699798584e-01
1.364597082138061523e-01
1.365027874708175659e-01
1.366366595029830933e-01
1.366499066352844238e-01
1.368654072284698486e-01
1.368399560451507568e-01
1.371201127767562866e-01
1.370451748371124268e-01
1.373600065708160400e-01
1.372244954109191895e-01
1.375362128019332886e-01
1.373366266489028931e-01
1.376130729913711548e-01
1.373607069253921509e-01
1.375868767499923706e-01
1.373033225536346436e-01
1.374799609184265137e-01
1.371866613626480103e-01
1.373219043016433716e-01
1.370338797569274902e-01
1.371371448040008545e-01
1.368629038333892822e-01
1.369425505399703979e-01
1.366861909627914429e-01
1.367491632699966431e-01
1.365123540163040161e-01
1.365643143653869629e-01
1.363472342491149902e-01
1.363929212093353271e-01
1.361952275037765503e-01
1.362384110689163208e-01
1.360593736171722412e-01
1.361032724380493164e-01
1.359419971704483032e-01
1.359891891479492188e-01
1.358450204133987427e-01
1.358975321054458618e-01
1.357697397470474243e-01
1.358291655778884888e-01
1.357173174619674683e-01
1.357846558094024658e-01
1.356885731220245361e-01
1.357639431953430176e-01
