1.200073137879371643e-01
1.201379895210266113e-01
1.200225353240966797e-01
1.203287318348884583e-01
1.201935037970542908e-01
1.206450462341308594e-01
1.204158663749694824e-01
1.209795176982879639e-01
1.206197962164878845e-01
1.212790310382843018e-01
1.208263412117958069e-01
1.215352416038513184e-01
1.210521981120109558e-01
1.217159032821655273e-01
1.212641969323158264e-01
1.217603236436843872e-01
1.213975846767425537e-01
1.216270402073860168e-01
1.213913783431053162e-01
1.213401705026626587e-01
1.212366670370101929e-01
1.209798678755760193e-01
1.209842562675476074e-01
1.206318810582160950e-01
1.207060515880584717e-01
1.203679442405700684e-01
1.204693615436553955e-01
1.202494651079177856e-01
1.203253567218780518e-01
1.203088760375976562e-01
1.202779784798622131e-01
1.205037087202072144e-01
1.202618628740310669e-01
1.207335218787193298e-01
1.202134788036346436e-01
1.209333166480064392e-01
1.201485618948936462e-01
1.210686489939689636e-01
1.200695559382438660e-01
1.210608631372451782e-01
1.199035644531250000e-01
1.208785399794578552e-01
1.196547821164131165e-01
1.206272691488265991e-01
1.194257214665412903e-01
1.204204857349395752e-01
1.193072050809860229e-01
1.203200444579124451e-01
1.193469017744064331e-01
1.203573644161224365e-01
1.195402741432189941e-01
1.205329447984695435e-01
1.198074072599411011e-01
1.207941994071006775e-01
1.200202777981758118e-01
1.210587620735168457e-01
1.201243028044700623e-01
1.212938353419303894e-01
1.201854646205902100e-01
1.215283423662185669e-01
1.203026399016380310e-01
1.217944249510765076e-01
1.204975247383117676e-01
1.220532208681106567e-01
1.206593289971351624e-01
1.221885830163955688e-01
1.206876933574676514e-01
1.221448630094528198e-01
1.206186041235923767e-01
1.219974085688591003e-01
1.205335333943367004e-01
1.218498647212982178e-01
1.204881221055984497e-01
1.217597648501396179e-01
1.205065697431564331e-01
1.217409148812294006e-01
1.205927729606628418e-01
1.217896714806556702e-01
1.207436025142669678e-01
1.219001337885856628e-01
1.209532618522644043e-01
1.220462173223495483e-01
1.211849004030227661e-01
1.221471428871154785e-01
1.213495358824729919e-01
1.221042722463607788e-01
1.213845983147621155e-01
1.219182163476943970e-01
1.213537082076072693e-01
1.217173710465431213e-01
1.214129626750946045e-01
1.216629669070243835e-01
1.216551735997200012e-01
1.217825189232826233e-01
1.219309046864509583e-01
1.218744665384292603e-01
1.220202967524528503e-01
1.217826679348945618e-01
1.219595670700073242e-01
1.215951815247535706e-01
1.218753531575202942e-01
1.214284151792526245e-01
1.218105852603912354e-01
1.213044449687004089e-01
1.217510104179382324e-01
1.211928129196166992e-01
1.216880381107330322e-01
1.210792213678359985e-01
1.216346472501754761e-01
1.209776997566223145e-01
1.215970069169998169e-01
1.209001243114471436e-01
1.215603053569793701e-01
1.208403110504150391e-01
1.215062513947486877e-01
1.207881197333335876e-01
1.214394196867942810e-01
1.207512840628623962e-01
1.213903203606605530e-01
1.207541748881340027e-01
1.213841438293457031e-01
1.208059117197990417e-01
1.214004904031753540e-01
1.208670139312744141e-01
1.213755384087562561e-01
1.208648905158042908e-01
1.212618425488471985e-01
1.207553222775459290e-01
1.210704073309898376e-01
1.205524057149887085e-01
1.208501011133193970e-01
1.203033551573753357e-01
1.206499114632606506e-01
1.200578734278678894e-01
1.205010712146759033e-01
1.198569685220718384e-01
1.204144805669784546e-01
1.197301968932151794e-01
1.203870475292205811e-01
1.196946799755096436e-01
1.204137727618217468e-01
1.197561174631118774e-01
1.204837188124656677e-01
1.198998019099235535e-01
1.205674558877944946e-01
1.200848966836929321e-01
1.206426545977592468e-01
1.202835291624069214e-01
1.207285895943641663e-01
1.205152347683906555e-01
1.208878383040428162e-01
1.208324432373046875e-01
1.211845427751541138e-01
1.212605983018875122e-01
1.215784400701522827e-01
1.217235624790191650e-01
1.219057887792587280e-01
1.221088171005249023e-01
1.220569461584091187e-01
1.223809942603111267e-01
1.220500618219375610e-01
1.225470677018165588e-01
1.219266355037689209e-01
1.226082369685173035e-01
1.217132955789566040e-01
1.225755363702774048e-01
1.214562952518463135e-01
1.224864870309829712e-01
1.212235316634178162e-01
1.223817765712738037e-01
1.210594251751899719e-01
1.222734898328781128e-01
1.209415420889854431e-01
1.221397966146469116e-01
1.208065077662467957e-01
1.219419538974761963e-01
1.206283196806907654e-01
1.216578707098960876e-01
1.204327121376991272e-01
1.213149428367614746e-01
1.202570050954818726e-01
1.209889128804206848e-01
1.201496720314025879e-01
1.207866966724395752e-01
1.201733648777008057e-01
1.208105236291885376e-01
1.203507557511329651e-01
1.210919693112373352e-01
1.206242516636848450e-01
1.215448603034019470e-01
1.208894029259681702e-01
1.219757422804832458e-01
1.210271120071411133e-01
1.221795156598091125e-01
1.209929436445236206e-01
1.221126988530158997e-01
1.208464726805686951e-01
1.218862906098365784e-01
1.206576079130172729e-01
1.216096282005310059e-01
1.204698085784912109e-01
1.213359981775283813e-01
1.203064844012260437e-01
1.210839226841926575e-01
1.201775744557380676e-01
1.208574920892715454e-01
1.200868412852287292e-01
1.206553727388381958e-01
1.200408935546875000e-01
1.204715669155120850e-01
1.200518161058425903e-01
1.202945709228515625e-01
1.201271936297416687e-01
1.201107800006866455e-01
1.202584505081176758e-01
1.199170425534248352e-01
1.204205825924873352e-01
1.197305545210838318e-01
1.205875277519226074e-01
1.195824220776557922e-01
1.207534894347190857e-01
1.195048615336418152e-01
1.209418699145317078e-01
1.195222064852714539e-01
1.211789548397064209e-01
1.196267977356910706e-01
1.214300692081451416e-01
1.197484359145164490e-01
1.215829923748970032e-01
1.198142841458320618e-01
1.215664148330688477e-01
1.198302209377288818e-01
1.214331164956092834e-01
1.198514997959136963e-01
1.212859749794006348e-01
1.199358180165290833e-01
1.212150156497955322e-01
1.201218515634536743e-01
1.212746575474739075e-01
1.204052865505218506e-01
1.214572116732597351e-01
1.207355111837387085e-01
1.216894164681434631e-01
1.210521459579467773e-01
1.218652129173278809e-01
1.213027834892272949e-01
1.218896955251693726e-01
1.214416846632957458e-01
1.217348724603652954e-01
1.214468032121658325e-01
1.214488893747329712e-01
1.213420033454895020e-01
1.211137548089027405e-01
1.211874037981033325e-01
1.208030879497528076e-01
1.210485324263572693e-01
1.205660626292228699e-01
1.209830045700073242e-01
1.204303503036499023e-01
1.210400164127349854e-01
1.204099953174591064e-01
1.212487071752548218e-01
1.205022335052490234e-01
1.215843260288238525e-01
1.206699460744857788e-01
1.219528540968894958e-01
1.208457797765731812e-01
1.222461909055709839e-01
1.209878772497177124e-01
1.224181428551673889e-01
1.211105957627296448e-01
1.224907860159873962e-01
1.212536990642547607e-01
1.225082799792289734e-01
1.214478909969329834e-01
1.225024387240409851e-01
1.216884627938270569e-01
1.224852502346038818e-01
1.219286844134330750e-01
1.224586069583892822e-01
1.221230700612068176e-01
1.224369406700134277e-01
1.222679093480110168e-01
1.224403083324432373e-01
1.223789304494857788e-01
1.224563568830490112e-01
1.224637925624847412e-01
1.224407926201820374e-01
1.224939972162246704e-01
1.223439574241638184e-01
1.223854869604110718e-01
1.221367195248603821e-01
1.220856457948684692e-01
1.218260005116462708e-01
1.216411516070365906e-01
1.214502900838851929e-01
1.211437657475471497e-01
1.210604831576347351e-01
1.206621825695037842e-01
1.206968501210212708e-01
1.202297583222389221e-01
1.203826144337654114e-01
1.198590844869613647e-01
1.201311126351356506e-01
1.195576265454292297e-01
1.199566870927810669e-01
1.193370968103408813e-01
1.198771521449089050e-01
1.192113310098648071e-01
1.198933497071266174e-01
1.191792115569114685e-01
1.199633553624153137e-01
1.192104369401931763e-01
1.200238913297653198e-01
1.192606538534164429e-01
1.200424656271934509e-01
1.193031519651412964e-01
1.200284063816070557e-01
1.193424314260482788e-01
1.200143173336982727e-01
1.194144934415817261e-01
1.200562492012977600e-01
1.195929199457168579e-01
1.202456429600715637e-01
1.199852451682090759e-01
1.206851527094841003e-01
1.206623986363410950e-01
1.213581785559654236e-01
1.214928925037384033e-01
1.219798550009727478e-01
1.221243441104888916e-01
1.222236230969429016e-01
1.223472133278846741e-01
1.221113801002502441e-01
1.222615838050842285e-01
1.218615695834159851e-01
1.220318451523780823e-01
1.216098889708518982e-01
1.217480823397636414e-01
1.213995739817619324e-01
1.214592009782791138e-01
1.212531253695487976e-01
1.212150380015373230e-01
1.212076395750045776e-01
1.210680305957794189e-01
1.212966069579124451e-01
1.210475936532020569e-01
1.214967668056488037e-01
1.211281344294548035e-01
1.217261850833892822e-01
1.212350428104400635e-01
1.219302862882614136e-01
1.213094815611839294e-01
1.221005395054817200e-01
1.213327273726463318e-01
1.221979856491088867e-01
1.212863400578498840e-01
1.221686005592346191e-01
1.211609095335006714e-01
1.220285668969154358e-01
1.209817230701446533e-01
1.218456700444221497e-01
1.207896396517753601e-01
1.216721832752227783e-01
1.206205412745475769e-01
1.215353533625602722e-01
1.205026209354400635e-01
1.214604824781417847e-01
1.204603165388107300e-01
1.214746460318565369e-01
1.205136254429817200e-01
1.215731427073478699e-01
1.206456050276756287e-01
1.216825470328330994e-01
1.207574978470802307e-01
1.216881349682807922e-01
1.207370758056640625e-01
1.215259730815887451e-01
1.205729395151138306e-01
1.212361082434654236e-01
1.203382909297943115e-01
1.209069341421127319e-01
1.201212257146835327e-01
1.206159144639968872e-01
1.199944466352462769e-01
1.204281151294708252e-01
1.200093403458595276e-01
1.203965917229652405e-01
1.201708391308784485e-01
1.205167844891548157e-01
1.204181164503097534e-01
1.207088157534599304e-01
1.206707507371902466e-01
1.209038197994232178e-01
1.208853125572204590e-01
1.210980564355850220e-01
1.210669428110122681e-01
1.213316917419433594e-01
1.212741807103157043e-01
1.216828525066375732e-01
1.216027960181236267e-01
1.222153231501579285e-01
1.220988035202026367e-01
1.228578463196754456e-01
1.226545050740242004e-01
1.233648210763931274e-01
1.230319440364837646e-01
1.235000491142272949e-01
1.230689957737922668e-01
1.232658326625823975e-01
1.228106543421745300e-01
1.228300184011459351e-01
1.224073991179466248e-01
1.223498135805130005e-01
1.219857558608055115e-01
1.219257414340972900e-01
1.216284930706024170e-01
1.216242462396621704e-01
1.213911622762680054e-01
1.214849352836608887e-01
1.212976649403572083e-01
1.214881017804145813e-01
1.213218271732330322e-01
1.215283349156379700e-01
1.213987097144126892e-01
1.214823722839355469e-01
1.214668229222297668e-01
1.213134154677391052e-01
1.214973255991935730e-01
1.210687756538391113e-01
1.214892491698265076e-01
1.208061799407005310e-01
1.214400380849838257e-01
1.205447241663932800e-01
1.213216930627822876e-01
1.202632337808609009e-01
1.210951805114746094e-01
1.199402064085006714e-01
1.207607164978981018e-01
1.195931658148765564e-01
1.203738152980804443e-01
1.192743554711341858e-01
1.200136467814445496e-01
1.190543919801712036e-01
1.197673231363296509e-01
1.190219223499298096e-01
1.197359263896942139e-01
1.192720234394073486e-01
1.200033053755760193e-01
1.198289394378662109e-01
1.205241307616233826e-01
1.205315664410591125e-01
1.210661605000495911e-01
1.210889369249343872e-01
1.214005723595619202e-01
1.213422492146492004e-01
1.214940920472145081e-01
1.213496252894401550e-01
1.214479133486747742e-01
1.212478876113891602e-01
1.213871911168098450e-01
1.211717501282691956e-01
1.214157491922378540e-01
1.212235987186431885e-01
1.215691640973091125e-01
1.214023083448410034e-01
1.217529177665710449e-01
1.215762943029403687e-01
1.218181997537612915e-01
1.216253936290740967e-01
1.217282935976982117e-01
1.215407475829124451e-01
1.215444579720497131e-01
1.213695332407951355e-01
1.213298439979553223e-01
1.211660653352737427e-01
1.211278438568115234e-01
1.209830194711685181e-01
1.209730133414268494e-01
1.208672001957893372e-01
1.208949685096740723e-01
1.208516508340835571e-01
1.209124475717544556e-01
1.209456324577331543e-01
1.210164278745651245e-01
1.211156249046325684e-01
1.211403310298919678e-01
1.212674081325531006e-01
1.211731955409049988e-01
1.212942227721214294e-01
1.210638433694839478e-01
1.211772710084915161e-01
1.208643764257431030e-01
1.209824085235595703e-01
1.206501722335815430e-01
1.207845583558082581e-01
1.204708591103553772e-01
1.206436976790428162e-01
1.203585937619209290e-01
1.206089481711387634e-01
