2.280387431383132935e-01
2.280376404523849487e-01
2.280387729406356812e-01
2.280376255512237549e-01
2.280387431383132935e-01
2.280375957489013672e-01
2.280387729406356812e-01
2.280376404523849487e-01
2.280387878417968750e-01
2.280376404523849487e-01
2.280387729406356812e-01
2.280376404523849487e-01
2.280387878417968750e-01
2.280376404523849487e-01
2.280387431383132935e-01
2.280375957489013672e-01
2.280386984348297119e-01
2.280376255512237549e-01
2.280386984348297119e-01
2.280376255512237549e-01
2.280386686325073242e-01
2.280375659465789795e-01
2.280386686325073242e-01
2.280375510454177856e-01
2.280386537313461304e-01
2.280375957489013672e-01
2.280386686325073242e-01
2.280375659465789795e-01
2.280386686325073242e-01
2.280375510454177856e-01
2.280386537313461304e-01
2.280375510454177856e-01
2.280386537313461304e-01
2.280375510454177856e-01
2.280386537313461304e-01
2.280375510454177856e-01
2.280386239290237427e-01
2.280375212430953979e-01
2.280385941267013550e-01
2.280375510454177856e-01
2.280385941267013550e-01
2.280375510454177856e-01
2.280386239290237427e-01
2.280375063419342041e-01
2.280386239290237427e-01
2.280374467372894287e-01
2.280385792255401611e-01
2.280374467372894287e-01
2.280385792255401611e-01
2.280374467372894287e-01
2.280385792255401611e-01
2.280374467372894287e-01
2.280385792255401611e-01
2.280374765396118164e-01
2.280385494232177734e-01
2.280374318361282349e-01
2.280385494232177734e-01
2.280374467372894287e-01
2.280385196208953857e-01
2.280374467372894287e-01
2.280385196208953857e-01
2.280374467372894287e-01
2.280385196208953857e-01
2.280374318361282349e-01
2.280385047197341919e-01
2.280374318361282349e-01
2.280385196208953857e-01
2.280374318361282349e-01
2.280385047197341919e-01
2.280374020338058472e-01
2.280384749174118042e-01
2.280374318361282349e-01
2.280385047197341919e-01
2.280373722314834595e-01
2.280385047197341919e-01
2.280373722314834595e-01
2.280385047197341919e-01
2.280373722314834595e-01
2.280384302139282227e-01
2.280374318361282349e-01
2.280384302139282227e-01
2.280374020338058472e-01
2.280384004116058350e-01
2.280373573303222656e-01
2.280384302139282227e-01
2.280373722314834595e-01
2.280384302139282227e-01
2.280373573303222656e-01
2.280384749174118042e-01
2.280372828245162964e-01
2.280384004116058350e-01
2.280373275279998779e-01
2.280383855104446411e-01
2.280373275279998779e-01
2.280384004116058350e-01
2.280372977256774902e-01
2.280384004116058350e-01
2.280372828245162964e-01
2.280384004116058350e-01
2.280372828245162964e-01
2.280383855104446411e-01
2.280372530221939087e-01
2.280383557081222534e-01
2.280372530221939087e-01
2.280383855104446411e-01
2.280372083187103271e-01
2.280383259057998657e-01
2.280372083187103271e-01
2.280383259057998657e-01
2.280372083187103271e-01
2.280383557081222534e-01
2.280372530221939087e-01
2.280383259057998657e-01
2.280372083187103271e-01
2.280383259057998657e-01
2.280372083187103271e-01
2.280383855104446411e-01
2.280371785163879395e-01
2.280383110046386719e-01
2.280372083187103271e-01
2.280383557081222534e-01
2.280371785163879395e-01
2.280383259057998657e-01
2.280371785163879395e-01
2.280383557081222534e-01
2.280371636152267456e-01
2.280382812023162842e-01
2.280371338129043579e-01
2.280382812023162842e-01
2.280371636152267456e-01
2.280382364988327026e-01
2.280371040105819702e-01
2.280382066965103149e-01
2.280370593070983887e-01
2.280382364988327026e-01
2.280371338129043579e-01
2.280382066965103149e-01
2.280370891094207764e-01
2.280382812023162842e-01
2.280370891094207764e-01
2.280382364988327026e-01
2.280370593070983887e-01
2.280382066965103149e-01
2.280370593070983887e-01
2.280382066965103149e-01
2.280370295047760010e-01
2.280382066965103149e-01
2.280370295047760010e-01
2.280381768941879272e-01
2.280370593070983887e-01
2.280381768941879272e-01
2.280370593070983887e-01
2.280382066965103149e-01
2.280370295047760010e-01
2.280381619930267334e-01
2.280370593070983887e-01
2.280381321907043457e-01
2.280370295047760010e-01
2.280381172895431519e-01
2.280370146036148071e-01
2.280381172895431519e-01
2.280369848012924194e-01
2.280381172895431519e-01
2.280370295047760010e-01
2.280381172895431519e-01
2.280370146036148071e-01
2.280381172895431519e-01
2.280369848012924194e-01
2.280380427837371826e-01
2.280370146036148071e-01
2.280380129814147949e-01
2.280370146036148071e-01
2.280379831790924072e-01
2.280370146036148071e-01
2.280379831790924072e-01
2.280370146036148071e-01
2.280380427837371826e-01
2.280369848012924194e-01
2.280380129814147949e-01
2.280370146036148071e-01
2.280379831790924072e-01
2.280370146036148071e-01
2.280379831790924072e-01
2.280369848012924194e-01
2.280380129814147949e-01
2.280369848012924194e-01
2.280379831790924072e-01
2.280370146036148071e-01
2.280379831790924072e-01
2.280369848012924194e-01
2.280379384756088257e-01
2.280369699001312256e-01
2.280379831790924072e-01
2.280369699001312256e-01
2.280379384756088257e-01
2.280369102954864502e-01
2.280379384756088257e-01
2.280369102954864502e-01
2.280379384756088257e-01
2.280369400978088379e-01
2.280379682779312134e-01
2.280369400978088379e-01
2.280379384756088257e-01
2.280368953943252563e-01
2.280379384756088257e-01
2.280368953943252563e-01
2.280379384756088257e-01
2.280369102954864502e-01
2.280379086732864380e-01
2.280368953943252563e-01
2.280379086732864380e-01
2.280368655920028687e-01
2.280378937721252441e-01
2.280368953943252563e-01
2.280378937721252441e-01
2.280368655920028687e-01
2.280378937721252441e-01
2.280368655920028687e-01
2.280378490686416626e-01
2.280368208885192871e-01
2.280378490686416626e-01
2.280368208885192871e-01
2.280378639698028564e-01
2.280368208885192871e-01
2.280378639698028564e-01
2.280368208885192871e-01
2.280378490686416626e-01
2.280368208885192871e-01
2.280378490686416626e-01
2.280367910861968994e-01
2.280378490686416626e-01
2.280368208885192871e-01
2.280378192663192749e-01
2.280367910861968994e-01
2.280377894639968872e-01
2.280367612838745117e-01
2.280377745628356934e-01
2.280367612838745117e-01
2.280377745628356934e-01
2.280367612838745117e-01
2.280377447605133057e-01
2.280367612838745117e-01
2.280377745628356934e-01
2.280367016792297363e-01
2.280377745628356934e-01
2.280367165803909302e-01
2.280377745628356934e-01
2.280367165803909302e-01
2.280377447605133057e-01
2.280366420745849609e-01
2.280377447605133057e-01
2.280366718769073486e-01
2.280377894639968872e-01
2.280366718769073486e-01
2.280377894639968872e-01
2.280366271734237671e-01
2.280377447605133057e-01
2.280366420745849609e-01
2.280377447605133057e-01
2.280366420745849609e-01
2.280377745628356934e-01
2.280366271734237671e-01
2.280377745628356934e-01
2.280366420745849609e-01
2.280377745628356934e-01
2.280366271734237671e-01
2.280377745628356934e-01
2.280366271734237671e-01
2.280377447605133057e-01
2.280365675687789917e-01
2.280377149581909180e-01
2.280365675687789917e-01
2.280377447605133057e-01
2.280366271734237671e-01
2.280377447605133057e-01
2.280366271734237671e-01
2.280376404523849487e-01
2.280365526676177979e-01
2.280376702547073364e-01
2.280365526676177979e-01
2.280377000570297241e-01
2.280365675687789917e-01
2.280377000570297241e-01
2.280365675687789917e-01
2.280376702547073364e-01
2.280365228652954102e-01
2.280376404523849487e-01
2.280365526676177979e-01
2.280376404523849487e-01
2.280364930629730225e-01
2.280376255512237549e-01
2.280364930629730225e-01
2.280376255512237549e-01
2.280364781618118286e-01
2.280376255512237549e-01
2.280364781618118286e-01
2.280376255512237549e-01
2.280364781618118286e-01
2.280376404523849487e-01
2.280364781618118286e-01
2.280375957489013672e-01
2.280364483594894409e-01
2.280375659465789795e-01
2.280364185571670532e-01
2.280375659465789795e-01
2.280364185571670532e-01
2.280375510454177856e-01
2.280364185571670532e-01
2.280375659465789795e-01
2.280364185571670532e-01
2.280375510454177856e-01
2.280364036560058594e-01
2.280375510454177856e-01
2.280364185571670532e-01
2.280375659465789795e-01
2.280364483594894409e-01
2.280375212430953979e-01
2.280364185571670532e-01
2.280375510454177856e-01
2.280364483594894409e-01
2.280375063419342041e-01
2.280363738536834717e-01
2.280374467372894287e-01
2.280363738536834717e-01
2.280375063419342041e-01
2.280363738536834717e-01
2.280374765396118164e-01
2.280363738536834717e-01
2.280375063419342041e-01
2.280363589525222778e-01
2.280374318361282349e-01
2.280363589525222778e-01
2.280374467372894287e-01
2.280362993478775024e-01
2.280374765396118164e-01
2.280362993478775024e-01
2.280374765396118164e-01
2.280362993478775024e-01
2.280374467372894287e-01
2.280363291501998901e-01
2.280374467372894287e-01
2.280362993478775024e-01
2.280374318361282349e-01
2.280362844467163086e-01
2.280373722314834595e-01
2.280363291501998901e-01
2.280374020338058472e-01
2.280362546443939209e-01
2.280374318361282349e-01
2.280362844467163086e-01
2.280374020338058472e-01
2.280362546443939209e-01
2.280373722314834595e-01
2.280362248420715332e-01
2.280374020338058472e-01
2.280362099409103394e-01
2.280374020338058472e-01
2.280362248420715332e-01
2.280373722314834595e-01
2.280362546443939209e-01
2.280373573303222656e-01
2.280362099409103394e-01
2.280373573303222656e-01
2.280361801385879517e-01
2.280372977256774902e-01
2.280361503362655640e-01
2.280372977256774902e-01
2.280361801385879517e-01
2.280373275279998779e-01
2.280361503362655640e-01
2.280373722314834595e-01
2.280361503362655640e-01
2.280373275279998779e-01
2.280361354351043701e-01
2.280372977256774902e-01
2.280361354351043701e-01
2.280373573303222656e-01
2.280360907316207886e-01
2.280372977256774902e-01
2.280361056327819824e-01
2.280372828245162964e-01
2.280361056327819824e-01
2.280372530221939087e-01
2.280361056327819824e-01
2.280372977256774902e-01
2.280361056327819824e-01
2.280372381210327148e-01
2.280360907316207886e-01
2.280372381210327148e-01
2.280360907316207886e-01
2.280372381210327148e-01
2.280361056327819824e-01
2.280372828245162964e-01
2.280360907316207886e-01
2.280372381210327148e-01
2.280360609292984009e-01
2.280372828245162964e-01
2.280360609292984009e-01
2.280372530221939087e-01
2.280360162258148193e-01
2.280372381210327148e-01
2.280360311269760132e-01
2.280371785163879395e-01
2.280360162258148193e-01
2.280372083187103271e-01
2.280360162258148193e-01
2.280372083187103271e-01
2.280359864234924316e-01
2.280371785163879395e-01
2.280359864234924316e-01
2.280371785163879395e-01
2.280359566211700439e-01
2.280371636152267456e-01
2.280359566211700439e-01
2.280371785163879395e-01
2.280359566211700439e-01
2.280371338129043579e-01
2.280359566211700439e-01
2.280371338129043579e-01
2.280359566211700439e-01
2.280371785163879395e-01
2.280359417200088501e-01
2.280371338129043579e-01
2.280359417200088501e-01
2.280370891094207764e-01
2.280359119176864624e-01
2.280371040105819702e-01
2.280359119176864624e-01
2.280371040105819702e-01
2.280359119176864624e-01
2.280370891094207764e-01
2.280359417200088501e-01
2.280370891094207764e-01
2.280359119176864624e-01
2.280370593070983887e-01
2.280359119176864624e-01
2.280370891094207764e-01
2.280358821153640747e-01
2.280370295047760010e-01
2.280359119176864624e-01
2.280370593070983887e-01
2.280358821153640747e-01
2.280371040105819702e-01
2.280358821153640747e-01
2.280370593070983887e-01
2.280358374118804932e-01
2.280370593070983887e-01
2.280359119176864624e-01
2.280369848012924194e-01
2.280359119176864624e-01
2.280369848012924194e-01
2.280358672142028809e-01
2.280369699001312256e-01
2.280358374118804932e-01
2.280369848012924194e-01
2.280358672142028809e-01
2.280369699001312256e-01
2.280358225107192993e-01
2.280370146036148071e-01
2.280358225107192993e-01
2.280369400978088379e-01
2.280358225107192993e-01
2.280369400978088379e-01
2.280358374118804932e-01
2.280369699001312256e-01
2.280358374118804932e-01
2.280369102954864502e-01
2.280357927083969116e-01
2.280369102954864502e-01
2.280358225107192993e-01
2.280369102954864502e-01
2.280357927083969116e-01
2.280369102954864502e-01
2.280357629060745239e-01
2.280368655920028687e-01
2.280357927083969116e-01
2.280368953943252563e-01
2.280358225107192993e-01
2.280368953943252563e-01
2.280357480049133301e-01
2.280368655920028687e-01
2.280357480049133301e-01
2.280368208885192871e-01
2.280357480049133301e-01
2.280368655920028687e-01
2.280357480049133301e-01
2.280368655920028687e-01
2.280357480049133301e-01
2.280368357896804810e-01
2.280357480049133301e-01
2.280368357896804810e-01
2.280356884002685547e-01
2.280368208885192871e-01
2.280356436967849731e-01
2.280367910861968994e-01
2.280356734991073608e-01
2.280367910861968994e-01
2.280356734991073608e-01
2.280368208885192871e-01
2.280356138944625854e-01
