1.372808497399091721e-02
1.372808404266834259e-02
1.372808218002319336e-02
1.372808031737804413e-02
1.372807752341032028e-02
1.372807659208774567e-02
1.372807472944259644e-02
1.372807286679744720e-02
1.372807286679744720e-02
1.372807286679744720e-02
1.372807286679744720e-02
1.372807193547487259e-02
1.372807007282972336e-02
1.372806727886199951e-02
1.372806727886199951e-02
1.372806355357170105e-02
1.372806262224912643e-02
1.372806262224912643e-02
1.372806075960397720e-02
1.372806075960397720e-02
1.372805796563625336e-02
1.372805610299110413e-02
1.372805610299110413e-02
1.372805517166852951e-02
1.372805330902338028e-02
1.372805330902338028e-02
1.372805144637823105e-02
1.372805144637823105e-02
1.372804865241050720e-02
1.372804585844278336e-02
1.372804585844278336e-02
1.372804306447505951e-02
1.372804120182991028e-02
1.372804120182991028e-02
1.372803933918476105e-02
1.372803654521703720e-02
1.372803468257188797e-02
1.372803188860416412e-02
1.372803188860416412e-02
1.372803188860416412e-02
1.372802909463644028e-02
1.372802909463644028e-02
1.372802909463644028e-02
1.372802536934614182e-02
1.372802536934614182e-02
1.372802443802356720e-02
1.372802443802356720e-02
1.372802257537841797e-02
1.372802164405584335e-02
1.372801978141069412e-02
1.372801791876554489e-02
1.372801698744297028e-02
1.372801512479782104e-02
1.372801512479782104e-02
1.372801326215267181e-02
1.372801326215267181e-02
1.372801046818494797e-02
1.372800860553979874e-02
1.372800767421722412e-02
1.372800581157207489e-02
1.372800488024950027e-02
1.372800301760435104e-02
1.372800115495920181e-02
1.372799836099147797e-02
1.372799649834632874e-02
1.372799649834632874e-02
1.372799370437860489e-02
1.372799184173345566e-02
1.372799091041088104e-02
1.372798904776573181e-02
1.372798811644315720e-02
1.372798811644315720e-02
1.372798625379800797e-02
1.372798439115285873e-02
1.372798345983028412e-02
1.372798159718513489e-02
1.372798159718513489e-02
1.372798159718513489e-02
1.372798159718513489e-02
1.372797973453998566e-02
1.372797880321741104e-02
1.372797880321741104e-02
1.372797507792711258e-02
1.372797414660453796e-02
1.372797414660453796e-02
1.372797042131423950e-02
1.372796948999166489e-02
1.372796948999166489e-02
1.372796762734651566e-02
1.372796669602394104e-02
1.372796669602394104e-02
1.372796669602394104e-02
1.372796203941106796e-02
1.372796017676591873e-02
1.372796017676591873e-02
1.372795831412076950e-02
1.372795738279819489e-02
1.372795086354017258e-02
1.372795086354017258e-02
1.372795086354017258e-02
1.372794620692729950e-02
1.372794527560472488e-02
1.372794527560472488e-02
1.372794155031442642e-02
1.372794061899185181e-02
1.372794061899185181e-02
1.372794061899185181e-02
1.372793689370155334e-02
1.372793689370155334e-02
1.372793409973382950e-02
1.372793409973382950e-02
1.372793409973382950e-02
1.372793316841125488e-02
1.372793316841125488e-02
1.372793130576610565e-02
1.372793130576610565e-02
1.372793130576610565e-02
1.372792944312095642e-02
1.372792664915323257e-02
1.372792664915323257e-02
1.372792664915323257e-02
1.372792478650808334e-02
1.372791919857263565e-02
1.372791919857263565e-02
1.372791919857263565e-02
1.372791640460491180e-02
1.372791454195976257e-02
1.372791267931461334e-02
1.372790802270174026e-02
1.372790802270174026e-02
1.372790802270174026e-02
1.372790709137916565e-02
1.372790522873401642e-02
1.372790057212114334e-02
1.372790057212114334e-02
1.372789777815341949e-02
1.372789591550827026e-02
1.372789498418569565e-02
1.372789498418569565e-02
1.372789498418569565e-02
1.372789312154054642e-02
1.372789312154054642e-02
1.372789125889539719e-02
1.372789125889539719e-02
1.372788846492767334e-02
1.372788660228252411e-02
1.372788567095994949e-02
1.372788567095994949e-02
1.372788380831480026e-02
1.372788380831480026e-02
1.372788194566965103e-02
1.372788101434707642e-02
1.372787915170192719e-02
1.372787822037935257e-02
1.372787635773420334e-02
1.372787635773420334e-02
1.372787635773420334e-02
1.372787449508905411e-02
1.372787170112133026e-02
1.372786983847618103e-02
1.372786890715360641e-02
1.372786704450845718e-02
1.372786518186330795e-02
1.372786238789558411e-02
1.372786145657300949e-02
1.372785959392786026e-02
1.372785307466983795e-02
1.372785214334726334e-02
1.372785028070211411e-02
1.372785028070211411e-02
1.372785028070211411e-02
1.372784841805696487e-02
1.372784841805696487e-02
1.372784562408924103e-02
1.372784562408924103e-02
1.372784469276666641e-02
1.372784283012151718e-02
1.372784096747636795e-02
1.372784096747636795e-02
1.372783817350864410e-02
1.372783817350864410e-02
1.372783631086349487e-02
1.372783631086349487e-02
1.372783537954092026e-02
1.372783537954092026e-02
1.372783165425062180e-02
1.372783165425062180e-02
1.372783165425062180e-02
1.372783072292804718e-02
1.372782699763774872e-02
1.372782699763774872e-02
1.372782606631517410e-02
1.372782606631517410e-02
1.372782420367002487e-02
1.372782327234745026e-02
1.372782140970230103e-02
1.372781861573457718e-02
1.372781861573457718e-02
1.372781675308942795e-02
1.372781209647655487e-02
1.372781023383140564e-02
1.372781023383140564e-02
1.372780930250883102e-02
1.372780743986368179e-02
1.372780464589595795e-02
1.372780464589595795e-02
1.372780278325080872e-02
1.372780278325080872e-02
1.372780185192823410e-02
1.372779998928308487e-02
1.372779998928308487e-02
1.372779533267021179e-02
1.372779347002506256e-02
1.372779347002506256e-02
1.372779347002506256e-02
1.372779253870248795e-02
1.372779067605733871e-02
1.372779067605733871e-02
1.372779067605733871e-02
1.372778788208961487e-02
1.372778601944446564e-02
1.372778508812189102e-02
1.372778322547674179e-02
1.372778136283159256e-02
1.372778043150901794e-02
1.372777856886386871e-02
1.372777670621871948e-02
1.372777670621871948e-02
1.372777577489614487e-02
1.372777577489614487e-02
1.372777298092842102e-02
1.372777111828327179e-02
1.372776832431554794e-02
1.372776832431554794e-02
1.372776832431554794e-02
1.372776459902524948e-02
1.372776459902524948e-02
1.372776180505752563e-02
1.372776180505752563e-02
1.372775994241237640e-02
1.372775901108980179e-02
1.372775435447692871e-02
1.372775435447692871e-02
1.372775435447692871e-02
1.372775249183177948e-02
1.372775249183177948e-02
1.372775249183177948e-02
1.372775156050920486e-02
1.372774783521890640e-02
1.372774690389633179e-02
1.372774504125118256e-02
1.372774317860603333e-02
1.372774038463830948e-02
1.372773852199316025e-02
1.372773759067058563e-02
1.372773572802543640e-02
1.372773479670286179e-02
1.372773479670286179e-02
1.372773479670286179e-02
1.372773293405771255e-02
1.372773107141256332e-02
1.372773014008998871e-02
1.372772827744483948e-02
1.372772827744483948e-02
1.372772827744483948e-02
1.372772548347711563e-02
1.372772175818681717e-02
1.372772175818681717e-02
1.372772175818681717e-02
1.372771896421909332e-02
1.372771896421909332e-02
1.372771430760622025e-02
1.372771430760622025e-02
1.372771151363849640e-02
1.372771151363849640e-02
1.372771151363849640e-02
1.372770965099334717e-02
1.372770965099334717e-02
1.372770871967077255e-02
1.372770685702562332e-02
1.372770685702562332e-02
1.372770499438047409e-02
1.372770220041275024e-02
1.372770126909017563e-02
1.372769754379987717e-02
1.372769661247730255e-02
1.372769288718700409e-02
1.372769288718700409e-02
1.372769009321928024e-02
1.372769009321928024e-02
1.372769009321928024e-02
1.372769009321928024e-02
1.372768823057413101e-02
1.372768823057413101e-02
1.372768543660640717e-02
1.372768264263868332e-02
1.372768264263868332e-02
1.372768077999353409e-02
1.372768077999353409e-02
1.372767984867095947e-02
1.372767798602581024e-02
1.372767332941293716e-02
1.372767332941293716e-02
1.372767146676778793e-02
1.372767053544521332e-02
1.372767053544521332e-02
1.372767053544521332e-02
1.372766867280006409e-02
1.372766681015491486e-02
1.372766401618719101e-02
1.372766308486461639e-02
1.372766308486461639e-02
1.372766122221946716e-02
1.372765935957431793e-02
1.372765935957431793e-02
1.372765842825174332e-02
1.372765656560659409e-02
1.372765470296144485e-02
1.372765004634857178e-02
1.372765004634857178e-02
1.372764911502599716e-02
1.372764725238084793e-02
1.372764725238084793e-02
1.372764632105827332e-02
1.372764632105827332e-02
1.372764632105827332e-02
1.372764259576797485e-02
1.372763980180025101e-02
1.372763980180025101e-02
1.372763793915510178e-02
1.372763700783252716e-02
1.372763328254222870e-02
1.372763235121965408e-02
1.372763048857450485e-02
1.372763048857450485e-02
1.372763048857450485e-02
1.372762862592935562e-02
1.372762583196163177e-02
1.372762583196163177e-02
1.372762490063905716e-02
1.372762490063905716e-02
1.372762490063905716e-02
1.372762490063905716e-02
1.372762117534875870e-02
1.372761838138103485e-02
1.372761651873588562e-02
1.372761372476816177e-02
1.372761372476816177e-02
1.372761372476816177e-02
1.372761186212301254e-02
1.372761093080043793e-02
1.372761093080043793e-02
1.372760813683271408e-02
1.372760627418756485e-02
1.372760441154241562e-02
1.372760441154241562e-02
1.372760161757469177e-02
1.372760161757469177e-02
1.372760161757469177e-02
1.372759975492954254e-02
1.372759509831666946e-02
1.372759416699409485e-02
1.372759416699409485e-02
1.372759230434894562e-02
1.372759230434894562e-02
1.372759137302637100e-02
1.372758764773607254e-02
1.372758299112319946e-02
1.372758299112319946e-02
1.372758299112319946e-02
1.372758299112319946e-02
1.372758205980062485e-02
1.372758019715547562e-02
1.372758019715547562e-02
1.372757740318775177e-02
1.372757460922002792e-02
1.372757460922002792e-02
1.372757274657487869e-02
1.372757088392972946e-02
1.372756808996200562e-02
1.372756529599428177e-02
1.372756529599428177e-02
1.372756529599428177e-02
1.372756529599428177e-02
1.372756157070398331e-02
1.372756063938140869e-02
1.372756063938140869e-02
1.372756063938140869e-02
1.372755877673625946e-02
1.372755877673625946e-02
1.372755598276853561e-02
1.372755412012338638e-02
1.372755318880081177e-02
1.372755132615566254e-02
1.372755132615566254e-02
1.372754946351051331e-02
1.372754853218793869e-02
1.372754853218793869e-02
1.372754666954278946e-02
1.372754666954278946e-02
1.372754387557506561e-02
1.372754387557506561e-02
1.372754015028476715e-02
1.372754015028476715e-02
1.372753456234931946e-02
1.372753269970417023e-02
1.372753176838159561e-02
1.372753176838159561e-02
1.372752990573644638e-02
1.372752990573644638e-02
1.372752990573644638e-02
1.372752804309129715e-02
1.372752711176872253e-02
1.372752711176872253e-02
1.372752711176872253e-02
1.372752245515584946e-02
1.372752245515584946e-02
1.372751966118812561e-02
1.372751779854297638e-02
1.372751779854297638e-02
1.372751593589782715e-02
1.372751314193010330e-02
1.372751127928495407e-02
1.372751127928495407e-02
1.372751034796237946e-02
1.372751034796237946e-02
1.372750662267208099e-02
1.372750569134950638e-02
1.372750382870435715e-02
1.372750289738178253e-02
1.372750289738178253e-02
1.372750289738178253e-02
1.372750289738178253e-02
1.372750103473663330e-02
1.372749917209148407e-02
1.372749637812376022e-02
1.372749451547861099e-02
1.372749358415603638e-02
1.372749358415603638e-02
1.372748985886573792e-02
1.372748892754316330e-02
1.372748706489801407e-02
1.372748520225286484e-02
1.372748427093029022e-02
1.372748240828514099e-02
1.372748240828514099e-02
1.372748240828514099e-02
1.372748147696256638e-02
1.372747961431741714e-02
1.372747961431741714e-02
1.372747775167226791e-02
1.372747216373682022e-02
1.372747216373682022e-02
1.372747030109167099e-02
1.372747030109167099e-02
1.372746843844652176e-02
1.372746843844652176e-02
1.372746750712394714e-02
1.372746471315622330e-02
1.372746285051107407e-02
1.372746285051107407e-02
1.372746005654335022e-02
1.372745819389820099e-02
1.372745633125305176e-02
1.372745633125305176e-02
1.372745633125305176e-02
1.372745353728532791e-02
1.372745074331760406e-02
1.372745074331760406e-02
1.372744888067245483e-02
1.372744888067245483e-02
1.372744794934988022e-02
1.372744794934988022e-02
1.372744794934988022e-02
1.372744422405958176e-02
1.372744329273700714e-02
1.372744143009185791e-02
1.372744143009185791e-02
1.372743956744670868e-02
1.372743677347898483e-02
1.372743677347898483e-02
1.372743397951126099e-02
1.372743118554353714e-02
1.372743118554353714e-02
1.372743118554353714e-02
1.372742746025323868e-02
1.372742652893066406e-02
1.372742466628551483e-02
1.372742280364036560e-02
1.372742280364036560e-02
1.372742187231779099e-02
1.372741814702749252e-02
1.372741721570491791e-02
1.372741535305976868e-02
1.372741535305976868e-02
1.372741535305976868e-02
1.372741069644689560e-02
1.372740976512432098e-02
1.372740790247917175e-02
1.372740790247917175e-02
