5.917145404964685440e-03
5.917144939303398132e-03
5.917144473642110825e-03
5.917143542319536209e-03
5.917143076658248901e-03
5.917143076658248901e-03
5.917141679674386978e-03
5.917141214013099670e-03
5.917140748351812363e-03
5.917141214013099670e-03
5.917140748351812363e-03
5.917140282690525055e-03
5.917139817029237747e-03
5.917139351367950439e-03
5.917139817029237747e-03
5.917138885706663132e-03
5.917138420045375824e-03
5.917137954384088516e-03
5.917137488722801208e-03
5.917136557400226593e-03
5.917136557400226593e-03
5.917136091738939285e-03
5.917135626077651978e-03
5.917135160416364670e-03
5.917135160416364670e-03
5.917135160416364670e-03
5.917135160416364670e-03
5.917134694755077362e-03
5.917134229093790054e-03
5.917133297771215439e-03
5.917133297771215439e-03
5.917132366448640823e-03
5.917131900787353516e-03
5.917130503803491592e-03
5.917130503803491592e-03
5.917130969464778900e-03
5.917130503803491592e-03
5.917130038142204285e-03
5.917129572480916977e-03
5.917129106819629669e-03
5.917128641158342361e-03
5.917128175497055054e-03
5.917128175497055054e-03
5.917127244174480438e-03
5.917126312851905823e-03
5.917126312851905823e-03
5.917125847190618515e-03
5.917125381529331207e-03
5.917124450206756592e-03
5.917123984545469284e-03
5.917123984545469284e-03
5.917123518884181976e-03
5.917123518884181976e-03
5.917122121900320053e-03
5.917121656239032745e-03
5.917121656239032745e-03
5.917120724916458130e-03
5.917120724916458130e-03
5.917119793593883514e-03
5.917119793593883514e-03
5.917119327932596207e-03
5.917118862271308899e-03
5.917117930948734283e-03
5.917117465287446976e-03
5.917116999626159668e-03
5.917116068303585052e-03
5.917115602642297745e-03
5.917115602642297745e-03
5.917115136981010437e-03
5.917114671319723129e-03
5.917114205658435822e-03
5.917113739997148514e-03
5.917113274335861206e-03
5.917113274335861206e-03
5.917112808674573898e-03
5.917112343013286591e-03
5.917111877351999283e-03
5.917110946029424667e-03
5.917110014706850052e-03
5.917109083384275436e-03
5.917108617722988129e-03
5.917108617722988129e-03
5.917108617722988129e-03
5.917108617722988129e-03
5.917107220739126205e-03
5.917107220739126205e-03
5.917107220739126205e-03
5.917106289416551590e-03
5.917105823755264282e-03
5.917104892432689667e-03
5.917104892432689667e-03
5.917104426771402359e-03
5.917103495448827744e-03
5.917102564126253128e-03
5.917101167142391205e-03
5.917100701481103897e-03
5.917101167142391205e-03
5.917100701481103897e-03
5.917099770158529282e-03
5.917099304497241974e-03
5.917098838835954666e-03
5.917098373174667358e-03
5.917097907513380051e-03
5.917096510529518127e-03
5.917096510529518127e-03
5.917096510529518127e-03
5.917095579206943512e-03
5.917095113545656204e-03
5.917095113545656204e-03
5.917094182223081589e-03
5.917093716561794281e-03
5.917093716561794281e-03
5.917092319577932358e-03
5.917092319577932358e-03
5.917091388255357742e-03
5.917090922594070435e-03
5.917090456932783127e-03
5.917090456932783127e-03
5.917089059948921204e-03
5.917088594287633896e-03
5.917088594287633896e-03
5.917088128626346588e-03
5.917087197303771973e-03
5.917086265981197357e-03
5.917085800319910049e-03
5.917084868997335434e-03
5.917084868997335434e-03
5.917083937674760818e-03
5.917083006352186203e-03
5.917083006352186203e-03
5.917081609368324280e-03
5.917081609368324280e-03
5.917081143707036972e-03
5.917080678045749664e-03
5.917080212384462357e-03
5.917079746723175049e-03
5.917078815400600433e-03
5.917077884078025818e-03
5.917076952755451202e-03
5.917076952755451202e-03
5.917076021432876587e-03
5.917075555771589279e-03
5.917075090110301971e-03
5.917074624449014664e-03
5.917073693126440048e-03
5.917073227465152740e-03
5.917072296142578125e-03
5.917072296142578125e-03
5.917071830481290817e-03
5.917071364820003510e-03
5.917069967836141586e-03
5.917069036513566971e-03
5.917067173868417740e-03
5.917066708207130432e-03
5.917066708207130432e-03
5.917065776884555817e-03
5.917064845561981201e-03
5.917064379900693893e-03
5.917063914239406586e-03
5.917062982916831970e-03
5.917062517255544662e-03
5.917062517255544662e-03
5.917061120271682739e-03
5.917060654610395432e-03
5.917059723287820816e-03
5.917058791965246201e-03
5.917057860642671585e-03
5.917057394981384277e-03
5.917056463658809662e-03
5.917055997997522354e-03
5.917054601013660431e-03
5.917054135352373123e-03
5.917053204029798508e-03
5.917052272707223892e-03
5.917051807045936584e-03
5.917051341384649277e-03
5.917050875723361969e-03
5.917049944400787354e-03
5.917049013078212738e-03
5.917048081755638123e-03
5.917047616094350815e-03
5.917046684771776199e-03
5.917045753449201584e-03
5.917044822126626968e-03
5.917044822126626968e-03
5.917043890804052353e-03
5.917043425142765045e-03
5.917042028158903122e-03
5.917041096836328506e-03
5.917040631175041199e-03
5.917039699852466583e-03
5.917039699852466583e-03
5.917038768529891968e-03
5.917037371546030045e-03
5.917036905884742737e-03
5.917035974562168121e-03
5.917034111917018890e-03
5.917033180594444275e-03
5.917033180594444275e-03
5.917032714933156967e-03
5.917031317949295044e-03
5.917030852288007736e-03
5.917029455304145813e-03
5.917028523981571198e-03
5.917027592658996582e-03
5.917026661336421967e-03
5.917025264352560043e-03
5.917024798691272736e-03
5.917024333029985428e-03
5.917023401707410812e-03
5.917022936046123505e-03
5.917022004723548889e-03
5.917020607739686966e-03
5.917019676417112350e-03
5.917019210755825043e-03
5.917018279433250427e-03
5.917016416788101196e-03
5.917015951126813889e-03
5.917014088481664658e-03
5.917014088481664658e-03
5.917013157159090042e-03
5.917012225836515427e-03
5.917010828852653503e-03
5.917009897530078888e-03
5.917009431868791580e-03
5.917008034884929657e-03
5.917007103562355042e-03
5.917006637901067734e-03
5.917005706578493118e-03
5.917004309594631195e-03
5.917003378272056580e-03
5.917001981288194656e-03
5.917001515626907349e-03
5.917000118643045425e-03
5.916998721659183502e-03
5.916998255997896194e-03
5.916997324675321579e-03
5.916995927691459656e-03
5.916994996368885040e-03
5.916993599385023117e-03
5.916993133723735809e-03
5.916992202401161194e-03
5.916990339756011963e-03
5.916990339756011963e-03
5.916988942772150040e-03
5.916988011449575424e-03
5.916985683143138885e-03
5.916984286159276962e-03
5.916982423514127731e-03
5.916981492191553116e-03
5.916980095207691193e-03
5.916979163885116577e-03
5.916978232562541962e-03
5.916977301239967346e-03
5.916976369917392731e-03
5.916974972933530807e-03
5.916974041610956192e-03
5.916972644627094269e-03
5.916970781981945038e-03
5.916969850659370422e-03
5.916968919336795807e-03
5.916967056691646576e-03
5.916965659707784653e-03
5.916963797062635422e-03
5.916962400078773499e-03
5.916960537433624268e-03
5.916959140449762344e-03
5.916958209127187729e-03
5.916955880820751190e-03
5.916954949498176575e-03
5.916953552514314651e-03
5.916952621191740036e-03
5.916950758546590805e-03
5.916948895901441574e-03
5.916947498917579651e-03
5.916946567595005035e-03
5.916944704949855804e-03
5.916943773627281189e-03
5.916942376643419266e-03
5.916940513998270035e-03
5.916940048336982727e-03
5.916938185691833496e-03
5.916935857385396957e-03
5.916933529078960419e-03
5.916932132095098495e-03
5.916929803788661957e-03
5.916928406804800034e-03
5.916926544159650803e-03
5.916925147175788879e-03
5.916923750191926956e-03
5.916921421885490417e-03
5.916919559240341187e-03
5.916917696595191956e-03
5.916916765272617340e-03
5.916914436966180801e-03
5.916913039982318878e-03
5.916910711675882339e-03
5.916908383369445801e-03
5.916906520724296570e-03
5.916904658079147339e-03
5.916902795433998108e-03
5.916900467127561569e-03
5.916898604482412338e-03
5.916896276175975800e-03
5.916893947869539261e-03
5.916892085224390030e-03
5.916889756917953491e-03
5.916887894272804260e-03
5.916885565966367722e-03
5.916883237659931183e-03
5.916880909353494644e-03
5.916878581047058105e-03
5.916875787079334259e-03
5.916874855756759644e-03
5.916871130466461182e-03
5.916869267821311951e-03
5.916865542531013489e-03
5.916863214224576950e-03
5.916861817240715027e-03
5.916858557611703873e-03
5.916855763643980026e-03
5.916853900998830795e-03
5.916852038353681564e-03
5.916849244385957718e-03
5.916845984756946564e-03
5.916843190789222717e-03
5.916840396821498871e-03
5.916838068515062332e-03
5.916834808886051178e-03
5.916831549257040024e-03
5.916828755289316177e-03
5.916826426982879639e-03
5.916822236031293869e-03
5.916818976402282715e-03
5.916816648095846176e-03
5.916813388466835022e-03
5.916809663176536560e-03
5.916806403547525406e-03
5.916803143918514252e-03
5.916799884289503098e-03
5.916796158999204636e-03
5.916792433708906174e-03
5.916788708418607712e-03
5.916784517467021942e-03
5.916779860854148865e-03
5.916776601225137711e-03
5.916773341596126556e-03
5.916769150644540787e-03
5.916765425354242325e-03
5.916760768741369247e-03
5.916757043451070786e-03
5.916752852499485016e-03
5.916747264564037323e-03
5.916742607951164246e-03
5.916738416999578476e-03
5.916733760386705399e-03
5.916729103773832321e-03
5.916724447160959244e-03
5.916719324886798859e-03
5.916713736951351166e-03
5.916708149015903473e-03
5.916703492403030396e-03
5.916697438806295395e-03
5.916691850870847702e-03
5.916686262935400009e-03
5.916681140661239624e-03
5.916674621403217316e-03
5.916669033467769623e-03
5.916662048548460007e-03
5.916655994951725006e-03
5.916650407016277313e-03
5.916642956435680389e-03
5.916636437177658081e-03
5.916629452258348465e-03
5.916621536016464233e-03
5.916613619774580002e-03
5.916606169193983078e-03
5.916597321629524231e-03
5.916590336710214615e-03
5.916582420468330383e-03
5.916574504226446152e-03
5.916564259678125381e-03
5.916555412113666534e-03
5.916546564549207687e-03
5.916536785662174225e-03
5.916526541113853455e-03
5.916516296565532684e-03
5.916504655033349991e-03
5.916493479162454605e-03
5.916482768952846527e-03
5.916469730436801910e-03
5.916458088904619217e-03
5.916446447372436523e-03
5.916432943195104599e-03
5.916419904679059982e-03
5.916405469179153442e-03
5.916391499340534210e-03
5.916375666856765747e-03
5.916360300034284592e-03
5.916343536227941513e-03
5.916326306760311127e-03
5.916308145970106125e-03
5.916289985179901123e-03
5.916271358728408813e-03
5.916250869631767273e-03
5.916228052228689194e-03
5.916204303503036499e-03
5.916181951761245728e-03
5.916155409067869186e-03
5.916129797697067261e-03
5.916101392358541489e-03
5.916072987020015717e-03
5.916043650358915329e-03
5.916010122746229172e-03
5.915975198149681091e-03
5.915938410907983780e-03
5.915898364037275314e-03
5.915856454521417618e-03
5.915809888392686844e-03
5.915761925280094147e-03
5.915709771215915680e-03
5.915652494877576828e-03
5.915591493248939514e-03
5.915525369346141815e-03
5.915452726185321808e-03
5.915373563766479492e-03
5.915286019444465637e-03
5.915191024541854858e-03
5.915083456784486771e-03
5.914963781833648682e-03
5.914830137044191360e-03
5.914678797125816345e-03
5.914506968110799789e-03
5.914309527724981308e-03
5.914079956710338593e-03
5.913811270147562027e-03
5.913493689149618149e-03
5.913110915571451187e-03
5.912642460316419601e-03
5.912056658416986465e-03
5.911307409405708313e-03
5.910325329750776291e-03
5.908990744501352310e-03
5.907098297029733658e-03
5.904278717935085297e-03
5.899829324334859848e-03
5.892403423786163330e-03
5.879885982722043991e-03
5.862146150320768356e-03
5.848060827702283859e-03
5.842533893883228302e-03
5.839768331497907639e-03
5.837749689817428589e-03
5.836137570440769196e-03
5.834805313497781754e-03
5.833677947521209717e-03
5.832711234688758850e-03
5.831867922097444534e-03
5.831125658005475998e-03
5.830464884638786316e-03
5.829871632158756256e-03
5.829339381307363510e-03
5.828853696584701538e-03
5.828411784023046494e-03
5.828005727380514145e-03
5.827632732689380646e-03
5.827288608998060226e-03
5.826967768371105194e-03
5.826668813824653625e-03
5.826391745358705521e-03
5.826130509376525879e-03
5.825884640216827393e-03
5.825656000524759293e-03
5.825439933687448502e-03
5.825235042721033096e-03
5.825041793286800385e-03
5.824856925755739212e-03
5.824685562402009964e-03
5.824518389999866486e-03
5.824360996484756470e-03
5.824211519211530685e-03
5.824069026857614517e-03
5.823932122439146042e-03
5.823800805956125259e-03
5.823674611747264862e-03
5.823554471135139465e-03
5.823440384119749069e-03
5.823327694088220596e-03
5.823221988976001740e-03
5.823121871799230576e-03
5.823021754622459412e-03
5.822926294058561325e-03
5.822835024446249008e-03
5.822747945785522461e-03
5.822662264108657837e-03
5.822579376399517059e-03
5.822501610964536667e-03
5.822424776852130890e-03
5.822350736707448959e-03
5.822278093546628952e-03
