2.389592826366424561e-01
2.389610856771469116e-01
2.389637678861618042e-01
2.389658689498901367e-01
2.389690130949020386e-01
2.389714121818542480e-01
2.389750182628631592e-01
2.389777898788452148e-01
2.389819622039794922e-01
2.389852553606033325e-01
2.389899641275405884e-01
2.389938682317733765e-01
2.389992177486419678e-01
2.390039116144180298e-01
2.390100061893463135e-01
2.390155047178268433e-01
2.390224188566207886e-01
2.390288114547729492e-01
2.390365004539489746e-01
2.390438020229339600e-01
2.390521168708801270e-01
2.390603274106979370e-01
2.390689998865127563e-01
2.390776425600051880e-01
2.390859425067901611e-01
2.390941828489303589e-01
2.391010224819183350e-01
2.391075938940048218e-01
2.391114234924316406e-01
2.391145229339599609e-01
2.391134053468704224e-01
2.391111552715301514e-01
2.391033023595809937e-01
2.390941381454467773e-01
2.390786856412887573e-01
2.390622496604919434e-01
2.390407770872116089e-01
2.390201687812805176e-01
2.389986366033554077e-01
2.389808148145675659e-01
2.389665991067886353e-01
2.389565408229827881e-01
2.389502376317977905e-01
2.389461398124694824e-01
2.389436066150665283e-01
2.389421612024307251e-01
2.389408648014068604e-01
2.389404475688934326e-01
2.389394789934158325e-01
2.389395087957382202e-01
2.389386296272277832e-01
2.389387935400009155e-01
2.389379441738128662e-01
2.389382869005203247e-01
2.389373779296875000e-01
2.389378100633621216e-01
2.389369904994964600e-01
2.389373779296875000e-01
2.389366030693054199e-01
2.389370352029800415e-01
2.389362305402755737e-01
2.389367371797561646e-01
2.389359921216964722e-01
2.389364689588546753e-01
2.389357388019561768e-01
2.389362603425979614e-01
2.389355152845382690e-01
2.389361113309860229e-01
2.389353811740875244e-01
2.389359325170516968e-01
2.389352321624755859e-01
2.389358580112457275e-01
2.389351576566696167e-01
2.389357388019561768e-01
2.389351129531860352e-01
2.389357239007949829e-01
2.389350533485412598e-01
2.389357239007949829e-01
2.389350533485412598e-01
2.389357388019561768e-01
2.389350831508636475e-01
2.389357984066009521e-01
2.389351576566696167e-01
2.389358133077621460e-01
2.389352023601531982e-01
2.389358878135681152e-01
2.389352768659591675e-01
2.389359921216964722e-01
2.389353811740875244e-01
2.389360815286636353e-01
2.389355003833770752e-01
2.389362305402755737e-01
2.389356642961502075e-01
2.389363944530487061e-01
2.389358580112457275e-01
2.389365732669830322e-01
2.389360368251800537e-01
2.389367967844009399e-01
2.389363050460815430e-01
2.389369606971740723e-01
2.389364689588546753e-01
2.389372140169143677e-01
2.389366924762725830e-01
2.389374226331710815e-01
2.389369159936904907e-01
2.389376461505889893e-01
2.389371544122695923e-01
2.389379143714904785e-01
2.389374822378158569e-01
2.389382272958755493e-01
2.389377504587173462e-01
2.389384955167770386e-01
2.389380633831024170e-01
2.389387935400009155e-01
2.389383614063262939e-01
2.389391660690307617e-01
2.389387190341949463e-01
2.389394491910934448e-01
2.389390617609024048e-01
2.389398366212844849e-01
2.389394789934158325e-01
2.389402389526367188e-01
2.389399111270904541e-01
2.389406561851501465e-01
2.389403283596038818e-01
2.389410436153411865e-01
2.389407753944396973e-01
2.389415353536605835e-01
2.389413565397262573e-01
2.389420419931411743e-01
2.389418929815292358e-01
2.389426827430725098e-01
2.389425337314605713e-01
2.389432638883590698e-01
2.389433085918426514e-01
2.389439642429351807e-01
2.389440685510635376e-01
2.389448285102844238e-01
2.389450669288635254e-01
2.389458268880844116e-01
2.389462441205978394e-01
2.389470040798187256e-01
2.389476001262664795e-01
2.389484345912933350e-01
2.389492243528366089e-01
2.389501780271530151e-01
2.389512658119201660e-01
2.389523237943649292e-01
2.389537543058395386e-01
2.389550358057022095e-01
2.389569580554962158e-01
2.389585971832275391e-01
2.389610111713409424e-01
2.389631122350692749e-01
2.389662861824035645e-01
2.389690876007080078e-01
2.389732599258422852e-01
2.389771044254302979e-01
2.389826476573944092e-01
2.389879822731018066e-01
2.389954626560211182e-01
2.390032410621643066e-01
2.390134781599044800e-01
2.390250265598297119e-01
2.390395551919937134e-01
2.390571236610412598e-01
2.390782684087753296e-01
2.391048371791839600e-01
2.391353100538253784e-01
2.391730397939682007e-01
2.392116636037826538e-01
2.392538040876388550e-01
2.392865419387817383e-01
2.393134981393814087e-01
2.393234372138977051e-01
2.393261790275573730e-01
2.393163144588470459e-01
2.393026351928710938e-01
2.392809391021728516e-01
2.392565608024597168e-01
2.392248511314392090e-01
2.391903847455978394e-01
2.391468733549118042e-01
2.391016185283660889e-01
2.390483468770980835e-01
2.390010803937911987e-01
2.389584928750991821e-01
2.389329820871353149e-01
2.389189153909683228e-01
2.389130145311355591e-01
2.389104664325714111e-01
2.389091998338699341e-01
2.389084696769714355e-01
2.389079630374908447e-01
2.389075011014938354e-01
2.389071285724639893e-01
2.389067113399505615e-01
2.389063239097595215e-01
2.389059513807296753e-01
2.389056682586669922e-01
2.389053404331207275e-01
2.389050573110580444e-01
2.389046847820281982e-01
2.389044910669326782e-01
2.389041781425476074e-01
2.389039546251296997e-01
2.389037162065505981e-01
2.389034479856491089e-01
2.389032691717147827e-01
2.389031052589416504e-01
2.389028072357177734e-01
2.389026880264282227e-01
2.389024943113327026e-01
2.389023005962371826e-01
2.389020770788192749e-01
2.389019727706909180e-01
2.389018088579177856e-01
2.389016300439834595e-01
2.389014959335327148e-01
2.389014214277267456e-01
2.389012724161148071e-01
2.389011532068252563e-01
2.389010190963745117e-01
2.389009296894073486e-01
2.389008253812789917e-01
2.389007359743118286e-01
2.389005869626998901e-01
2.389005571603775024e-01
2.389004379510879517e-01
2.389004081487655640e-01
2.389003485441207886e-01
2.389002889394760132e-01
2.389001399278640747e-01
2.389000952243804932e-01
2.389000505208969116e-01
2.389000505208969116e-01
2.388999462127685547e-01
2.388999462127685547e-01
2.388999015092849731e-01
2.388998270034790039e-01
2.388998270034790039e-01
2.388998121023178101e-01
2.388997375965118408e-01
2.388997375965118408e-01
2.388997524976730347e-01
2.388997077941894531e-01
2.388996630907058716e-01
2.388997077941894531e-01
2.388996630907058716e-01
2.388997077941894531e-01
2.388996332883834839e-01
2.388996779918670654e-01
2.388996332883834839e-01
2.388996779918670654e-01
2.388997077941894531e-01
2.388997375965118408e-01
2.388996630907058716e-01
2.388997375965118408e-01
2.388997375965118408e-01
2.388997524976730347e-01
2.388997822999954224e-01
2.388997822999954224e-01
2.388998121023178101e-01
2.388998717069625854e-01
2.388999015092849731e-01
2.389000058174133301e-01
2.388999313116073608e-01
2.389000207185745239e-01
2.389000505208969116e-01
2.389000952243804932e-01
2.389001399278640747e-01
2.389001399278640747e-01
2.389001995325088501e-01
2.389002740383148193e-01
2.389003187417984009e-01
2.389003932476043701e-01
2.389004081487655640e-01
2.389004826545715332e-01
2.389005422592163086e-01
2.389006763696670532e-01
2.389007359743118286e-01
2.389008104801177979e-01
2.389008104801177979e-01
2.389008998870849609e-01
2.389009594917297363e-01
2.389011234045028687e-01
2.389010936021804810e-01
2.389012724161148071e-01
2.389012724161148071e-01
2.389014661312103271e-01
2.389014661312103271e-01
2.389015555381774902e-01
2.389016896486282349e-01
2.389018237590789795e-01
2.389018535614013672e-01
2.389020472764968872e-01
2.389021217823028564e-01
2.389022707939147949e-01
2.389023452997207642e-01
2.389024943113327026e-01
2.389025837182998657e-01
2.389027625322341919e-01
2.389029115438461304e-01
2.389030456542968750e-01
2.389031201601028442e-01
2.389033734798431396e-01
2.389034479856491089e-01
2.389037162065505981e-01
2.389038056135177612e-01
2.389041036367416382e-01
2.389041930437088013e-01
2.389044463634490967e-01
2.389046102762222290e-01
2.389048635959625244e-01
2.389051318168640137e-01
2.389054000377655029e-01
2.389056682586669922e-01
2.389060109853744507e-01
2.389063239097595215e-01
2.389067113399505615e-01
2.389071285724639893e-01
2.389075011014938354e-01
2.389080077409744263e-01
2.389085441827774048e-01
2.389091253280639648e-01
2.389097213745117188e-01
2.389105409383773804e-01
2.389113008975982666e-01
2.389122992753982544e-01
2.389133125543594360e-01
2.389146238565444946e-01
2.389159351587295532e-01
2.389176040887832642e-01
2.389193773269653320e-01
2.389216125011444092e-01
2.389240711927413940e-01
2.389270514249801636e-01
2.389304637908935547e-01
2.389345467090606689e-01
2.389394491910934448e-01
2.389451712369918823e-01
2.389523237943649292e-01
2.389606982469558716e-01
2.389715313911437988e-01
2.389841079711914062e-01
2.390010952949523926e-01
2.390208244323730469e-01
2.390482127666473389e-01
2.390801757574081421e-01
2.391232252120971680e-01
2.391709983348846436e-01
2.392267286777496338e-01
2.392759472131729126e-01
2.393154799938201904e-01
2.393360584974288940e-01
2.393410950899124146e-01
2.393366247415542603e-01
2.393220216035842896e-01
2.393062710762023926e-01
2.392817586660385132e-01
2.392578423023223877e-01
2.392251491546630859e-01
2.391907423734664917e-01
2.391485869884490967e-01
2.391014844179153442e-01
2.390512228012084961e-01
2.389996647834777832e-01
2.389584779739379883e-01
2.389290332794189453e-01
2.389144301414489746e-01
2.389076650142669678e-01
2.389049381017684937e-01
2.389036118984222412e-01
2.389029264450073242e-01
2.389024198055267334e-01
2.389020025730133057e-01
2.389016896486282349e-01
2.389013618230819702e-01
2.389010787010192871e-01
2.389007806777954102e-01
2.389005124568939209e-01
2.389002442359924316e-01
2.389000207185745239e-01
2.388997524976730347e-01
2.388995140790939331e-01
2.388992905616760254e-01
2.388990521430969238e-01
2.388988584280014038e-01
2.388986051082611084e-01
2.388984411954879761e-01
2.388982623815536499e-01
2.388980984687805176e-01
2.388979196548461914e-01
2.388977557420730591e-01
2.388976365327835083e-01
2.388974577188491821e-01
2.388973087072372437e-01
2.388971894979476929e-01
2.388970702886581421e-01
2.388969659805297852e-01
2.388968318700790405e-01
2.388966828584671021e-01
2.388966083526611328e-01
2.388965040445327759e-01
2.388964146375656128e-01
2.388962954282760620e-01
2.388962209224700928e-01
2.388961166143417358e-01
2.388960868120193481e-01
2.388959974050521851e-01
2.388959228992462158e-01
2.388958185911178589e-01
2.388958036899566650e-01
2.388956546783447266e-01
2.388956844806671143e-01
2.388955801725387573e-01
2.388955354690551758e-01
2.388955056667327881e-01
2.388954609632492065e-01
2.388953864574432373e-01
2.388953417539596558e-01
2.388952821493148804e-01
2.388952821493148804e-01
2.388952672481536865e-01
2.388952076435089111e-01
2.388951629400253296e-01
2.388951480388641357e-01
2.388950884342193604e-01
2.388950884342193604e-01
2.388950735330581665e-01
2.388950437307357788e-01
2.388950139284133911e-01
2.388950139284133911e-01
2.388950139284133911e-01
2.388950139284133911e-01
2.388949990272521973e-01
2.388949692249298096e-01
2.388949692249298096e-01
2.388950139284133911e-01
2.388949990272521973e-01
2.388949692249298096e-01
2.388949990272521973e-01
2.388949692249298096e-01
2.388949692249298096e-01
2.388949692249298096e-01
2.388949692249298096e-01
2.388949990272521973e-01
2.388949692249298096e-01
2.388949990272521973e-01
2.388950437307357788e-01
2.388950735330581665e-01
2.388950437307357788e-01
2.388950735330581665e-01
2.388950884342193604e-01
2.388951182365417480e-01
2.388951629400253296e-01
2.388951629400253296e-01
2.388951629400253296e-01
2.388951927423477173e-01
2.388952672481536865e-01
2.388952821493148804e-01
2.388953566551208496e-01
2.388953566551208496e-01
2.388953566551208496e-01
2.388954162597656250e-01
2.388954907655715942e-01
2.388955056667327881e-01
2.388955354690551758e-01
2.388955503702163696e-01
2.388956546783447266e-01
2.388956993818283081e-01
2.388957589864730835e-01
2.388958036899566650e-01
2.388958781957626343e-01
2.388959228992462158e-01
2.388960272073745728e-01
2.388960421085357666e-01
2.388961464166641235e-01
2.388961911201477051e-01
2.388963103294372559e-01
2.388963550329208374e-01
2.388964891433715820e-01
2.388965636491775513e-01
2.388966530561447144e-01
2.388967275619506836e-01
2.388969063758850098e-01
2.388969957828521729e-01
2.388971447944641113e-01
2.388972342014312744e-01
2.388974428176879883e-01
2.388975769281387329e-01
2.388977259397506714e-01
2.388979047536849976e-01
2.388981431722640991e-01
2.388983368873596191e-01
2.388985604047775269e-01
2.388988286256790161e-01
2.388990670442581177e-01
2.388994097709655762e-01
2.388997822999954224e-01
