1.796891540288925171e-01
1.800524294376373291e-01
1.797751933336257935e-01
1.800360232591629028e-01
1.798228174448013306e-01
1.800224483013153076e-01
1.798601597547531128e-01
1.800227016210556030e-01
1.799000948667526245e-01
1.800387650728225708e-01
1.799468696117401123e-01
1.800638586282730103e-01
1.799939870834350586e-01
1.800763756036758423e-01
1.800140291452407837e-01
1.800397038459777832e-01
1.799627393484115601e-01
1.799282282590866089e-01
1.798185110092163086e-01
1.797543764114379883e-01
1.796052306890487671e-01
1.795492023229598999e-01
1.793577820062637329e-01
1.793319284915924072e-01
1.790979206562042236e-01
1.791099458932876587e-01
1.788420081138610840e-01
1.788925230503082275e-01
1.786101162433624268e-01
1.786966770887374878e-01
1.784233450889587402e-01
1.785430163145065308e-01
1.782979518175125122e-01
1.784486770629882812e-01
1.782415807247161865e-01
1.784196346998214722e-01
1.782468557357788086e-01
1.784431338310241699e-01
1.782878786325454712e-01
1.784886866807937622e-01
1.783340126276016235e-01
1.785282045602798462e-01
1.783707737922668457e-01
1.785572320222854614e-01
1.784048229455947876e-01
1.785962283611297607e-01
1.784534156322479248e-01
1.786806136369705200e-01
1.785320043563842773e-01
1.788420826196670532e-01
1.786341965198516846e-01
1.790601462125778198e-01
1.787112355232238770e-01
1.792374998331069946e-01
1.787014454603195190e-01
1.792856007814407349e-01
1.786076873540878296e-01
1.792219877243041992e-01
1.784873157739639282e-01
1.791186183691024780e-01
1.783827990293502808e-01
1.790200024843215942e-01
1.783062368631362915e-01
1.789355278015136719e-01
1.782552599906921387e-01
1.788607686758041382e-01
1.782249659299850464e-01
1.787924468517303467e-01
1.782100647687911987e-01
1.787306815385818481e-01
1.782047748565673828e-01
1.786765307188034058e-01
1.782037913799285889e-01
1.786307841539382935e-01
1.782057136297225952e-01
1.785980761051177979e-01
1.782156229019165039e-01
1.785905361175537109e-01
1.782426685094833374e-01
1.786240786314010620e-01
1.782945990562438965e-01
1.787053495645523071e-01
1.783752441406250000e-01
1.788189411163330078e-01
1.784800589084625244e-01
1.789231598377227783e-01
1.785783469676971436e-01
1.789689660072326660e-01
1.786252707242965698e-01
1.789488345384597778e-01
1.786141544580459595e-01
1.788944900035858154e-01
1.785695850849151611e-01
1.788324862718582153e-01
1.785129904747009277e-01
1.787753403186798096e-01
1.784586608409881592e-01
1.787318736314773560e-01
1.784211248159408569e-01
1.787152886390686035e-01
1.784227341413497925e-01
1.787493228912353516e-01
1.785001158714294434e-01
1.788752377033233643e-01
1.787100136280059814e-01
1.791578382253646851e-01
1.791110783815383911e-01
1.796440482139587402e-01
1.796392202377319336e-01
1.801285445690155029e-01
1.799716949462890625e-01
1.802143454551696777e-01
1.799630224704742432e-01
1.799936592578887939e-01
1.798169761896133423e-01
1.797225773334503174e-01
1.796911805868148804e-01
1.795075386762619019e-01
1.796206980943679810e-01
1.793628036975860596e-01
1.795787364244461060e-01
1.792654246091842651e-01
1.795307397842407227e-01
1.791895627975463867e-01
1.794613301753997803e-01
1.791220754384994507e-01
1.793713420629501343e-01
1.790594309568405151e-01
1.792672425508499146e-01
1.790013909339904785e-01
1.791553050279617310e-01
1.789491176605224609e-01
1.790415793657302856e-01
1.789072901010513306e-01
1.789339482784271240e-01
1.788864135742187500e-01
1.788441389799118042e-01
1.789000481367111206e-01
1.787864565849304199e-01
1.789505183696746826e-01
1.787638366222381592e-01
1.790106147527694702e-01
1.787481904029846191e-01
1.790349036455154419e-01
1.787021756172180176e-01
1.790051907300949097e-01
1.786267459392547607e-01
1.789465844631195068e-01
1.785540580749511719e-01
1.788929700851440430e-01
1.785071790218353271e-01
1.788532286882400513e-01
1.784821897745132446e-01
1.788120269775390625e-01
1.784586608409881592e-01
1.787526905536651611e-01
1.784220039844512939e-01
1.786731481552124023e-01
1.783734560012817383e-01
1.785845160484313965e-01
1.783247292041778564e-01
1.785020679235458374e-01
1.782890111207962036e-01
1.784380674362182617e-01
1.782743632793426514e-01
1.783957034349441528e-01
1.782798767089843750e-01
1.783680468797683716e-01
1.782965660095214844e-01
1.783461719751358032e-01
1.783153861761093140e-01
1.783296167850494385e-01
1.783339530229568481e-01
1.783278137445449829e-01
1.783565133810043335e-01
1.783528625965118408e-01
1.783915460109710693e-01
1.784116923809051514e-01
1.784506589174270630e-01
1.785004585981369019e-01
1.785416454076766968e-01
1.786025613546371460e-01
1.786520332098007202e-01
1.786874979734420776e-01
1.787443757057189941e-01
1.787230074405670166e-01
1.787869334220886230e-01
1.787040829658508301e-01
1.787865757942199707e-01
1.786596029996871948e-01
1.787773370742797852e-01
1.786281615495681763e-01
1.787926703691482544e-01
1.786371618509292603e-01
1.788493841886520386e-01
1.786951720714569092e-01
1.789431869983673096e-01
1.787945628166198730e-01
1.790551692247390747e-01
1.789242029190063477e-01
1.791702955961227417e-01
1.790827512741088867e-01
1.792966127395629883e-01
1.792794466018676758e-01
1.794616729021072388e-01
1.795236766338348389e-01
1.796924322843551636e-01
1.798171401023864746e-01
1.799933016300201416e-01
1.801340430974960327e-01
1.803106516599655151e-01
1.803869754076004028e-01
1.805318892002105713e-01
1.804755926132202148e-01
1.805809885263442993e-01
1.803793162107467651e-01
1.804676204919815063e-01
1.801507174968719482e-01
1.802487075328826904e-01
1.798589527606964111e-01
1.799839287996292114e-01
1.795534491539001465e-01
1.797161102294921875e-01
1.792632788419723511e-01
1.794746667146682739e-01
1.790078580379486084e-01
1.792812943458557129e-01
1.788019835948944092e-01
1.791479438543319702e-01
1.786540001630783081e-01
1.790735125541687012e-01
1.785648912191390991e-01
1.790478825569152832e-01
1.785331219434738159e-01
1.790589541196823120e-01
1.785585582256317139e-01
1.790931820869445801e-01
1.786335110664367676e-01
1.791277229785919189e-01
1.787294745445251465e-01
1.791303902864456177e-01
1.788009107112884521e-01
1.790753602981567383e-01
1.788106411695480347e-01
1.789609789848327637e-01
1.787521690130233765e-01
1.788095682859420776e-01
1.786456108093261719e-01
1.786533147096633911e-01
1.785206943750381470e-01
1.785203069448471069e-01
1.784045249223709106e-01
1.784275472164154053e-01
1.783170700073242188e-01
1.783785969018936157e-01
1.782690137624740601e-01
1.783688664436340332e-01
1.782622486352920532e-01
1.783999204635620117e-01
1.783001273870468140e-01
1.784979254007339478e-01
1.784057170152664185e-01
1.787159740924835205e-01
1.786287426948547363e-01
1.790957301855087280e-01
1.789911687374114990e-01
1.795570701360702515e-01
1.793734580278396606e-01
1.798770874738693237e-01
1.795977354049682617e-01
1.799459755420684814e-01
1.796367615461349487e-01
1.798476874828338623e-01
1.795679032802581787e-01
1.796886026859283447e-01
1.794596761465072632e-01
1.795230209827423096e-01
1.793463826179504395e-01
1.793698221445083618e-01
1.792429685592651367e-01
1.792350411415100098e-01
1.791593432426452637e-01
1.791248023509979248e-01
1.791068911552429199e-01
1.790474504232406616e-01
1.790923625230789185e-01
1.790052205324172974e-01
1.791027635335922241e-01
1.789793223142623901e-01
1.791003942489624023e-01
1.789319217205047607e-01
1.790480315685272217e-01
1.788375824689865112e-01
1.789414882659912109e-01
1.787043511867523193e-01
1.788047254085540771e-01
1.785550713539123535e-01
1.786621510982513428e-01
1.784064918756484985e-01
1.785256415605545044e-01
1.782649159431457520e-01
1.783977448940277100e-01
1.781308799982070923e-01
1.782767623662948608e-01
1.780036687850952148e-01
1.781610399484634399e-01
1.778850406408309937e-01
1.780523508787155151e-01
1.777843087911605835e-01
1.779611557722091675e-01
1.777248829603195190e-01
1.779125034809112549e-01
1.777495592832565308e-01
1.779478937387466431e-01
1.779119074344635010e-01
1.781063526868820190e-01
1.782261282205581665e-01
1.783712208271026611e-01
1.786098033189773560e-01
1.786643266677856445e-01
1.789641678333282471e-01
1.789229959249496460e-01
1.792469471693038940e-01
1.790910214185714722e-01
1.794028878211975098e-01
1.791396141052246094e-01
1.794126033782958984e-01
1.790995746850967407e-01
1.793195903301239014e-01
1.790110766887664795e-01
1.791739463806152344e-01
1.788981407880783081e-01
1.790070235729217529e-01
1.787737309932708740e-01
1.788364797830581665e-01
1.786470264196395874e-01
1.786736696958541870e-01
1.785262376070022583e-01
1.785277128219604492e-01
1.784203350543975830e-01
1.784073859453201294e-01
1.783385574817657471e-01
1.783211976289749146e-01
1.782912015914916992e-01
1.782789975404739380e-01
1.782920360565185547e-01
1.782969087362289429e-01
1.783649921417236328e-01
1.784054934978485107e-01
1.785481125116348267e-01
1.786508709192276001e-01
1.788723319768905640e-01
1.790459305047988892e-01
1.792676299810409546e-01
1.794291436672210693e-01
1.795071959495544434e-01
1.795478463172912598e-01
1.794883906841278076e-01
1.794371157884597778e-01
1.793379038572311401e-01
1.792597621679306030e-01
1.791653633117675781e-01
1.790891587734222412e-01
1.790083050727844238e-01
1.789423376321792603e-01
1.788757741451263428e-01
1.788216084241867065e-01
1.787699759006500244e-01
1.787264943122863770e-01
1.786905825138092041e-01
1.786554604768753052e-01
1.786350756883621216e-01
1.786044687032699585e-01
1.785984933376312256e-01
1.785661429166793823e-01
1.785744130611419678e-01
1.785298585891723633e-01
1.785551309585571289e-01
1.784843802452087402e-01
1.785304099321365356e-01
1.784223914146423340e-01
1.784885078668594360e-01
1.783474683761596680e-01
1.784255057573318481e-01
1.782797873020172119e-01
1.783590316772460938e-01
1.782546639442443848e-01
1.783295869827270508e-01
1.783159822225570679e-01
1.783876717090606689e-01
1.785015314817428589e-01
1.785682141780853271e-01
1.788017600774765015e-01
1.788357943296432495e-01
1.791121512651443481e-01
1.790661662817001343e-01
1.792989671230316162e-01
1.791577935218811035e-01
1.793239116668701172e-01
1.791139394044876099e-01
1.792397946119308472e-01
1.789960414171218872e-01
1.791170388460159302e-01
1.788668036460876465e-01
1.790083795785903931e-01
1.787761300802230835e-01
1.789559423923492432e-01
1.787712126970291138e-01
1.790052503347396851e-01
1.789045333862304688e-01
1.792068630456924438e-01
1.792159974575042725e-01
1.795757114887237549e-01
1.796602010726928711e-01
1.799990236759185791e-01
1.800247281789779663e-01
1.802505105733871460e-01
1.801109164953231812e-01
1.802436709403991699e-01
1.799792796373367310e-01
1.800741553306579590e-01
1.797576844692230225e-01
1.798353940248489380e-01
1.795061081647872925e-01
1.795703619718551636e-01
1.792451590299606323e-01
1.792964488267898560e-01
1.789819896221160889e-01
1.790212839841842651e-01
1.787198185920715332e-01
1.787493228912353516e-01
1.784607172012329102e-01
1.784845143556594849e-01
1.782080829143524170e-01
1.782324314117431641e-01
1.779680401086807251e-01
1.780021339654922485e-01
1.777529865503311157e-01
1.778092235326766968e-01
1.775856316089630127e-01
1.776800006628036499e-01
1.775047779083251953e-01
1.776538938283920288e-01
1.775647997856140137e-01
1.777783334255218506e-01
1.778159737586975098e-01
1.780756264925003052e-01
1.782353818416595459e-01
1.784664541482925415e-01
1.786617785692214966e-01
1.787842214107513428e-01
1.789360344409942627e-01
1.789591014385223389e-01
1.790612488985061646e-01
1.790395677089691162e-01
1.791170239448547363e-01
1.790829896926879883e-01
1.791581362485885620e-01
1.791121512651443481e-01
1.791933625936508179e-01
1.791197806596755981e-01
1.792051941156387329e-01
1.790982633829116821e-01
1.791904270648956299e-01
1.790646910667419434e-01
1.791784465312957764e-01
1.790511757135391235e-01
1.792050600051879883e-01
1.790666282176971436e-01
1.792670041322708130e-01
1.790726035833358765e-01
1.793137639760971069e-01
1.790282130241394043e-01
1.793188899755477905e-01
1.789506822824478149e-01
1.793211698532104492e-01
1.789008527994155884e-01
1.793773323297500610e-01
1.789434254169464111e-01
1.795099973678588867e-01
1.791287809610366821e-01
1.796883493661880493e-01
1.794441193342208862e-01
1.798256486654281616e-01
1.797377318143844604e-01
1.798256635665893555e-01
1.798451840877532959e-01
1.796990185976028442e-01
1.797855049371719360e-01
1.795263886451721191e-01
1.796613186597824097e-01
1.793661117553710938e-01
1.795457452535629272e-01
1.792538613080978394e-01
1.794845163822174072e-01
1.792166680097579956e-01
1.795047670602798462e-01
1.792610287666320801e-01
1.795897185802459717e-01
1.793395876884460449e-01
