2.018716040765866637e-04
2.018715895246714354e-04
2.018715604208409786e-04
2.018715604208409786e-04
2.018715313170105219e-04
2.018715167650952935e-04
2.018715167650952935e-04
2.018715167650952935e-04
2.018715167650952935e-04
2.018715167650952935e-04
2.018714731093496084e-04
2.018714440055191517e-04
2.018714149016886950e-04
2.018714149016886950e-04
2.018714003497734666e-04
2.018713712459430099e-04
2.018713421421125531e-04
2.018713421421125531e-04
2.018713421421125531e-04
2.018712984863668680e-04
2.018712984863668680e-04
2.018712693825364113e-04
2.018712257267907262e-04
2.018711820710450411e-04
2.018711529672145844e-04
2.018711529672145844e-04
2.018711529672145844e-04
2.018711384152993560e-04
2.018711093114688993e-04
2.018711093114688993e-04
2.018710656557232141e-04
2.018709928961470723e-04
2.018709637923166156e-04
2.018709637923166156e-04
2.018709201365709305e-04
2.018709201365709305e-04
2.018709201365709305e-04
2.018708764808252454e-04
2.018708764808252454e-04
2.018708764808252454e-04
2.018708473769947886e-04
2.018708037212491035e-04
2.018708037212491035e-04
2.018707746174186468e-04
2.018707455135881901e-04
2.018707455135881901e-04
2.018707455135881901e-04
2.018707455135881901e-04
2.018707455135881901e-04
2.018707455135881901e-04
2.018707018578425050e-04
2.018707018578425050e-04
2.018706290982663631e-04
2.018705854425206780e-04
2.018705854425206780e-04
2.018705854425206780e-04
2.018705563386902213e-04
2.018705563386902213e-04
2.018705563386902213e-04
2.018705563386902213e-04
2.018705417867749929e-04
2.018704835791140795e-04
2.018704399233683944e-04
2.018704108195379376e-04
2.018703962676227093e-04
2.018703962676227093e-04
2.018703962676227093e-04
2.018703671637922525e-04
2.018703671637922525e-04
2.018703235080465674e-04
2.018702944042161107e-04
2.018702507484704256e-04
2.018701488850638270e-04
2.018701488850638270e-04
2.018701343331485987e-04
2.018701343331485987e-04
2.018701052293181419e-04
2.018701052293181419e-04
2.018700906774029136e-04
2.018700906774029136e-04
2.018700906774029136e-04
2.018700615735724568e-04
2.018700179178267717e-04
2.018700179178267717e-04
2.018699888139963150e-04
2.018699888139963150e-04
2.018699888139963150e-04
2.018699888139963150e-04
2.018699597101658583e-04
2.018699451582506299e-04
2.018699160544201732e-04
2.018698869505897164e-04
2.018698432948440313e-04
2.018698287429288030e-04
2.018698287429288030e-04
2.018697996390983462e-04
2.018697705352678895e-04
2.018697705352678895e-04
2.018697705352678895e-04
2.018697559833526611e-04
2.018696977756917477e-04
2.018696977756917477e-04
2.018696832237765193e-04
2.018696541199460626e-04
2.018696541199460626e-04
2.018696250161156058e-04
2.018696250161156058e-04
2.018696104642003775e-04
2.018695522565394640e-04
2.018695522565394640e-04
2.018695377046242356e-04
2.018694358412176371e-04
2.018694212893024087e-04
2.018693630816414952e-04
2.018693485297262669e-04
2.018693485297262669e-04
2.018693194258958101e-04
2.018693194258958101e-04
2.018693194258958101e-04
2.018693194258958101e-04
2.018692903220653534e-04
2.018692757701501250e-04
2.018692757701501250e-04
2.018692757701501250e-04
2.018692466663196683e-04
2.018692321144044399e-04
2.018692321144044399e-04
2.018692321144044399e-04
2.018691739067435265e-04
2.018691593548282981e-04
2.018691302509978414e-04
2.018691011471673846e-04
2.018690574914216995e-04
2.018690574914216995e-04
2.018690574914216995e-04
2.018690138356760144e-04
2.018690138356760144e-04
2.018690138356760144e-04
2.018689847318455577e-04
2.018689701799303293e-04
2.018689701799303293e-04
2.018689410760998726e-04
2.018689410760998726e-04
2.018689410760998726e-04
2.018689119722694159e-04
2.018688683165237308e-04
2.018688392126932740e-04
2.018688246607780457e-04
2.018687664531171322e-04
2.018687227973714471e-04
2.018687227973714471e-04
2.018687082454562187e-04
2.018686354858800769e-04
2.018686354858800769e-04
2.018686063820496202e-04
2.018686063820496202e-04
2.018685627263039351e-04
2.018685627263039351e-04
2.018685627263039351e-04
2.018685627263039351e-04
2.018685336224734783e-04
2.018685336224734783e-04
2.018685336224734783e-04
2.018685045186430216e-04
2.018685045186430216e-04
2.018685045186430216e-04
2.018684317590668797e-04
2.018683881033211946e-04
2.018683735514059663e-04
2.018683735514059663e-04
2.018683735514059663e-04
2.018683444475755095e-04
2.018683007918298244e-04
2.018683007918298244e-04
2.018683007918298244e-04
2.018683007918298244e-04
2.018682716879993677e-04
2.018682280322536826e-04
2.018681989284232259e-04
2.018681989284232259e-04
2.018681989284232259e-04
2.018681989284232259e-04
2.018681552726775408e-04
2.018681552726775408e-04
2.018681261688470840e-04
2.018681116169318557e-04
2.018680534092709422e-04
2.018680097535252571e-04
2.018679660977795720e-04
2.018679660977795720e-04
2.018679660977795720e-04
2.018679369939491153e-04
2.018678933382034302e-04
2.018678642343729734e-04
2.018678496824577451e-04
2.018678496824577451e-04
2.018678205786272883e-04
2.018678205786272883e-04
2.018677914747968316e-04
2.018677478190511465e-04
2.018677478190511465e-04
2.018677478190511465e-04
2.018677187152206898e-04
2.018677041633054614e-04
2.018676750594750047e-04
2.018676750594750047e-04
2.018676314037293196e-04
2.018676022998988628e-04
2.018675731960684061e-04
2.018675731960684061e-04
2.018675586441531777e-04
2.018675586441531777e-04
2.018675295403227210e-04
2.018675149884074926e-04
2.018675149884074926e-04
2.018674567807465792e-04
2.018674567807465792e-04
2.018674131250008941e-04
2.018674131250008941e-04
2.018673840211704373e-04
2.018673840211704373e-04
2.018673403654247522e-04
2.018673112615942955e-04
2.018673112615942955e-04
2.018673112615942955e-04
2.018672967096790671e-04
2.018672530539333820e-04
2.018672530539333820e-04
2.018672530539333820e-04
2.018671948462724686e-04
2.018671802943572402e-04
2.018671511905267835e-04
2.018671220866963267e-04
2.018670784309506416e-04
2.018670784309506416e-04
2.018670493271201849e-04
2.018670493271201849e-04
2.018670347752049565e-04
2.018670347752049565e-04
2.018670056713744998e-04
2.018669911194592714e-04
2.018669620156288147e-04
2.018669183598831296e-04
2.018669183598831296e-04
2.018669183598831296e-04
2.018668892560526729e-04
2.018668601522222161e-04
2.018668601522222161e-04
2.018668456003069878e-04
2.018668164964765310e-04
2.018668164964765310e-04
2.018667728407308459e-04
2.018667728407308459e-04
2.018667437369003892e-04
2.018667291849851608e-04
2.018667000811547041e-04
2.018666709773242474e-04
2.018666273215785623e-04
2.018665836658328772e-04
2.018665836658328772e-04
2.018665545620024204e-04
2.018665545620024204e-04
2.018665545620024204e-04
2.018665545620024204e-04
2.018665254581719637e-04
2.018664818024262786e-04
2.018664818024262786e-04
2.018664526985958219e-04
2.018664526985958219e-04
2.018664381466805935e-04
2.018664381466805935e-04
2.018663653871044517e-04
2.018663653871044517e-04
2.018663362832739949e-04
2.018662926275283098e-04
2.018662926275283098e-04
2.018662635236978531e-04
2.018662489717826247e-04
2.018662489717826247e-04
2.018661907641217113e-04
2.018661907641217113e-04
2.018661762122064829e-04
2.018661762122064829e-04
2.018661762122064829e-04
2.018661471083760262e-04
2.018661034526303411e-04
2.018661034526303411e-04
2.018661034526303411e-04
2.018660743487998843e-04
2.018660597968846560e-04
2.018660597968846560e-04
2.018660597968846560e-04
2.018659870373085141e-04
2.018659288296476007e-04
2.018659142777323723e-04
2.018658706219866872e-04
2.018658415181562304e-04
2.018658415181562304e-04
2.018658415181562304e-04
2.018658124143257737e-04
2.018658124143257737e-04
2.018657978624105453e-04
2.018657978624105453e-04
2.018657978624105453e-04
2.018657251028344035e-04
2.018657251028344035e-04
2.018657251028344035e-04
2.018657251028344035e-04
2.018657251028344035e-04
2.018656959990039468e-04
2.018656668951734900e-04
2.018656523432582617e-04
2.018656086875125766e-04
2.018655068241059780e-04
2.018655068241059780e-04
2.018654777202755213e-04
2.018654631683602929e-04
2.018654631683602929e-04
2.018654049606993794e-04
2.018654049606993794e-04
2.018654049606993794e-04
2.018654049606993794e-04
2.018653904087841511e-04
2.018653613049536943e-04
2.018653322011232376e-04
2.018653322011232376e-04
2.018653322011232376e-04
2.018653322011232376e-04
2.018653176492080092e-04
2.018652885453775525e-04
2.018652448896318674e-04
2.018652157858014107e-04
2.018651721300557256e-04
2.018651430262252688e-04
2.018650702666491270e-04
2.018650702666491270e-04
2.018650702666491270e-04
2.018650557147338986e-04
2.018650557147338986e-04
2.018650266109034419e-04
2.018650266109034419e-04
2.018650266109034419e-04
2.018650120589882135e-04
2.018649829551577568e-04
2.018649392994120717e-04
2.018649392994120717e-04
2.018649101955816150e-04
2.018649101955816150e-04
2.018649101955816150e-04
2.018648810917511582e-04
2.018648665398359299e-04
2.018648665398359299e-04
2.018647937802597880e-04
2.018647937802597880e-04
2.018647501245141029e-04
2.018646919168531895e-04
2.018646773649379611e-04
2.018646482611075044e-04
2.018646482611075044e-04
2.018646482611075044e-04
2.018646482611075044e-04
2.018646191572770476e-04
2.018646046053618193e-04
2.018646046053618193e-04
2.018645755015313625e-04
2.018645755015313625e-04
2.018645755015313625e-04
2.018645463977009058e-04
2.018645463977009058e-04
2.018645027419552207e-04
2.018644590862095356e-04
2.018644590862095356e-04
2.018643863266333938e-04
2.018643572228029370e-04
2.018643572228029370e-04
2.018643135670572519e-04
2.018643135670572519e-04
2.018642844632267952e-04
2.018642844632267952e-04
2.018642699113115668e-04
2.018642699113115668e-04
2.018642408074811101e-04
2.018642117036506534e-04
2.018641971517354250e-04
2.018641971517354250e-04
2.018641534959897399e-04
2.018641534959897399e-04
2.018641534959897399e-04
2.018641243921592832e-04
2.018640952883288264e-04
2.018640952883288264e-04
2.018640807364135981e-04
2.018640225287526846e-04
2.018640225287526846e-04
2.018640079768374562e-04
2.018639497691765428e-04
2.018639497691765428e-04
2.018639061134308577e-04
2.018638915615156293e-04
2.018638915615156293e-04
2.018638915615156293e-04
2.018638333538547158e-04
2.018638333538547158e-04
2.018638188019394875e-04
2.018638188019394875e-04
2.018637896981090307e-04
2.018637896981090307e-04
2.018637605942785740e-04
2.018637460423633456e-04
2.018636878347024322e-04
2.018636878347024322e-04
2.018636732827872038e-04
2.018636296270415187e-04
2.018636296270415187e-04
2.018636005232110620e-04
2.018635568674653769e-04
2.018635568674653769e-04
2.018634986598044634e-04
2.018634986598044634e-04
2.018634986598044634e-04
2.018634841078892350e-04
2.018634550040587783e-04
2.018634550040587783e-04
2.018633822444826365e-04
2.018633822444826365e-04
2.018633822444826365e-04
2.018633822444826365e-04
2.018633531406521797e-04
2.018633385887369514e-04
2.018633385887369514e-04
2.018633385887369514e-04
2.018633385887369514e-04
2.018632367253303528e-04
2.018632367253303528e-04
2.018632221734151244e-04
2.018631930695846677e-04
2.018631930695846677e-04
2.018631639657542109e-04
2.018631494138389826e-04
2.018631203100085258e-04
2.018631203100085258e-04
2.018630912061780691e-04
2.018630766542628407e-04
2.018630038946866989e-04
2.018630038946866989e-04
2.018630038946866989e-04
2.018630038946866989e-04
2.018629747908562422e-04
2.018629311351105571e-04
2.018629311351105571e-04
2.018629020312801003e-04
2.018629020312801003e-04
2.018628874793648720e-04
2.018628583755344152e-04
2.018628583755344152e-04
2.018628147197887301e-04
2.018628147197887301e-04
2.018627856159582734e-04
2.018627710640430450e-04
2.018627419602125883e-04
2.018627128563821316e-04
2.018627128563821316e-04
2.018626400968059897e-04
2.018626400968059897e-04
2.018626255448907614e-04
2.018626255448907614e-04
2.018626255448907614e-04
2.018626255448907614e-04
2.018625673372298479e-04
2.018625527853146195e-04
2.018625527853146195e-04
2.018625527853146195e-04
2.018625236814841628e-04
2.018624800257384777e-04
2.018624800257384777e-04
2.018624363699927926e-04
2.018624363699927926e-04
2.018624363699927926e-04
2.018623781623318791e-04
2.018623636104166508e-04
2.018623636104166508e-04
2.018622908508405089e-04
2.018622908508405089e-04
2.018622617470100522e-04
2.018622326431795955e-04
2.018622326431795955e-04
2.018622180912643671e-04
2.018622180912643671e-04
2.018621889874339104e-04
2.018621453316882253e-04
2.018621453316882253e-04
2.018621453316882253e-04
2.018621162278577685e-04
2.018621016759425402e-04
2.018620434682816267e-04
2.018620434682816267e-04
2.018620434682816267e-04
2.018620434682816267e-04
2.018620289163663983e-04
2.018619998125359416e-04
