3.835869207978248596e-02
3.835866227746009827e-02
3.835863992571830750e-02
3.835860639810562134e-02
3.835858032107353210e-02
3.835855424404144287e-02
3.835853189229965210e-02
3.835850581526756287e-02
3.835847973823547363e-02
3.835845366120338440e-02
3.835842758417129517e-02
3.835840523242950439e-02
3.835837915539741516e-02
3.835835680365562439e-02
3.835832700133323669e-02
3.835830092430114746e-02
3.835827484726905823e-02
3.835825249552726746e-02
3.835822641849517822e-02
3.835819661617279053e-02
3.835817053914070129e-02
3.835814818739891052e-02
3.835812211036682129e-02
3.835809230804443359e-02
3.835806250572204590e-02
3.835804387927055359e-02
3.835800662636756897e-02
3.835798427462577820e-02
3.835796564817428589e-02
3.835793584585189819e-02
3.835791349411010742e-02
3.835788369178771973e-02
3.835786506533622742e-02
3.835783153772354126e-02
3.835780546069145203e-02
3.835777565836906433e-02
3.835775330662727356e-02
3.835773468017578125e-02
3.835770487785339355e-02
3.835767135024070740e-02
3.835765272378921509e-02
3.835762292146682739e-02
3.835760056972503662e-02
3.835757449269294739e-02
3.835754469037055969e-02
3.835751861333847046e-02
3.835749998688697815e-02
3.835747018456459045e-02
3.835744410753250122e-02
3.835741430521011353e-02
3.835738822817802429e-02
3.835736587643623352e-02
3.835733607411384583e-02
3.835731372237205505e-02
3.835728764533996582e-02
3.835726529359817505e-02
3.835723176598548889e-02
3.835720941424369812e-02
3.835718333721160889e-02
3.835716471076011658e-02
3.835713118314743042e-02
3.835710510611534119e-02
3.835707530379295349e-02
3.835705667734146118e-02
3.835703432559967041e-02
3.835700824856758118e-02
3.835697472095489502e-02
3.835695236921310425e-02
3.835692629218101501e-02
3.835690394043922424e-02
3.835687413811683655e-02
3.835685178637504578e-02
3.835682570934295654e-02
3.835679590702056885e-02
3.835677355527877808e-02
3.835674375295639038e-02
3.835672140121459961e-02
3.835668787360191345e-02
3.835666179656982422e-02
3.835663944482803345e-02
3.835661709308624268e-02
3.835659846663475037e-02
3.835656866431236267e-02
3.835653886198997498e-02
3.835651651024818420e-02
3.835649415850639343e-02
3.835646808147430420e-02
3.835643082857131958e-02
3.835641592741012573e-02
3.835638612508773804e-02
3.835636749863624573e-02
3.835633769631385803e-02
3.835630044341087341e-02
3.835627809166908264e-02
3.835625573992729187e-02
3.835623338818550110e-02
3.835619986057281494e-02
3.835617750883102417e-02
3.835615143179893494e-02
3.835612535476684570e-02
3.835609927773475647e-02
3.835607320070266724e-02
3.835604339838027954e-02
3.835601732134819031e-02
3.835599869489669800e-02
3.835596516728401184e-02
3.835594654083251953e-02
3.835591301321983337e-02
3.835589438676834106e-02
3.835586458444595337e-02
3.835583478212356567e-02
3.835580870509147644e-02
3.835579007863998413e-02
3.835576400160789490e-02
3.835573419928550720e-02
3.835570812225341797e-02
3.835568204522132874e-02
3.835565224289894104e-02
3.835562989115715027e-02
3.835560381412506104e-02
3.835558146238327026e-02
3.835555538535118103e-02
3.835552185773849487e-02
3.835550323128700256e-02
3.835548087954521179e-02
3.835545480251312256e-02
3.835542500019073486e-02
3.835539892315864563e-02
3.835538402199745178e-02
3.835535049438476562e-02
3.835532814264297485e-02
3.835529461503028870e-02
3.835527226328849792e-02
3.835524991154670715e-02
3.835522383451461792e-02
3.835520148277282715e-02
3.835516422986984253e-02
3.835514187812805176e-02
3.835511580109596252e-02
3.835508972406387329e-02
3.835506364703178406e-02
3.835503756999969482e-02
3.835501894354820251e-02
3.835498914122581482e-02
3.835496678948402405e-02
3.835493326187133789e-02
3.835490718483924866e-02
3.835488110780715942e-02
3.835485875606536865e-02
3.835483267903327942e-02
3.835480660200119019e-02
3.835477679967880249e-02
3.835475444793701172e-02
3.835472837090492249e-02
3.835470601916313171e-02
3.835467994213104248e-02
3.835464641451835632e-02
3.835462406277656555e-02
3.835459798574447632e-02
3.835457563400268555e-02
3.835454955697059631e-02
3.835451975464820862e-02
3.835449367761611938e-02
3.835447505116462708e-02
3.835444897413253784e-02
3.835441544651985168e-02
3.835439309477806091e-02
3.835436701774597168e-02
3.835434094071388245e-02
3.835432231426239014e-02
3.835428506135940552e-02
3.835425898432731628e-02
3.835423663258552551e-02
3.835420683026313782e-02
3.835418820381164551e-02
3.835415467619895935e-02
3.835413232445716858e-02
3.835410624742507935e-02
3.835408017039299011e-02
3.835405409336090088e-02
3.835402056574821472e-02
3.835400566458702087e-02
3.835397958755493164e-02
3.835395351052284241e-02
3.835391998291015625e-02
3.835389390587806702e-02
3.835387527942657471e-02
3.835384547710418701e-02
3.835382312536239624e-02
3.835379704833030701e-02
3.835376724600791931e-02
3.835374489426612854e-02
3.835371881723403931e-02
3.835370019078254700e-02
3.835367038846015930e-02
3.835364431142807007e-02
3.835361450910568237e-02
3.835358843207359314e-02
3.835356608033180237e-02
3.835354000329971313e-02
3.835351392626762390e-02
3.835348412394523621e-02
3.835346177220344543e-02
3.835343196988105774e-02
3.835341334342956543e-02
3.835338354110717773e-02
3.835335746407508850e-02
3.835333138704299927e-02
3.835330158472061157e-02
3.835327923297882080e-02
3.835324943065643311e-02
3.835322707891464233e-02
3.835320472717285156e-02
3.835317865014076233e-02
3.835315257310867310e-02
3.835312649607658386e-02
3.835310041904449463e-02
3.835307434201240540e-02
3.835304453969001770e-02
3.835302591323852539e-02
3.835299983620643616e-02
3.835296630859375000e-02
3.835294395685195923e-02
3.835292160511016846e-02
3.835290297865867615e-02
3.835286572575569153e-02
3.835283964872360229e-02
3.835281357169151306e-02
3.835279121994972229e-02
3.835276514291763306e-02
3.835273906588554382e-02
3.835270926356315613e-02
3.835268691182136536e-02
3.835266456007957458e-02
3.835263848304748535e-02
3.835260495543479919e-02
3.835258632898330688e-02
3.835256025195121765e-02
3.835253417491912842e-02
3.835250064730644226e-02
3.835247829556465149e-02
3.835245221853256226e-02
3.835242986679077148e-02
3.835240006446838379e-02
3.835237771272659302e-02
3.835235163569450378e-02
3.835232555866241455e-02
3.835229948163032532e-02
3.835227712988853455e-02
3.835224732756614685e-02
3.835221379995346069e-02
3.835219889879226685e-02
3.835217282176017761e-02
3.835214674472808838e-02
3.835212066769599915e-02
3.835209831595420837e-02
3.835206851363182068e-02
3.835203871130943298e-02
3.835202008485794067e-02
3.835199400782585144e-02
3.835196793079376221e-02
3.835194185376167297e-02
3.835191205143928528e-02
3.835189342498779297e-02
3.835185989737510681e-02
3.835183754563331604e-02
3.835180401802062988e-02
3.835178539156913757e-02
3.835176303982734680e-02
3.835172951221466064e-02
3.835170716047286987e-02
3.835167735815048218e-02
3.835165873169898987e-02
3.835162892937660217e-02
3.835159912705421448e-02
3.835157677531242371e-02
3.835155442357063293e-02
3.835153207182884216e-02
3.835150599479675293e-02
3.835147246718406677e-02
3.835144639015197754e-02
3.835142031311988831e-02
3.835139796137809753e-02
3.835137188434600830e-02
3.835134208202362061e-02
3.835131973028182983e-02
3.835129365324974060e-02
3.835126757621765137e-02
3.835123777389526367e-02
3.835121542215347290e-02
3.835119307041168213e-02
3.835116699337959290e-02
3.835113346576690674e-02
3.835111111402511597e-02
3.835108503699302673e-02
3.835106268525123596e-02
3.835103660821914673e-02
3.835101425647735596e-02
3.835098445415496826e-02
3.835095837712287903e-02
3.835093975067138672e-02
3.835090622305870056e-02
3.835088387131690979e-02
3.835085406899452209e-02
3.835083171725273132e-02
3.835080564022064209e-02
3.835077583789825439e-02
3.835074976086616516e-02
3.835072740912437439e-02
3.835070133209228516e-02
3.835067525506019592e-02
3.835064545273780823e-02
3.835062310099601746e-02
3.835059702396392822e-02
3.835057467222213745e-02
3.835054859519004822e-02
3.835052251815795898e-02
3.835049271583557129e-02
3.835046663880348206e-02
3.835044428706169128e-02
3.835041448473930359e-02
3.835039213299751282e-02
3.835036605596542358e-02
3.835033997893333435e-02
3.835031762719154358e-02
3.835028782486915588e-02
3.835026919841766357e-02
3.835023939609527588e-02
3.835021331906318665e-02
3.835018351674079895e-02
3.835016489028930664e-02
3.835013881325721741e-02
3.835010901093482971e-02
3.835008665919303894e-02
3.835005685687065125e-02
3.835003823041915894e-02
3.835001215338706970e-02
3.834997862577438354e-02
3.834995627403259277e-02
3.834993019700050354e-02
3.834989666938781738e-02
3.834987059235572815e-02
3.834984824061393738e-02
3.834982588887214661e-02
3.834979608654975891e-02
3.834977000951766968e-02
3.834975138306617737e-02
3.834972530603408813e-02
3.834969922900199890e-02
3.834966942667961121e-02
3.834964707493782043e-02
3.834962844848632812e-02
3.834959119558334351e-02
3.834956884384155273e-02
3.834954276680946350e-02
3.834951668977737427e-02
3.834949433803558350e-02
3.834946453571319580e-02
3.834943845868110657e-02
3.834941610693931580e-02
3.834939375519752502e-02
3.834937140345573425e-02
3.834933787584304810e-02
3.834930807352066040e-02
3.834927827119827271e-02
3.834926337003707886e-02
3.834924101829528809e-02
3.834920749068260193e-02
3.834917768836021423e-02
3.834915906190872192e-02
3.834913298487663269e-02
3.834910690784454346e-02
3.834908083081245422e-02
3.834905475378036499e-02
3.834903240203857422e-02
3.834900632500648499e-02
3.834897279739379883e-02
3.834895044565200806e-02
3.834893181920051575e-02
3.834890201687812805e-02
3.834887593984603882e-02
3.834884241223335266e-02
3.834882378578186035e-02
3.834879770874977112e-02
3.834877163171768188e-02
3.834874927997589111e-02
3.834871947765350342e-02
3.834870085120201111e-02
3.834867104887962341e-02
3.834864124655723572e-02
3.834861889481544495e-02
3.834858909249305725e-02
3.834857046604156494e-02
3.834853693842887878e-02
3.834851458668708801e-02
3.834849223494529724e-02
3.834846615791320801e-02
3.834843635559082031e-02
3.834841400384902954e-02
3.834838420152664185e-02
3.834836184978485107e-02
3.834833949804306030e-02
3.834831342101097107e-02
3.834828361868858337e-02
3.834825009107589722e-02
3.834823146462440491e-02
3.834820538759231567e-02
3.834817931056022644e-02
3.834815323352813721e-02
3.834813088178634644e-02
3.834810853004455566e-02
3.834807872772216797e-02
3.834805265069007874e-02
3.834803029894828796e-02
3.834799677133560181e-02
3.834797814488410950e-02
3.834794461727142334e-02
3.834792599081993103e-02
3.834789991378784180e-02
3.834787383675575256e-02
3.834785148501396179e-02
3.834781795740127563e-02
3.834780305624008179e-02
3.834776952862739563e-02
3.834774717688560486e-02
3.834771364927291870e-02
3.834769129753112793e-02
3.834766522049903870e-02
3.834764286875724792e-02
3.834760561585426331e-02
3.834759071469306946e-02
3.834756091237068176e-02
3.834753856062889099e-02
3.834751248359680176e-02
3.834748640656471252e-02
3.834746405482292175e-02
3.834743797779083252e-02
3.834741190075874329e-02
3.834737837314605713e-02
3.834735974669456482e-02
3.834733739495277405e-02
3.834731131792068481e-02
3.834728524088859558e-02
3.834724798798561096e-02
3.834723308682441711e-02
3.834720328450202942e-02
3.834718465805053711e-02
3.834715113043785095e-02
3.834712877869606018e-02
3.834711015224456787e-02
3.834708034992218018e-02
3.834705799818038940e-02
3.834702819585800171e-02
3.834699839353561401e-02
3.834697976708412170e-02
3.834694996476173401e-02
3.834692016243934631e-02
3.834689781069755554e-02
3.834686800837516785e-02
3.834684565663337708e-02
3.834681957960128784e-02
3.834679350256919861e-02
3.834677115082740784e-02
3.834674507379531860e-02
3.834671527147293091e-02
3.834667801856994629e-02
3.834666684269905090e-02
3.834664449095726013e-02
3.834661096334457397e-02
3.834658116102218628e-02
3.834655880928039551e-02
3.834654018282890320e-02
3.834651410579681396e-02
3.834649547934532166e-02
3.834645450115203857e-02
3.834643587470054626e-02
3.834640979766845703e-02
3.834638744592666626e-02
3.834635764360427856e-02
3.834632784128189087e-02
3.834630921483039856e-02
3.834628313779830933e-02
3.834626078605651855e-02
3.834622725844383240e-02
3.834620118141174316e-02
3.834617510437965393e-02
3.834615647792816162e-02
3.834612667560577393e-02
3.834610059857368469e-02
3.834607452154159546e-02
3.834605589509010315e-02
3.834602981805801392e-02
3.834600374102592468e-02
3.834597766399383545e-02
3.834594786167144775e-02
3.834592923521995544e-02
3.834589943289756775e-02
3.834587335586547852e-02
3.834584727883338928e-02
3.834581747651100159e-02
