2.293440848588943481e-01
2.293426990509033203e-01
2.293450385332107544e-01
2.293436229228973389e-01
2.293458431959152222e-01
2.293443828821182251e-01
2.293464392423629761e-01
2.293449491262435913e-01
2.293468564748764038e-01
2.293452322483062744e-01
2.293470650911331177e-01
2.293454110622406006e-01
2.293471693992614746e-01
2.293453663587570190e-01
2.293469458818435669e-01
2.293451130390167236e-01
2.293465882539749146e-01
2.293446958065032959e-01
2.293460518121719360e-01
2.293441444635391235e-01
2.293454408645629883e-01
2.293434143066406250e-01
2.293446809053421021e-01
2.293426543474197388e-01
2.293438017368316650e-01
2.293417304754257202e-01
2.293428182601928711e-01
2.293408513069152832e-01
2.293419688940048218e-01
2.293400168418884277e-01
2.293410897254943848e-01
2.293391674757003784e-01
2.293403595685958862e-01
2.293385565280914307e-01
2.293397635221481323e-01
2.293381541967391968e-01
2.293395251035690308e-01
2.293381392955780029e-01
2.293397188186645508e-01
2.293386161327362061e-01
2.293404340744018555e-01
2.293397486209869385e-01
2.293419986963272095e-01
2.293417006731033325e-01
2.293445318937301636e-01
2.293448299169540405e-01
2.293484061956405640e-01
2.293495386838912964e-01
2.293539792299270630e-01
2.293560504913330078e-01
2.293617129325866699e-01
2.293649613857269287e-01
2.293721139430999756e-01
2.293768078088760376e-01
2.293857932090759277e-01
2.293919473886489868e-01
2.294028550386428833e-01
2.294105887413024902e-01
2.294236123561859131e-01
2.294325381517410278e-01
2.294474095106124878e-01
2.294569760560989380e-01
2.294732481241226196e-01
2.294822782278060913e-01
2.294990271329879761e-01
2.295062988996505737e-01
2.295225560665130615e-01
2.295269519090652466e-01
2.295417189598083496e-01
2.295424789190292358e-01
2.295551300048828125e-01
2.295521497726440430e-01
2.295623570680618286e-01
2.295560538768768311e-01
2.295638918876647949e-01
2.295551300048828125e-01
2.295607477426528931e-01
2.295503914356231689e-01
2.295541018247604370e-01
2.295429408550262451e-01
2.295449227094650269e-01
2.295336425304412842e-01
2.295341342687606812e-01
2.295230925083160400e-01
2.295222729444503784e-01
2.295118123292922974e-01
2.295098155736923218e-01
2.295000255107879639e-01
2.294971495866775513e-01
2.294880300760269165e-01
2.294843792915344238e-01
2.294760495424270630e-01
2.294718772172927856e-01
2.294642031192779541e-01
2.294595688581466675e-01
2.294525355100631714e-01
2.294478267431259155e-01
2.294413298368453979e-01
2.294366210699081421e-01
2.294306159019470215e-01
2.294260561466217041e-01
2.294205576181411743e-01
2.294161319732666016e-01
2.294111102819442749e-01
2.294071018695831299e-01
2.294024229049682617e-01
2.293988466262817383e-01
2.293945550918579102e-01
2.293915599584579468e-01
2.293874770402908325e-01
2.293850034475326538e-01
2.293812781572341919e-01
2.293793708086013794e-01
2.293758988380432129e-01
2.293746024370193481e-01
2.293712943792343140e-01
2.293705791234970093e-01
2.293675094842910767e-01
2.293674349784851074e-01
2.293644994497299194e-01
2.293649464845657349e-01
2.293622493743896484e-01
2.293631881475448608e-01
2.293606996536254883e-01
2.293621152639389038e-01
2.293596714735031128e-01
2.293615937232971191e-01
2.293593287467956543e-01
2.293616980314254761e-01
2.293594777584075928e-01
2.293622344732284546e-01
2.293601036071777344e-01
2.293632328510284424e-01
2.293611317873001099e-01
2.293645739555358887e-01
2.293625026941299438e-01
2.293662279844284058e-01
2.293641567230224609e-01
2.293681949377059937e-01
2.293660938739776611e-01
2.293702811002731323e-01
2.293681651353836060e-01
2.293725609779357910e-01
2.293703407049179077e-01
2.293749302625656128e-01
2.293726354837417603e-01
2.293773740530014038e-01
2.293749749660491943e-01
2.293797135353088379e-01
2.293772697448730469e-01
2.293820977210998535e-01
2.293795347213745117e-01
2.293843775987625122e-01
2.293816953897476196e-01
2.293865233659744263e-01
2.293836921453475952e-01
2.293885201215744019e-01
2.293856143951416016e-01
2.293903380632400513e-01
2.293872982263565063e-01
2.293919473886489868e-01
2.293888181447982788e-01
2.293934375047683716e-01
2.293901592493057251e-01
2.293946593999862671e-01
2.293912768363952637e-01
2.293956279754638672e-01
2.293921858072280884e-01
2.293964326381683350e-01
2.293927967548370361e-01
2.293969243764877319e-01
2.293932437896728516e-01
2.293972223997116089e-01
2.293934524059295654e-01
2.293972373008728027e-01
2.293934077024459839e-01
2.293970882892608643e-01
2.293932139873504639e-01
2.293967008590698242e-01
2.293927520513534546e-01
2.293960750102996826e-01
2.293920964002609253e-01
2.293952405452728271e-01
2.293912768363952637e-01
2.293942868709564209e-01
2.293902635574340820e-01
2.293931394815444946e-01
2.293891161680221558e-01
2.293918430805206299e-01
2.293878644704818726e-01
2.293904572725296021e-01
2.293864190578460693e-01
2.293889373540878296e-01
2.293849140405654907e-01
2.293872982263565063e-01
2.293833494186401367e-01
2.293856143951416016e-01
2.293817400932312012e-01
2.293838858604431152e-01
2.293800264596939087e-01
2.293820828199386597e-01
2.293783277273178101e-01
2.293803393840789795e-01
2.293766289949417114e-01
2.293785661458969116e-01
2.293749004602432251e-01
2.293768078088760376e-01
2.293732166290283203e-01
2.293750792741775513e-01
2.293715327978134155e-01
2.293733954429626465e-01
2.293699532747268677e-01
2.293717265129089355e-01
2.293683588504791260e-01
2.293701171875000000e-01
2.293668389320373535e-01
2.293685823678970337e-01
2.293653786182403564e-01
2.293670624494552612e-01
2.293640077114105225e-01
2.293657213449478149e-01
2.293626964092254639e-01
2.293644249439239502e-01
2.293614745140075684e-01
2.293631881475448608e-01
2.293602824211120605e-01
2.293620556592941284e-01
2.293591797351837158e-01
2.293609827756881714e-01
2.293582260608673096e-01
2.293599545955657959e-01
2.293572723865509033e-01
2.293590605258941650e-01
2.293564379215240479e-01
2.293582707643508911e-01
2.293556928634643555e-01
2.293575257062911987e-01
2.293549776077270508e-01
2.293568104505538940e-01
2.293543964624404907e-01
2.293561547994613647e-01
2.293537855148315430e-01
2.293556183576583862e-01
2.293532192707061768e-01
2.293550521135330200e-01
2.293527573347091675e-01
2.293546646833419800e-01
2.293523252010345459e-01
2.293542027473449707e-01
2.293519526720046997e-01
2.293538302183151245e-01
2.293516099452972412e-01
2.293534874916076660e-01
2.293513119220733643e-01
2.293531298637390137e-01
2.293510437011718750e-01
2.293529361486434937e-01
2.293508052825927734e-01
2.293526828289031982e-01
2.293505370616912842e-01
2.293524593114852905e-01
2.293503731489181519e-01
2.293522655963897705e-01
2.293501943349838257e-01
2.293521165847778320e-01
2.293500453233718872e-01
2.293519079685211182e-01
2.293498516082763672e-01
2.293517589569091797e-01
2.293497025966644287e-01
2.293516099452972412e-01
2.293495535850524902e-01
2.293514460325241089e-01
2.293494194746017456e-01
2.293512970209121704e-01
2.293492257595062256e-01
2.293511778116226196e-01
2.293491512537002563e-01
2.293509691953659058e-01
2.293490171432495117e-01
2.293509095907211304e-01
2.293488234281539917e-01
2.293507605791091919e-01
2.293487340211868286e-01
2.293505817651748657e-01
2.293485552072525024e-01
2.293504327535629272e-01
2.293484359979629517e-01
2.293502986431121826e-01
2.293483465909957886e-01
2.293501943349838257e-01
2.293481379747390747e-01
2.293500453233718872e-01
2.293480038642883301e-01
2.293498963117599487e-01
2.293478995561599731e-01
2.293497771024703979e-01
2.293477356433868408e-01
2.293496131896972656e-01
2.293475866317749023e-01
2.293494939804077148e-01
2.293474078178405762e-01
2.293493151664733887e-01
2.293472588062286377e-01
2.293491661548614502e-01
2.293471246957778931e-01
2.293490022420883179e-01
2.293469458818435669e-01
2.293488234281539917e-01
2.293467968702316284e-01
2.293486744165420532e-01
2.293466329574584961e-01
2.293485403060913086e-01
2.293465137481689453e-01
2.293483614921569824e-01
2.293463349342346191e-01
2.293481975793838501e-01
2.293461710214614868e-01
2.293480783700942993e-01
2.293460518121719360e-01
2.293478995561599731e-01
2.293459028005599976e-01
2.293477356433868408e-01
2.293456792831420898e-01
2.293475270271301270e-01
2.293455302715301514e-01
2.293473929166793823e-01
2.293453365564346313e-01
2.293471992015838623e-01
2.293451875448226929e-01
2.293470501899719238e-01
2.293450236320495605e-01
2.293468713760375977e-01
2.293448448181152344e-01
2.293466478586196899e-01
2.293446511030197144e-01
2.293464541435241699e-01
2.293444275856018066e-01
2.293462902307510376e-01
2.293443381786346436e-01
2.293461412191390991e-01
2.293441146612167358e-01
2.293459177017211914e-01
2.293438911437988281e-01
2.293457537889480591e-01
2.293437272310256958e-01
2.293455004692077637e-01
2.293435484170913696e-01
2.293453365564346313e-01
2.293433099985122681e-01
2.293450981378555298e-01
2.293431609869003296e-01
2.293448746204376221e-01
2.293429225683212280e-01
2.293446809053421021e-01
2.293426990509033203e-01
2.293444275856018066e-01
2.293424755334854126e-01
2.293442189693450928e-01
2.293422371149063110e-01
2.293439954519271851e-01
2.293420433998107910e-01
2.293437272310256958e-01
2.293418198823928833e-01
2.293435484170913696e-01
2.293415963649749756e-01
2.293432801961898804e-01
2.293413579463958740e-01
2.293429970741271973e-01
2.293410897254943848e-01
2.293427735567092896e-01
2.293408960103988647e-01
2.293425500392913818e-01
2.293406724929809570e-01
2.293422818183898926e-01
2.293403595685958862e-01
2.293420583009719849e-01
2.293401360511779785e-01
2.293417900800704956e-01
2.293399125337600708e-01
2.293415069580078125e-01
2.293396741151809692e-01
2.293412834405899048e-01
2.293394505977630615e-01
2.293410450220108032e-01
2.293391674757003784e-01
2.293407469987869263e-01
2.293389439582824707e-01
2.293405085802078247e-01
2.293386757373809814e-01
2.293402552604675293e-01
2.293384075164794922e-01
2.293400168418884277e-01
2.293382138013839722e-01
2.293397486209869385e-01
2.293379604816436768e-01
2.293394953012466431e-01
2.293377369642257690e-01
2.293392866849899292e-01
2.293374687433242798e-01
2.293390631675720215e-01
2.293372750282287598e-01
2.293387651443481445e-01
2.293370068073272705e-01
2.293385714292526245e-01
2.293368130922317505e-01
2.293383330106735229e-01
2.293365746736526489e-01
2.293381392955780029e-01
2.293363511562347412e-01
2.293378710746765137e-01
2.293361574411392212e-01
2.293376773595809937e-01
2.293359339237213135e-01
2.293374687433242798e-01
2.293357104063034058e-01
2.293373048305511475e-01
2.293355166912078857e-01
2.293370664119720459e-01
2.293353825807571411e-01
2.293368130922317505e-01
2.293351143598556519e-01
2.293366491794586182e-01
2.293349653482437134e-01
2.293364256620407104e-01
2.293347418308258057e-01
2.293362617492675781e-01
2.293345630168914795e-01
2.293360829353332520e-01
2.293343991041183472e-01
2.293358892202377319e-01
2.293341755867004395e-01
2.293357402086257935e-01
2.293340265750885010e-01
2.293355166912078857e-01
2.293338924646377563e-01
2.293353825807571411e-01
2.293337434530258179e-01
2.293352037668228149e-01
2.293335199356079102e-01
2.293350845575332642e-01
2.293334156274795532e-01
2.293349355459213257e-01
2.293332815170288086e-01
2.293347716331481934e-01
2.293330878019332886e-01
2.293345630168914795e-01
2.293330132961273193e-01
2.293344438076019287e-01
2.293328195810317993e-01
2.293342351913452148e-01
2.293326705694198608e-01
2.293341308832168579e-01
2.293325215578079224e-01
2.293340116739273071e-01
2.293323725461959839e-01
2.293338328599929810e-01
2.293322235345840454e-01
2.293337136507034302e-01
2.293320745229721069e-01
2.293335646390914917e-01
2.293319553136825562e-01
2.293334156274795532e-01
2.293318659067153931e-01
2.293332517147064209e-01
2.293316721916198730e-01
2.293330878019332886e-01
2.293315380811691284e-01
2.293329834938049316e-01
2.293313890695571899e-01
2.293327897787094116e-01
2.293312549591064453e-01
2.293326854705810547e-01
2.293310761451721191e-01
2.293325513601303101e-01
2.293308824300765991e-01
2.293324023485183716e-01
2.293308377265930176e-01
2.293322533369064331e-01
2.293306589126586914e-01
2.293321043252944946e-01
2.293305248022079468e-01
2.293319404125213623e-01
2.293303906917572021e-01
2.293318063020706177e-01
2.293302416801452637e-01
2.293316125869750977e-01
2.293301075696945190e-01
2.293315231800079346e-01
2.293299585580825806e-01
2.293312996625900269e-01
2.293297648429870605e-01
2.293311804533004761e-01
2.293296158313751221e-01
2.293310016393661499e-01
2.293294221162796021e-01
2.293308526277542114e-01
2.293293476104736328e-01
2.293306887149810791e-01
2.293291687965393066e-01
