2.410309791564941406e+00
4.447478353977203369e-01
-1.074386596679687500e+00
2.616128027439117432e-01
-3.622220993041992188e+00
-1.526886522769927979e-01
-9.954879879951477051e-01
9.393326193094253540e-02
1.995435506105422974e-01
-6.830345630645751953e+00
-1.318085491657257080e-01
-3.014634549617767334e-01
-7.550869584083557129e-01
-5.677689313888549805e-01
2.502644956111907959e-01
3.311583101749420166e-01
-4.007275581359863281e+00
1.174685716629028320e+00
5.389453411102294922e+00
-4.645394980907440186e-01
-1.251196265220642090e-01
-3.346971273422241211e-01
2.580747306346893311e-01
1.561412215232849121e-01
-1.712146639823913574e+00
2.538739144802093506e-01
2.153483867645263672e+00
7.768932580947875977e-01
6.544704437255859375e-01
-1.905162692070007324e+00
-8.769060969352722168e-01
2.973961234092712402e-01
2.370197027921676636e-01
-3.363181650638580322e-01
-2.532558441162109375e-01
-1.401299834251403809e+00
1.249867439270019531e+00
1.732279509305953979e-01
-3.309788703918457031e-01
1.743503063917160034e-01
1.560576409101486206e-01
-3.387848734855651855e-01
-1.519677191972732544e-01
-2.404947876930236816e-01
5.603428483009338379e-01
1.095756649971008301e+00
-1.039220213890075684e+00
6.431627750396728516e+00
-4.407960772514343262e-01
-6.267755985260009766e+00
5.460156202316284180e-01
2.328166961669921875e+00
1.001922011375427246e+00
-2.332196980714797974e-01
-1.473910659551620483e-01
-4.523009061813354492e-01
-5.463412404060363770e-01
2.276319563388824463e-01
9.499611854553222656e-01
9.993130564689636230e-01
4.891496896743774414e-01
1.092332243919372559e+00
1.407722681760787964e-01
-1.280707865953445435e-01
-1.291470408439636230e+00
-6.946027278900146484e-01
1.718214452266693115e-01
-1.621686816215515137e+00
-2.565128505229949951e-01
-1.430771231651306152e+00
-7.046397924423217773e-01
2.238411009311676025e-01
-1.237150207161903381e-01
4.004601001739501953e+00
-5.913243889808654785e-01
-1.828993111848831177e-01
6.848301291465759277e-01
5.795413970947265625e+00
6.840599179267883301e-01
-9.116315841674804688e-02
-1.924327462911605835e-01
9.473696351051330566e-02
7.608817219734191895e-01
1.564356982707977295e-01
-1.296295374631881714e-01
1.693209558725357056e-01
-1.928567290306091309e-01
5.605238080024719238e-01
4.130604267120361328e-01
-2.313389062881469727e+00
6.079553365707397461e-01
7.114892601966857910e-01
8.617206811904907227e-01
1.148876309394836426e+00
-3.522282123565673828e+00
2.274973630905151367e+00
-1.189708486199378967e-01
2.736173868179321289e+00
2.702388763427734375e-01
-7.763710021972656250e-01
-1.850852131843566895e+00
-9.813686460256576538e-02
4.405888319015502930e-01
6.270022392272949219e-01
1.913873076438903809e+00
-1.365843117237091064e-01
-2.126386165618896484e-01
-1.514165252447128296e-01
8.503849506378173828e-01
7.508872151374816895e-01
3.545510172843933105e-01
1.295152902603149414e+00
9.637011289596557617e-01
-2.000373750925064087e-01
-1.291102170944213867e-01
2.619296610355377197e-01
1.822801232337951660e+00
3.751487135887145996e-01
1.087519645690917969e+00
-1.325681805610656738e+00
1.356624513864517212e-01
6.106896996498107910e-01
2.341752290725708008e+00
-4.800419509410858154e-01
4.100746512413024902e-01
1.613421559333801270e+00
-8.491960167884826660e-01
1.289946883916854858e-01
-3.882631063461303711e+00
1.819574087858200073e-01
3.238991796970367432e-01
1.987408399581909180e-01
-9.322894215583801270e-01
1.015112102031707764e-01
-1.353722214698791504e+00
1.478961408138275146e-01
7.763084024190902710e-02
2.362297624349594116e-01
2.755676805973052979e-01
-1.641514003276824951e-01
-1.895851641893386841e-01
3.095720708370208740e-01
-5.244545340538024902e-01
2.376531809568405151e-01
1.032175347208976746e-01
-1.822807908058166504e+00
1.425758004188537598e+00
1.602682620286941528e-01
-3.241697549819946289e-01
6.304140686988830566e-01
2.214758247137069702e-01
-2.473141103982925415e-01
-1.672857701778411865e-01
-3.707968235015869141e+00
8.411465883255004883e-01
-1.763526648283004761e-01
-1.772274672985076904e-01
1.101223379373550415e-01
-2.317322194576263428e-01
4.156772792339324951e-01
-1.594732165336608887e+00
1.288648396730422974e-01
-5.020216464996337891e+00
-4.966985583305358887e-01
-3.165175020694732666e-01
-1.918223500251770020e+00
-3.085342645645141602e-01
6.694406986236572266e+00
-1.782593131065368652e-01
-1.638807058334350586e-01
-1.761815696954727173e-01
2.305445820093154907e-01
9.476267099380493164e-01
-8.520495295524597168e-01
1.171102747321128845e-01
-1.580710291862487793e+00
-1.275390237569808960e-01
-1.587537974119186401e-01
-2.527986764907836914e+00
2.628940582275390625e+00
-1.412772417068481445e+00
-3.147762060165405273e+00
1.472602367401123047e+00
-2.076437622308731079e-01
2.151384055614471436e-01
-1.364994883537292480e+00
2.358267456293106079e-01
8.504185080528259277e-01
3.117478609085083008e+00
1.571717262268066406e+00
5.804921388626098633e-01
6.533024907112121582e-01
9.109635353088378906e-01
8.380959033966064453e-01
-2.274385929107666016e+00
-2.890410125255584717e-01
-5.778452157974243164e-01
-5.330159068107604980e-01
1.361437439918518066e-01
1.971187442541122437e-01
