-8.545921444892883301e-01 -3.873526453971862793e-01
6.355139613151550293e-02 -3.549695312976837158e-01
1.572947502136230469e-01 1.012588977813720703e+00
2.968585789203643799e-01 5.996406674385070801e-01
1.887378454208374023e+00 -3.522747755050659180e-01
-1.091554760932922363e+00 2.723069489002227783e-01
1.505292534828186035e+00 -2.308475017547607422e+00
-7.582981586456298828e-01 4.887022495269775391e+00
9.591766595840454102e-01 -9.631349444389343262e-01
6.709372043609619141e+00 -4.715768098831176758e-01
-1.348544359207153320e+00 4.283313453197479248e-01
4.062743484973907471e-01 2.560391128063201904e-01
2.682725191116333008e-01 -2.662141621112823486e-01
4.099635124206542969e+00 -4.006183743476867676e-01
-5.457252025604248047e+00 -1.296927452087402344e+00
-4.268129825592041016e+00 5.153537988662719727e-01
-3.157213032245635986e-01 1.165919844061136246e-02
-7.264100909233093262e-01 -3.439163565635681152e-01
-1.246016860008239746e+00 1.329328179359436035e+00
7.129191756248474121e-01 -3.787460327148437500e-01
-3.432928621768951416e-01 7.318356037139892578e-01
4.275547027587890625e+00 -2.885075807571411133e+00
4.859729111194610596e-01 -1.541615843772888184e+00
3.193503320217132568e-01 3.784737884998321533e-01
3.947551548480987549e-02 -5.094683766365051270e-01
1.615712791681289673e-01 2.631283402442932129e-01
-7.144684791564941406e-01 3.843863010406494141e-01
-1.955471187829971313e-01 4.786413162946701050e-02
-8.779509067535400391e-01 1.422846674919128418e+00
7.072227597236633301e-01 -9.765072464942932129e-01
9.789357781410217285e-01 -7.271941900253295898e-01
-6.043109297752380371e-01 3.028709292411804199e-01
1.366353988647460938e+00 4.156692624092102051e-01
-1.423995345830917358e-01 3.186900019645690918e-01
3.788971602916717529e-01 7.415415644645690918e-01
1.028014659881591797e+00 -6.811608672142028809e-01
-1.416043519973754883e+00 8.398321866989135742e-01
-8.530905842781066895e-01 2.002408960834145546e-03
-1.633045524358749390e-01 2.865903675556182861e-01
4.585518538951873779e-01 1.898520112037658691e+00
-8.390744328498840332e-01 1.021032094955444336e+00
-2.662558853626251221e-01 -1.191872954368591309e-01
9.674178063869476318e-02 -5.196027755737304688e-01
-1.190674424171447754e+00 -8.246345072984695435e-02
4.176811575889587402e-01 2.506766617298126221e-01
-4.374324083328247070e-01 3.455657064914703369e-01
1.974094629287719727e+00 -3.146023511886596680e+00
-2.080092906951904297e+00 -7.372190952301025391e-01
-2.097279876470565796e-01 -5.256489515304565430e-01
1.392379879951477051e+00 -7.516147494316101074e-01
-6.340344548225402832e-01 1.587214171886444092e-01
3.008746802806854248e-01 -8.149414658546447754e-01
-5.100564479827880859e+00 1.778456449508666992e+00
2.334492355585098267e-01 6.010733842849731445e-01
-8.371631503105163574e-01 -4.414427876472473145e-01
1.720925331115722656e+00 -6.405668258666992188e-01
1.112660318613052368e-01 -4.468475282192230225e-01
1.583778709173202515e-01 6.330141425132751465e-01
3.006771504878997803e-01 1.613536000251770020e+00
1.722435206174850464e-01 -9.402933716773986816e-02
-5.971953868865966797e-01 4.656572937965393066e-01
-1.782488971948623657e-01 2.341066598892211914e-01
1.058795675635337830e-01 -5.419788360595703125e-01
1.978919982910156250e+00 -4.525932073593139648e-01
1.383211255073547363e+00 -4.490974843502044678e-01
-1.264653354883193970e-01 7.624659538269042969e-01
3.458088040351867676e-01 -8.053042739629745483e-02
2.686950862407684326e-01 3.508692383766174316e-01
-1.203544259071350098e+00 -2.247500270605087280e-01
4.791268110275268555e-01 -2.152794122695922852e+00
4.957448840141296387e-01 8.763731718063354492e-01
1.890757121145725250e-02 -3.647223114967346191e-01
2.906157732009887695e+00 -5.539046764373779297e+00
-9.309422224760055542e-02 2.931366264820098877e-01
2.839281558990478516e-01 6.879057288169860840e-01
5.754706263542175293e-01 -7.760826349258422852e-01
-2.674509882926940918e-01 9.289599955081939697e-02
-5.434132099151611328e+00 1.088537812232971191e+00
-4.146742224693298340e-01 -7.732858508825302124e-02
5.252371430397033691e-01 1.789221644401550293e+00
-1.551799476146697998e-01 -6.182789802551269531e-01
1.411862611770629883e+00 -2.187977313995361328e+00
-2.396389245986938477e-01 -8.854629844427108765e-02
4.507350921630859375e-01 -9.978077411651611328e-01
-9.010374546051025391e-01 2.430369377136230469e+00
-3.818159401416778564e-01 3.792167007923126221e-01
-5.964693427085876465e-01 2.755574882030487061e-01
-1.287577986717224121e+00 -4.149179160594940186e-01
2.065661400556564331e-01 -1.173234060406684875e-01
9.433569908142089844e-01 7.292053103446960449e-01
7.464347481727600098e-01 -5.220579504966735840e-01
-8.598257303237915039e-01 1.642730236053466797e-01
-2.943637967109680176e-02 -2.383895963430404663e-01
-7.653095126152038574e-01 1.817733526229858398e+00
4.618979096412658691e-01 3.093979358673095703e-01
-7.587452530860900879e-01 6.321195513010025024e-02
-1.480746746063232422e+00 6.977968811988830566e-01
-7.601759433746337891e-01 1.479916095733642578e+00
-1.007842063903808594e+00 -4.999509751796722412e-01
2.464050054550170898e+00 8.816242814064025879e-01
-8.348109573125839233e-02 -6.545247435569763184e-01
1.454671859741210938e+00 -2.029257118701934814e-01
2.906795442104339600e-01 -2.333431690931320190e-01
-3.298510313034057617e-01 4.563422799110412598e-01
-3.190465867519378662e-01 -5.006392598152160645e-01
-1.904921889305114746e+00 5.831158161163330078e-01
4.364297986030578613e-01 -4.007817804813385010e-01
-6.152379512786865234e-02 3.202859759330749512e-01
-3.399313986301422119e-01 4.793075323104858398e-01
-1.143354296684265137e+00 6.469125151634216309e-01
5.089449882507324219e-01 -2.786586046218872070e+00
-6.536460518836975098e-01 5.417940020561218262e-01
-6.932381391525268555e-01 5.250570550560951233e-02
-1.460090465843677521e-02 2.908138036727905273e-01
8.823845386505126953e-01 -2.531441211700439453e+00
7.471595704555511475e-02 -1.048104047775268555e+00
-2.631134986877441406e+00 6.403267860412597656e+00
-1.348281145095825195e+00 9.580422639846801758e-01
-2.310499548912048340e-01 1.209350451827049255e-01
2.059254795312881470e-01 1.073174715042114258e+00
1.531403511762619019e-01 -6.052902340888977051e-01
-6.640164554119110107e-02 7.781084775924682617e-01
-2.312059700489044189e-01 -5.766630768775939941e-01
-2.691782079637050629e-02 2.070699632167816162e-01
-5.017786026000976562e-01 2.594769001007080078e-01
7.042351961135864258e-01 1.610367447137832642e-01
-3.641380965709686279e-01 -7.091305851936340332e-01
5.044992566108703613e-01 5.856617689132690430e-01
6.138559579849243164e-01 7.620506882667541504e-01
-3.167144656181335449e-01 5.233111977577209473e-01
2.663067169487476349e-02 -3.869778513908386230e-01
-1.051784977316856384e-01 3.147547598928213120e-03
5.896033644676208496e-01 7.886416316032409668e-01
-2.049993276596069336e-01 -5.624770641326904297e+00
3.851709365844726562e-01 -6.879552006721496582e-01
3.560452759265899658e-01 -3.689388990402221680e+00
1.063601076602935791e-01 -6.249042153358459473e-01
-8.983104228973388672e-01 1.066403463482856750e-02
-1.025657296180725098e+00 -6.126909852027893066e-01
-8.388435244560241699e-01 2.859207093715667725e-01
-5.319132804870605469e-01 1.920077949762344360e-01
-6.323097944259643555e-01 -1.229437947273254395e+00
-4.342962205410003662e-01 6.624221205711364746e-01
-3.300641477108001709e-01 4.359384179115295410e-01
4.801688790321350098e-01 -4.520431041717529297e+00
3.003104925155639648e-01 -2.652052938938140869e-01
-2.301035374402999878e-01 4.771905019879341125e-02
-3.428356349468231201e-01 3.484534323215484619e-01
-3.910204887390136719e+00 -3.514053225517272949e-01
-4.909188747406005859e-01 9.612130522727966309e-01
-9.276183843612670898e-01 -1.773552596569061279e-01
-6.750568747520446777e-01 1.431915760040283203e+00
-3.432680368423461914e-01 -9.780730120837688446e-03
1.216682672500610352e+00 -8.370054364204406738e-01
-5.873247385025024414e-01 -1.962628811597824097e-01
3.623235821723937988e-01 2.216521799564361572e-01
-2.745971977710723877e-01 5.840182304382324219e-01
1.596339941024780273e+00 -5.111591219902038574e-01
2.550298929214477539e+00 -4.712883472442626953e+00
-1.216041762381792068e-02 3.843050897121429443e-01
6.065493822097778320e-01 -1.235624253749847412e-01
-5.295543074607849121e-01 2.674563229084014893e-01
5.357549786567687988e-01 -1.112422108650207520e+00
-1.684984564781188965e-01 5.732375979423522949e-01
8.586987257003784180e-01 2.337770164012908936e-01
6.843821406364440918e-01 -8.891490101814270020e-01
8.790519833564758301e-01 -4.639174416661262512e-02
-8.892018198966979980e-01 1.140871763229370117e+00
-5.868975520133972168e-01 2.902632653713226318e-01
-3.196093142032623291e-01 4.784539341926574707e-02
-5.217453837394714355e-01 -4.535572826862335205e-01
-1.218248009681701660e-01 8.009331822395324707e-01
-2.093067169189453125e-01 1.410793215036392212e-01
4.583851099014282227e-01 9.589985609054565430e-01
-6.718615889549255371e-01 9.046582132577896118e-02
1.557893753051757812e-01 4.898332059383392334e-01
-1.593856096267700195e+00 -9.883022867143154144e-03
7.129886746406555176e-02 4.328159809112548828e+00
2.407986402511596680e+00 -5.721902370452880859e+00
-6.411636471748352051e-01 1.740066170692443848e+00
5.575334548950195312e+00 -8.394917249679565430e-01
4.854775905609130859e+00 -9.886611104011535645e-01
4.662887752056121826e-01 -4.381623268127441406e-01
-2.829780578613281250e-01 4.666383564472198486e-01
6.090489029884338379e-02 3.523931205272674561e-01
1.189538478851318359e+00 -3.792241215705871582e-01
-3.620504438877105713e-01 1.659189909696578979e-02
-5.260884165763854980e-01 2.885683178901672363e-01
-2.200048923492431641e+00 1.921077966690063477e+00
8.278480768203735352e-01 1.736012816429138184e+00
8.143209815025329590e-01 2.927629709243774414e+00
6.944640278816223145e-01 1.163711786270141602e+00
-6.896367669105529785e-01 -4.650163352489471436e-01
-1.103444218635559082e+00 5.768463611602783203e+00
-6.870865821838378906e-02 7.153694629669189453e-01
6.776497513055801392e-02 1.239654898643493652e+00
2.302234172821044922e-01 -7.494970560073852539e-01
8.148042559623718262e-01 1.525072097778320312e+00
6.416031718254089355e-01 -5.713278651237487793e-01
-5.478289350867271423e-02 1.669274121522903442e-01
