7.640297412872314453e-01
-5.482345581054687500e+00
9.893578886985778809e-01
-6.089743614196777344e+00
4.628611505031585693e-01
8.429843783378601074e-01
6.276873350143432617e-01
6.333924531936645508e-01
1.766425967216491699e+00
2.483826726675033569e-01
1.342161178588867188e+00
5.980402231216430664e-01
3.912867903709411621e-01
3.622751832008361816e-01
-2.357565760612487793e-01
6.892376542091369629e-01
4.752265512943267822e-01
1.824768185615539551e+00
4.011222422122955322e-01
-1.055117726325988770e+00
6.937764644622802734e+00
6.990989446640014648e-01
1.358210206031799316e+00
7.798991203308105469e-01
1.129323005676269531e+00
1.114647388458251953e+00
7.786350250244140625e+00
3.061842322349548340e-01
-1.273538023233413696e-01
4.541361331939697266e-01
4.936878383159637451e-01
1.084086596965789795e-01
-5.702775478363037109e+00
2.979577146470546722e-02
1.815907001495361328e+00
5.924839973449707031e-01
-1.143443465232849121e+00
-7.305669039487838745e-02
-4.243380546569824219e+00
7.582418620586395264e-02
1.046788573265075684e+00
1.157124161720275879e+00
4.205423831939697266e+00
6.694580912590026855e-01
4.271191954612731934e-01
8.988341093063354492e-01
1.456210970878601074e+00
1.046636700630187988e+00
-6.280091285705566406e+00
-5.630383491516113281e+00
