1.345211505889892578e+00 1.896746277809143066e+00 6.733331084251403809e-01 3.567861020565032959e-01 -1.534247756004333496e+00 1.655919194221496582e+00 -1.587891876697540283e-01 4.327852427959442139e-01
1.391870021820068359e+00 2.007944285869598389e-01 1.465569734573364258e-01 -1.534291625022888184e+00 -2.513696849346160889e-01 9.147729724645614624e-02 1.187355637550354004e+00 9.763612151145935059e-01
-1.104702353477478027e+00 -6.824918389320373535e-01 7.225809097290039062e-01 -7.028064131736755371e-01 1.640840172767639160e+00 -5.898959636688232422e+00 2.498763054609298706e-01 1.333155393600463867e+00
2.621553242206573486e-01 1.034394264221191406e+00 3.543674468994140625e+00 -6.112539291381835938e+00 -5.072662830352783203e+00 6.468971252441406250e+00 -1.729926586151123047e+00 4.203559875488281250e+00
-4.418510437011718750e+00 4.677616953849792480e-01 -3.582606911659240723e-01 -5.667192935943603516e+00 -5.097241401672363281e-01 5.726354718208312988e-01 5.986012220382690430e-01 -3.995366096496582031e-01
3.171048879623413086e+00 1.302262544631958008e+00 -1.597241878509521484e+00 1.026592850685119629e+00 -2.653748691082000732e-01 -6.394703388214111328e-01 -1.966276288032531738e+00 -4.501103460788726807e-01
-2.595420598983764648e+00 7.912574410438537598e-01 -2.811770915985107422e+00 -1.477020502090454102e+00 -1.655872821807861328e+00 1.003154635429382324e+00 9.257256388664245605e-01 -1.399094820022583008e+00
-5.742926597595214844e+00 -6.688317775726318359e+00 -7.346521615982055664e-01 1.418143868446350098e+00 -5.896514415740966797e+00 -3.206060409545898438e+00 -5.391584038734436035e-01 7.191295176744461060e-02
2.512140750885009766e+00 -4.793557524681091309e-01 -5.418985366821289062e+00 5.314880609512329102e-01 1.177715301513671875e+00 -2.817481994628906250e+00 1.407258629798889160e+00 7.349195480346679688e-01
-5.175986766815185547e+00 -2.208414793014526367e+00 -7.873301506042480469e-01 -6.676095962524414062e+00 2.207512378692626953e+00 1.845433712005615234e-01 6.440796375274658203e+00 1.692299723625183105e+00
2.757223844528198242e+00 2.639059424400329590e-01 3.900257825851440430e+00 2.113783121109008789e+00 3.053812980651855469e+00 -9.332445859909057617e-01 6.337366104125976562e-01 8.972527384757995605e-01
-5.760163784027099609e+00 6.290574073791503906e+00 1.831655383110046387e+00 -2.676174879074096680e+00 -7.871295809745788574e-01 -3.541209697723388672e-01 -1.314821600914001465e+00 -6.976171731948852539e-01
1.306970357894897461e+00 -1.978930681943893433e-01 -4.925920009613037109e+00 -3.970258682966232300e-02 5.890798568725585938e+00 -1.505946874618530273e+00 -9.003241658210754395e-01 -5.392324924468994141e+00
-1.514738559722900391e+00 3.987240791320800781e-01 1.099010467529296875e+00 -1.651635050773620605e+00 1.259091615676879883e+00 8.205540776252746582e-01 2.578619241714477539e+00 -8.403060436248779297e-01
5.027675151824951172e+00 1.789256334304809570e+00 -8.695002794265747070e-01 2.690396070480346680e+00 8.247953653335571289e-01 6.584755778312683105e-01 -1.520680546760559082e+00 -9.452437758445739746e-01
2.501244783401489258e+00 -1.224932789802551270e+00 7.904397845268249512e-01 4.749947071075439453e+00 -1.099186420440673828e+00 -2.403798341751098633e+00 2.246578693389892578e+00 -1.945308089256286621e+00
-2.389972448348999023e+00 -3.662494659423828125e+00 -4.599775314331054688e+00 6.133379459381103516e+00 6.462110042572021484e+00 -2.458026856184005737e-01 8.467076420783996582e-01 2.699050426483154297e+00
2.974084913730621338e-01 6.924958825111389160e-01 6.314099431037902832e-01 2.810475230216979980e-01 1.643334984779357910e+00 8.481590151786804199e-01 -1.018449664115905762e+00 1.903379678726196289e+00
4.504797935485839844e+00 -4.178115844726562500e+00 6.385118961334228516e+00 1.197459459304809570e+00 2.326001077890396118e-01 1.149273037910461426e+00 3.675232172012329102e+00 2.726834535598754883e+00
-6.552700400352478027e-01 7.001943588256835938e-01 -2.029675483703613281e+00 -1.122465491294860840e+00 2.675583958625793457e-01 -2.520135641098022461e+00 -8.593927323818206787e-02 1.819224357604980469e+00
1.020020365715026855e+00 -2.173423767089843750e+00 4.459573268890380859e+00 -6.362143158912658691e-01 -1.119856476783752441e+00 1.056575775146484375e-01 3.999647200107574463e-01 -5.216958045959472656e+00
-5.636221170425415039e-01 4.990804493427276611e-01 -5.350115299224853516e-01 -5.922931671142578125e+00 2.152731895446777344e+00 9.070459604263305664e-01 3.683956861495971680e-01 -9.489642977714538574e-01
1.172681689262390137e+00 4.295147895812988281e+00 2.334654569625854492e+00 -9.718285202980041504e-01 1.845078766345977783e-01 5.593658924102783203e+00 -7.727237883955240250e-03 -5.963291168212890625e+00
-1.092132180929183960e-01 5.878558382391929626e-02 5.522152185440063477e-01 -1.678340733051300049e-01 3.293456882238388062e-02 -1.877161711454391479e-01 -4.466689527034759521e-01 1.482031941413879395e-01
-1.649105668067932129e+00 2.604446113109588623e-01 -8.583593964576721191e-01 5.964406579732894897e-02 -8.145378828048706055e-01 1.439010024070739746e+00 -1.286936163902282715e+00 2.044509649276733398e+00
4.831695556640625000e-01 1.065288543701171875e+00 1.317279696464538574e+00 -6.054281711578369141e+00 8.587185144424438477e-01 -1.099429249763488770e+00 -1.431743860244750977e+00 7.435520291328430176e-01
2.591167986392974854e-01 9.736254811286926270e-02 -8.239088580012321472e-03 1.551536679267883301e+00 -8.885826468467712402e-01 1.239240288734436035e+00 -7.876830101013183594e-01 2.363790869712829590e-01
1.526324152946472168e+00 -1.467760801315307617e+00 6.920591592788696289e-01 -3.817122578620910645e-01 3.147374987602233887e-01 2.646293342113494873e-01 8.030050396919250488e-01 -5.567200779914855957e-01
1.517832875251770020e+00 -3.625425100326538086e+00 -1.456147283315658569e-01 1.411418914794921875e+00 -2.808094918727874756e-01 -1.745229959487915039e+00 7.986672967672348022e-02 -4.948069095611572266e+00
1.105722635984420776e-01 8.130294680595397949e-01 -1.174658298492431641e+00 -2.063836157321929932e-01 2.809987366199493408e-01 -1.004634261131286621e+00 3.213157057762145996e-01 1.514205336570739746e+00
-2.366893887519836426e-01 -7.120600700378417969e+00 -1.848536610603332520e+00 9.197250753641128540e-02 2.186718463897705078e+00 4.475911617279052734e+00 3.822662830352783203e+00 2.296219170093536377e-01
1.233141899108886719e+00 -5.457306861877441406e+00 -3.318519115447998047e+00 5.081824779510498047e+00 7.075506448745727539e-01 -1.747297793626785278e-01 1.132903456687927246e+00 1.756908535957336426e+00
3.966589272022247314e-01 -2.303631067276000977e+00 -3.611569404602050781e+00 -1.847998499870300293e+00 2.939386844635009766e+00 -5.012819290161132812e+00 -2.963746547698974609e+00 -4.960667610168457031e+00
-8.523305058479309082e-01 -2.294663190841674805e+00 -8.959544301033020020e-01 1.961990833282470703e+00 -2.202351331710815430e+00 -5.042016506195068359e+00 -7.574858665466308594e-01 8.040502071380615234e-01
-1.805891394615173340e+00 -8.085128068923950195e-01 1.480416893959045410e+00 -1.454402923583984375e+00 -4.420789480209350586e-01 -1.795819401741027832e-01 -7.954235076904296875e-01 -1.164102792739868164e+00
-2.131862878799438477e+00 6.855089664459228516e-01 8.246201872825622559e-01 -5.871615409851074219e-01 6.099259376525878906e+00 -2.668907940387725830e-01 -7.619544863700866699e-01 3.288155496120452881e-01
1.938579797744750977e+00 1.779775738716125488e+00 2.884385824203491211e+00 9.198522567749023438e-01 1.401168107986450195e+00 -3.660809993743896484e-01 9.170637130737304688e-01 -6.097400188446044922e-01
-3.496148288249969482e-01 4.155506134033203125e+00 8.697597384452819824e-01 1.226105332374572754e+00 -9.829531908035278320e-01 -6.844338029623031616e-02 1.463993191719055176e+00 1.446669816970825195e+00
-4.754148006439208984e+00 -4.538687169551849365e-01 -4.896004199981689453e-01 7.434810996055603027e-01 -3.592619597911834717e-01 -2.527456283569335938e-01 -6.084429264068603516e+00 -2.687293529510498047e+00
-2.928262948989868164e+00 -1.264921784400939941e+00 1.273238539695739746e+00 2.923159301280975342e-01 -1.619434803724288940e-01 -5.395658016204833984e+00 1.332012057304382324e+00 -1.140973567962646484e+00
-3.958884477615356445e-01 -1.214616149663925171e-01 -9.918025135993957520e-01 2.389177560806274414e+00 1.195556640625000000e+00 -7.010937213897705078e+00 -3.251146078109741211e+00 3.539661467075347900e-01
-1.125140309333801270e+00 3.707692623138427734e-01 9.504320025444030762e-01 -9.348249435424804688e-01 2.852999567985534668e-01 -1.075830101966857910e+00 -1.720744729042053223e+00 -7.918546795845031738e-01
1.571334481239318848e+00 3.969453871250152588e-01 2.909573316574096680e-01 -1.154514193534851074e+00 5.540950894355773926e-01 5.151864051818847656e+00 -3.389272093772888184e-01 5.234554409980773926e-01
-1.846740007400512695e+00 9.065406918525695801e-01 -7.303819656372070312e-01 6.094174861907958984e+00 -5.616156578063964844e+00 3.418504595756530762e-01 -1.949443578720092773e+00 4.684882760047912598e-01
3.849756419658660889e-01 3.796812891960144043e-01 -6.785361170768737793e-01 -6.636419296264648438e-01 -1.990053802728652954e-02 -4.044488966464996338e-01 -2.044261991977691650e-01 -2.813591361045837402e-01
-4.095449447631835938e-01 -1.936192065477371216e-01 -1.022068876773118973e-02 5.181409120559692383e-01 -5.777146816253662109e-01 1.378712058067321777e-01 -1.475028991699218750e-01 2.325766980648040771e-01
-1.194182857871055603e-01 2.086006402969360352e+00 -5.965140342712402344e+00 -2.332443237304687500e+00 1.948715686798095703e+00 -3.537496924400329590e-01 8.937624096870422363e-01 7.538280487060546875e-01
7.034167766571044922e+00 4.654016494750976562e+00 3.041184842586517334e-01 8.983042836189270020e-01 -3.263172864913940430e+00 1.276412725448608398e+00 -5.512705326080322266e+00 -2.753913879394531250e+00
-1.167504429817199707e+00 -4.269175827503204346e-01 -5.979693889617919922e+00 4.398617148399353027e-01 -2.076666355133056641e+00 -6.955506801605224609e-01 -3.847564160823822021e-01 -1.080124974250793457e+00
-5.584007263183593750e+00 -1.011478185653686523e+00 -5.401214122772216797e+00 4.788597822189331055e-01 3.362893819808959961e+00 -2.017834424972534180e+00 1.181157827377319336e+00 1.730588912963867188e+00
5.689592957496643066e-01 2.691427230834960938e+00 -3.277159333229064941e-01 9.581221342086791992e-01 -1.267672702670097351e-02 -1.948378086090087891e+00 4.841577634215354919e-02 -5.137066364288330078e+00
5.710741043090820312e+00 1.641154766082763672e+00 1.109308078885078430e-01 8.604767173528671265e-02 -2.364752292633056641e+00 5.493818521499633789e-01 -5.099166393280029297e+00 -4.948284626007080078e-01
-1.510223865509033203e+00 8.385786414146423340e-01 1.351008653640747070e+00 3.325667858123779297e+00 -6.674607396125793457e-01 -4.172024726867675781e+00 -8.479335904121398926e-01 3.309917747974395752e-01
-2.439840555191040039e+00 1.745159387588500977e+00 1.956396102905273438e+00 -1.030465006828308105e+00 -5.213752746582031250e+00 3.298190236091613770e-01 6.710370182991027832e-01 -2.948473095893859863e-01
8.299495577812194824e-01 1.155132174491882324e+00 -2.440033197402954102e+00 4.894410610198974609e+00 -1.897192001342773438e-01 -3.339507818222045898e+00 -1.414006948471069336e+00 2.493108272552490234e+00
6.412133574485778809e-01 1.271022319793701172e+00 2.230849981307983398e+00 -5.001062870025634766e+00 -2.632943391799926758e-01 -6.113482952117919922e+00 3.834216356277465820e+00 5.355878472328186035e-01
-9.871572852134704590e-01 5.302169919013977051e-01 -8.550789207220077515e-02 4.875378310680389404e-01 1.541374325752258301e+00 -1.349900603294372559e+00 1.105338931083679199e+00 1.542454481124877930e+00
1.520591855049133301e+00 -1.538607478141784668e+00 7.337958335876464844e+00 -3.661557435989379883e+00 4.343261197209358215e-02 -2.284503877162933350e-01 5.648343563079833984e-01 4.347967356443405151e-02
6.086392402648925781e+00 -5.930328369140625000e+00 3.077514410018920898e+00 -2.266703844070434570e+00 -8.982494473457336426e-02 3.251959681510925293e-01 1.057639598846435547e+00 7.358150482177734375e+00
4.665267467498779297e+00 5.806413888931274414e-01 9.949305653572082520e-01 -1.120388269424438477e+00 1.373628377914428711e+00 1.298486590385437012e+00 1.159887790679931641e+00 6.226087808609008789e-01
6.431310772895812988e-01 -4.697820842266082764e-01 1.507122397422790527e+00 6.988608241081237793e-01 4.585038125514984131e-01 -1.334937214851379395e+00 1.275791525840759277e+00 -9.001184701919555664e-01
3.715348839759826660e-01 8.507663756608963013e-02 -3.326585590839385986e-01 2.713302135467529297e+00 -1.834728121757507324e-01 1.111302256584167480e+00 -3.004165887832641602e+00 -6.244213104248046875e+00
3.952832221984863281e-01 -6.915637850761413574e-01 -5.350769519805908203e+00 5.160155773162841797e+00 4.589103162288665771e-01 2.916006445884704590e-01 5.833288431167602539e-01 -1.004288434982299805e+00
-2.660718679428100586e+00 -1.723026335239410400e-01 -1.472043514251708984e+00 -7.237495183944702148e-01 -1.047245383262634277e+00 1.822571635246276855e+00 -4.623285233974456787e-01 -1.035225152969360352e+00
1.688339829444885254e+00 -2.976489782333374023e+00 -3.804710626602172852e+00 1.431174755096435547e+00 1.314187645912170410e+00 8.044192194938659668e-01 3.334234952926635742e+00 -1.975657701492309570e+00
-1.607607841491699219e+00 -2.130640506744384766e+00 9.958060979843139648e-01 -1.527108788490295410e+00 1.265028953552246094e+00 -8.026704192161560059e-02 -9.333655834197998047e-01 6.374291419982910156e+00
1.965761184692382812e-02 4.093351066112518311e-01 -6.886326074600219727e-01 -6.241005063056945801e-01 6.256646513938903809e-01 -4.046220183372497559e-01 -8.046078085899353027e-01 -7.891669124364852905e-02
-6.841747283935546875e+00 1.919902920722961426e+00 5.868349671363830566e-01 5.563836693763732910e-01 -3.688108026981353760e-01 4.174405634403228760e-01 -2.155842036008834839e-01 1.230904936790466309e+00
4.759335517883300781e-01 4.643740877509117126e-02 3.007956780493259430e-02 4.611943721771240234e+00 1.981606960296630859e+00 -2.445065528154373169e-01 2.541067302227020264e-01 6.837394237518310547e-01
-5.207332611083984375e+00 2.170842409133911133e+00 -4.995302677154541016e+00 1.338289737701416016e+00 -3.168551921844482422e-01 2.997037470340728760e-01 -8.260615468025207520e-01 6.789382457733154297e+00
-9.683008491992950439e-02 6.126167178153991699e-01 1.360627055168151855e+00 -7.138035893440246582e-01 -2.546737790107727051e-01 -5.987234115600585938e+00 7.245967388153076172e+00 -6.663796901702880859e+00
1.448750495910644531e-01 3.578996062278747559e-01 8.407106995582580566e-01 5.083142518997192383e-01 4.222248122096061707e-02 1.618770599365234375e+00 6.566770672798156738e-01 3.851955011487007141e-02
-8.939310312271118164e-01 1.722556233406066895e+00 -4.629815816879272461e-01 -2.498685359954833984e+00 3.382225334644317627e-02 6.479961872100830078e+00 -2.184795379638671875e+00 2.872458100318908691e-01
8.702201247215270996e-01 8.874477148056030273e-01 4.400645196437835693e-01 -3.647083640098571777e-01 -6.672266960144042969e+00 1.407489299774169922e+00 -1.237071871757507324e+00 -1.329308986663818359e+00
-1.891874909400939941e+00 1.438013911247253418e-01 -3.410207927227020264e-01 -9.075619578361511230e-01 9.216926693916320801e-01 5.284826755523681641e-01 -6.240060329437255859e-01 -1.388356447219848633e+00
1.878720521926879883e-01 -1.577231764793395996e+00 -4.819138050079345703e+00 -7.126427888870239258e-01 6.393702030181884766e-01 -1.356649398803710938e+00 -1.337823987007141113e+00 -3.518692731857299805e+00
7.255789637565612793e-01 -2.896519899368286133e-01 -4.547232389450073242e-01 7.639645934104919434e-01 -1.105599045753479004e+00 -1.461863517761230469e+00 -1.580805778503417969e+00 8.309355974197387695e-01
4.512421131134033203e+00 6.816497802734375000e+00 1.946768045425415039e+00 1.154389500617980957e+00 3.368946015834808350e-01 -5.909585475921630859e+00 1.061195582151412964e-01 -3.643486261367797852e+00
-6.506599187850952148e-01 1.408663511276245117e+00 2.169330716133117676e-01 6.152314186096191406e+00 1.805369734764099121e+00 -6.860013008117675781e-01 1.825311541557312012e+00 -2.973880171775817871e-01
1.151303410530090332e+00 -1.657154083251953125e+00 6.714222908020019531e+00 -1.793985724449157715e+00 -5.411690235137939453e+00 3.153185248374938965e-01 3.324375391006469727e+00 6.571596622467041016e+00
-6.825488209724426270e-01 7.074382901191711426e-01 -7.613224387168884277e-01 7.131309509277343750e-01 1.225021481513977051e+00 1.296862840652465820e+00 1.181932210922241211e+00 7.770332694053649902e-02
-9.602572321891784668e-01 2.225341796875000000e+00 -5.566544532775878906e+00 -5.789828300476074219e-01 1.266432285308837891e+00 3.731292486190795898e-01 -1.888472318649291992e+00 8.319182395935058594e-01
8.180618882179260254e-01 -3.653547465801239014e-01 9.022344946861267090e-01 1.992827802896499634e-01 3.243808448314666748e-01 7.401865482330322266e+00 -1.594703197479248047e-01 1.261637091636657715e+00
-7.938479781150817871e-01 1.633566498756408691e+00 1.017271041870117188e+00 1.233301281929016113e+00 5.386736392974853516e+00 2.019774198532104492e+00 6.983802318572998047e-01 1.041635513305664062e+00
-1.607354640960693359e+00 -4.707739830017089844e+00 2.931075334548950195e+00 5.809041023254394531e+00 4.318343698978424072e-01 -8.619125485420227051e-01 1.110548615455627441e+00 5.466005206108093262e-01
-3.591239690780639648e+00 3.561795711517333984e+00 -1.389032751321792603e-01 1.605975389480590820e+00 1.626852393150329590e+00 -7.383893728256225586e-01 -9.802185744047164917e-02 2.503239154815673828e+00
-6.002089977264404297e-01 4.154966175556182861e-01 1.414472609758377075e-01 -9.820852279663085938e-01 1.439773082733154297e+00 -1.127747893333435059e+00 -4.511946678161621094e+00 -6.160248279571533203e+00
2.003482341766357422e+00 6.011249065399169922e+00 5.805081129074096680e-01 1.847478151321411133e+00 1.881020426750183105e+00 -5.737368464469909668e-01 4.869059324264526367e-01 1.058945775032043457e+00
-7.704588770866394043e-01 -1.441621780395507812e+00 3.046272397041320801e-01 -8.216142654418945312e-01 6.616251945495605469e+00 8.881831169128417969e-01 -4.962277889251708984e+00 2.830422639846801758e+00
-8.758506178855895996e-01 -1.772243499755859375e+00 8.465401530265808105e-01 -4.314102649688720703e+00 -2.746751546859741211e+00 -1.728380680084228516e+00 2.256890237331390381e-01 -9.531940221786499023e-01
9.749869704246520996e-01 -8.411259651184082031e-01 6.334535479545593262e-01 -1.065427780151367188e+00 1.929336547851562500e+00 5.305321514606475830e-02 7.995309829711914062e-01 7.054745554924011230e-01
6.425127029418945312e+00 -1.938170552253723145e+00 -4.200189590454101562e+00 5.026296615600585938e+00 -2.641421794891357422e+00 -8.597098290920257568e-02 -2.000169277191162109e+00 -1.310355901718139648e+00
8.706690669059753418e-01 -8.741552233695983887e-01 -1.141486763954162598e+00 -4.275271296501159668e-01 -3.947439491748809814e-01 6.091140210628509521e-02 -2.762851953506469727e+00 -1.854840755462646484e+00
7.167204022407531738e-01 -4.829061031341552734e+00 1.849764347076416016e+00 6.382603049278259277e-01 -1.697572827339172363e+00 -2.773576974868774414e-01 -9.129316806793212891e-01 -1.367212414741516113e+00
-6.328118324279785156e+00 2.479710131883621216e-01 3.057543039321899414e-01 -6.396600008010864258e-01 3.556822836399078369e-01 -2.538631677627563477e+00 5.291609466075897217e-02 -1.520192623138427734e-01
4.859185695648193359e+00 -1.192821145057678223e+00 7.038812637329101562e-01 5.001519322395324707e-01 1.344316482543945312e+00 8.924497365951538086e-01 -6.461882591247558594e-01 3.183720111846923828e-01
-1.574759364128112793e+00 -3.566781282424926758e-01 -3.651397526264190674e-01 4.837923049926757812e+00 -1.385366797447204590e+00 1.320532560348510742e+00 -3.243215084075927734e-01 7.847647666931152344e-01
2.596739768981933594e+00 -3.716831207275390625e+00 5.002563953399658203e+00 -6.342036724090576172e-01 -1.171929121017456055e+00 -5.742810249328613281e+00 -1.257466554641723633e+00 -8.178920745849609375e-01
1.068045854568481445e+00 -5.348545685410499573e-02 3.890608847141265869e-01 8.219681680202484131e-02 -6.325837969779968262e-02 -4.296685755252838135e-02 4.398553967475891113e-01 3.269236981868743896e-01
-3.416501760482788086e+00 -3.285327911376953125e+00 1.484921813011169434e+00 -1.115336418151855469e+00 -1.477764993906021118e-01 1.953830271959304810e-01 1.330721139907836914e+00 4.574317932128906250e-01
1.861945092678070068e-01 9.724940061569213867e-01 -1.245385631918907166e-01 5.737079143524169922e+00 -6.633204221725463867e-01 6.913895130157470703e+00 1.190728545188903809e+00 5.732464194297790527e-01
-6.254779100418090820e-01 -5.814573168754577637e-01 4.077122211456298828e-01 -3.120088100433349609e+00 3.046109378337860107e-01 9.735577702522277832e-01 -1.210747584700584412e-01 -7.348558902740478516e-01
-5.724319070577621460e-02 1.526781022548675537e-01 -1.321226060390472412e-01 1.228955507278442383e+00 1.120193004608154297e-01 7.925172448158264160e-01 1.609866172075271606e-01 1.504619419574737549e-01
8.326075077056884766e-01 1.610169410705566406e-01 -2.071626186370849609e+00 -5.994802117347717285e-01 -6.472083091735839844e+00 -8.214561343193054199e-01 -5.700870037078857422e+00 1.278856039047241211e+00
5.556968212127685547e+00 5.898250579833984375e+00 3.345540285110473633e+00 -1.796455234289169312e-01 6.557847023010253906e+00 8.512285947799682617e-01 6.018897891044616699e-01 7.003958821296691895e-01
-8.838176131248474121e-01 3.532586336135864258e+00 1.731948375701904297e+00 1.130400061607360840e+00 -1.379782438278198242e+00 9.650068283081054688e-01 -9.598382711410522461e-01 -3.242611289024353027e-01
-3.710156977176666260e-01 -2.182501554489135742e-01 -6.717076897621154785e-02 -6.094207167625427246e-01 -8.175024390220642090e-01 6.014651656150817871e-01 -7.255752086639404297e-01 -1.016974687576293945e+00
-1.265484571456909180e+00 4.264796257019042969e+00 3.993955552577972412e-01 -2.424889653921127319e-01 7.546471953392028809e-01 -6.492177248001098633e-01 -4.301195144653320312e+00 -4.284373521804809570e-01
4.425097703933715820e-01 2.029777914285659790e-01 1.217640876770019531e+00 3.617552816867828369e-01 -1.066686153411865234e+00 2.422466725111007690e-01 5.959036946296691895e-01 2.427314221858978271e-01
-1.995241761207580566e+00 9.548453092575073242e-01 9.551541209220886230e-01 5.973495483398437500e+00 5.548730026930570602e-03 -4.005644097924232483e-02 -1.432255625724792480e+00 5.743645429611206055e-01
6.187343120574951172e+00 -9.860479086637496948e-02 -3.104320526123046875e+00 7.101881504058837891e-01 -2.356543540954589844e-01 2.846816062927246094e+00 -5.184401869773864746e-01 7.489178180694580078e-01
5.139491558074951172e+00 1.203425824642181396e-01 3.685985326766967773e+00 1.653942823410034180e+00 5.114454746246337891e+00 -1.081928491592407227e+00 1.048762321472167969e+00 4.140180051326751709e-01
5.270662784576416016e+00 1.043689489364624023e+00 -1.003992915153503418e+00 -4.049738347530364990e-01 -7.237884044647216797e+00 -6.576707839965820312e+00 2.293323755264282227e+00 3.536360025405883789e+00
3.250959813594818115e-01 6.000822782516479492e-02 3.166668415069580078e-01 -1.336293935775756836e+00 1.455784082412719727e+00 1.400187134742736816e+00 6.903181672096252441e-01 -3.171571969985961914e+00
6.376558303833007812e+00 -2.541593462228775024e-02 -1.693740129470825195e+00 1.658239245414733887e+00 1.503397107124328613e+00 1.492231488227844238e+00 -4.542387485504150391e+00 4.138036668300628662e-01
9.138570427894592285e-01 1.238727383315563202e-02 -4.065297603607177734e+00 -9.826994687318801880e-02 1.705589652061462402e+00 5.858747363090515137e-01 -2.407896965742111206e-01 1.252250671386718750e+00
-1.127299070358276367e+00 -7.281939983367919922e-01 1.057853937149047852e+00 -3.965947628021240234e-01 4.851528406143188477e-01 -3.567958176136016846e-01 -5.526654243469238281e+00 -2.590780735015869141e+00
1.271777510643005371e+00 -8.065928220748901367e-01 2.217370986938476562e+00 1.792391896247863770e+00 5.834361553192138672e+00 -1.415744543075561523e+00 -2.076657414436340332e-01 9.734474420547485352e-01
1.709961533546447754e+00 1.079227447509765625e+00 -4.682981014251708984e+00 2.197931557893753052e-01 -5.495834946632385254e-01 -4.582401216030120850e-01 -4.470977306365966797e+00 -5.145154476165771484e+00
-2.315889120101928711e+00 -3.857168853282928467e-01 1.494479537010192871e+00 -1.737081289291381836e+00 -2.777355670928955078e+00 1.397174447774887085e-01 1.293805837631225586e+00 -4.051327407360076904e-01
1.457943439483642578e+00 5.983166217803955078e+00 1.268949151039123535e+00 -9.404774308204650879e-01 1.283226311206817627e-01 -9.988843202590942383e-01 1.825737833976745605e+00 -3.090986907482147217e-01
9.656672924757003784e-02 -6.157432794570922852e-01 1.349137544631958008e+00 -1.485992074012756348e+00 7.076346874237060547e-01 3.045689582824707031e+00 -5.596891403198242188e+00 -1.175127625465393066e+00
1.153297066688537598e+00 6.241900324821472168e-01 -7.521706223487854004e-01 7.595757246017456055e-01 8.166722655296325684e-01 9.738916158676147461e-01 1.153243482112884521e-01 -1.091730669140815735e-01
-2.173413991928100586e+00 1.089998960494995117e+00 3.673722743988037109e-01 2.595601081848144531e-01 -9.222164750099182129e-02 -1.307311803102493286e-01 -3.772373199462890625e-01 -7.732723951339721680e-01
5.866212844848632812e-01 7.557794451713562012e-01 4.666713997721672058e-02 5.198654174804687500e+00 8.210283517837524414e-01 -4.638275623321533203e+00 2.683259010314941406e+00 1.538015604019165039e+00
1.013002276420593262e+00 -8.142541646957397461e-01 1.131756067276000977e+00 -6.295261383056640625e+00 -4.339136123657226562e+00 2.429829835891723633e+00 -8.585471510887145996e-01 -4.447856426239013672e+00
-2.325335502624511719e+00 2.976424217224121094e+00 -4.901522994041442871e-01 6.218611598014831543e-01 2.136893749237060547e+00 -2.059389352798461914e+00 9.826738834381103516e-01 5.827818870544433594e+00
4.648713171482086182e-01 -6.287525177001953125e+00 -1.987775206565856934e+00 -2.402957677841186523e+00 -1.498380899429321289e-01 -5.450385808944702148e-01 -1.510412216186523438e+00 8.974448442459106445e-01
-3.157281160354614258e+00 -6.465858936309814453e+00 1.099428296089172363e+00 -3.921143531799316406e+00 -1.232841253280639648e+00 -2.320998668670654297e+00 2.866436719894409180e+00 -5.441987514495849609e-01
6.734687834978103638e-02 8.939698338508605957e-01 4.740278050303459167e-02 9.451122283935546875e-01 -1.945172429084777832e+00 -8.768830299377441406e-01 1.325932145118713379e-01 1.037262797355651855e+00
7.949371933937072754e-01 1.025739669799804688e+00 -2.258546948432922363e-01 2.758331000804901123e-01 2.388355255126953125e+00 9.496734142303466797e-01 -4.318756103515625000e+00 6.595851182937622070e-01
3.245789110660552979e-01 3.762128055095672607e-01 5.073883533477783203e-01 1.317761242389678955e-01 5.856528878211975098e-01 -1.586437821388244629e-01 4.748096466064453125e-01 2.396110296249389648e-01
-4.235050082206726074e-01 -5.483620643615722656e+00 -2.057836294174194336e+00 -1.536824464797973633e+00 -1.096005886793136597e-01 -2.608264684677124023e+00 -4.762383937835693359e+00 -1.379192590713500977e+00
6.426494121551513672e-01 6.197950839996337891e+00 -1.026282787322998047e+00 3.609164476394653320e+00 -4.486289501190185547e+00 3.706535816192626953e+00 6.222813129425048828e+00 2.939037084579467773e-01
-2.574967861175537109e+00 -1.316443920135498047e+00 -4.131771087646484375e+00 5.087865144014358521e-02 -4.670975208282470703e+00 -9.242900609970092773e-01 1.278224468231201172e+00 1.369163691997528076e-01
2.159984350204467773e+00 1.063550353050231934e+00 -1.832983374595642090e+00 -5.082066059112548828e-01 2.234126329421997070e+00 2.159291028976440430e+00 -1.805803775787353516e-01 2.405532598495483398e+00
-1.992382854223251343e-01 3.851599395275115967e-01 -5.791210532188415527e-01 6.218526363372802734e-01 6.109899878501892090e-01 -6.204560399055480957e-01 3.805596232414245605e-01 9.304075241088867188e-01
-2.012597799301147461e+00 6.449756145477294922e+00 -1.980086266994476318e-01 2.464198350906372070e+00 7.851482182741165161e-02 -6.135134696960449219e-01 -6.334815621376037598e-01 1.117959976196289062e+00
8.415729403495788574e-01 -1.461260318756103516e-01 -1.383627653121948242e+00 4.258591175079345703e+00 5.487397313117980957e-01 3.664972186088562012e-01 1.273777604103088379e+00 1.113410711288452148e+00
3.100121498107910156e+00 -1.089795827865600586e+00 -4.428928375244140625e+00 -1.911987304687500000e+00 -3.591859042644500732e-01 -6.558777809143066406e+00 -4.607084274291992188e+00 6.613632678985595703e+00
2.078544378280639648e+00 -8.313654661178588867e-01 -1.702858090400695801e+00 8.461125493049621582e-01 1.831570506095886230e+00 -1.442020416259765625e+00 5.513182878494262695e-01 6.079665184020996094e+00
4.227441549301147461e-01 4.648704826831817627e-01 -1.067555427551269531e+00 3.760836422443389893e-01 7.419108748435974121e-01 1.551747322082519531e-01 -2.982526123523712158e-01 8.871333003044128418e-01
2.006175220012664795e-01 -2.726448774337768555e+00 -1.429869830608367920e-01 -9.779935479164123535e-01 -3.185813724994659424e-01 -1.599911212921142578e+00 -3.901019811630249023e+00 -1.736345171928405762e+00
1.321305036544799805e+00 -7.691626548767089844e-01 4.968521893024444580e-01 2.726029157638549805e-01 4.649806320667266846e-01 -4.998766183853149414e-01 -1.285919267684221268e-02 -5.621702671051025391e-01
1.269076347351074219e+00 5.613806724548339844e+00 -9.501018524169921875e-01 1.373864710330963135e-01 2.960241138935089111e-01 -4.639245510101318359e+00 2.919595718383789062e+00 -6.964204907417297363e-01
-3.804912328720092773e+00 -1.591877102851867676e+00 -1.318740844726562500e+00 1.192148447036743164e+00 -6.808242321014404297e+00 1.584559082984924316e+00 3.798878669738769531e+00 -3.145017623901367188e+00
-5.084474012255668640e-02 -2.848579287528991699e-01 5.151506066322326660e-01 -6.535289883613586426e-01 -1.073593378067016602e+00 1.173580288887023926e+00 -1.164424538612365723e+00 5.200630426406860352e-02
4.901596158742904663e-02 6.526398181915283203e+00 3.703264296054840088e-01 -1.938521303236484528e-02 -4.870736505836248398e-03 -1.063870191574096680e+00 -1.800023198127746582e+00 -1.603038549423217773e+00
-1.552840709686279297e+00 5.266888141632080078e+00 -2.465614080429077148e-01 1.028765201568603516e+00 -6.118730545043945312e+00 2.811903655529022217e-01 -6.031684398651123047e+00 9.563794136047363281e-01
4.274831153452396393e-03 -5.031352043151855469e-01 1.083731889724731445e+00 4.993566513061523438e+00 1.810900926589965820e+00 -4.155026376247406006e-01 -2.002588957548141479e-01 5.626432895660400391e-01
4.662908911705017090e-01 7.871602177619934082e-01 2.536706924438476562e-01 2.637152433395385742e+00 5.613265037536621094e-01 3.552640438079833984e+00 -6.460444331169128418e-01 5.701822757720947266e+00
-2.779329776763916016e+00 -6.914472103118896484e+00 -5.794221758842468262e-01 5.431431293487548828e+00 -2.628561854362487793e-01 -3.852468013763427734e+00 1.865324676036834717e-01 6.829434394836425781e+00
1.832463741302490234e+00 -5.477671623229980469e-01 6.003434062004089355e-01 4.725078046321868896e-01 -8.967717885971069336e-01 -2.050229072570800781e+00 3.443453788757324219e+00 -2.029500722885131836e+00
-6.210005760192871094e+00 1.436087727546691895e+00 1.431882143020629883e+00 -2.469103485345840454e-01 1.225700259208679199e+00 6.230669498443603516e+00 6.713668823242187500e+00 -6.579382419586181641e-01
5.405814051628112793e-01 2.509558498859405518e-01 4.175485111773014069e-03 9.442883133888244629e-01 7.761339098215103149e-02 6.352164745330810547e-01 -1.944494128227233887e+00 -4.987561702728271484e-01
7.300013303756713867e-01 -8.348606824874877930e-01 6.355851292610168457e-01 -9.651764631271362305e-01 4.015136510133743286e-02 -1.796617746353149414e+00 1.611467599868774414e+00 -3.128992021083831787e-02
-7.810386419296264648e-01 -4.297783598303794861e-02 7.843471169471740723e-01 1.484781205654144287e-01 -7.567960023880004883e-02 1.682103723287582397e-01 4.557317793369293213e-01 -2.604846477508544922e+00
7.918353080749511719e-01 -8.154466748237609863e-01 2.084430456161499023e-01 -5.645581245422363281e+00 3.532068431377410889e-01 7.738166302442550659e-02 -4.723097681999206543e-01 7.420561313629150391e+00
6.757361292839050293e-01 1.976173162460327148e+00 -4.251182079315185547e-01 -6.380797863006591797e+00 6.200597763061523438e+00 4.673853516578674316e-01 1.514746308326721191e+00 -6.230043888092041016e+00
-2.873378098011016846e-01 -4.643277823925018311e-02 2.290765047073364258e-01 6.345667243003845215e-01 1.515631198883056641e+00 5.229064822196960449e-01 5.065214633941650391e-01 -3.134997189044952393e-01
-6.072144985198974609e+00 -9.986057877540588379e-01 1.107703804969787598e+00 -1.069414377212524414e+00 -4.723216533660888672e+00 4.559384286403656006e-01 6.180210113525390625e+00 -1.445409506559371948e-01
3.627001941204071045e-01 -1.153252497315406799e-01 6.497815847396850586e-01 -7.950356602668762207e-02 -4.352157413959503174e-01 4.394349753856658936e-01 6.628344058990478516e-01 2.156388282775878906e+00
-1.431745052337646484e+00 -4.659105539321899414e-01 -3.824719429016113281e+00 -9.953338503837585449e-01 -3.120625257492065430e+00 -2.554160058498382568e-01 1.421528339385986328e+00 -4.348917603492736816e-01
-1.626758575439453125e+00 -2.105353623628616333e-01 -2.973406314849853516e-01 -3.312784135341644287e-01 -1.129534244537353516e-01 8.571126461029052734e-01 1.359068751335144043e-01 1.964012831449508667e-01
-2.325123786926269531e+00 4.123685359954833984e-01 2.957038879394531250e+00 -1.893276214599609375e+00 2.429829686880111694e-01 5.598348140716552734e+00 -1.076782122254371643e-02 -6.538793087005615234e+00
-3.219722747802734375e+00 2.404013723134994507e-01 -4.823636054992675781e+00 2.585716247558593750e-01 -6.010678410530090332e-01 -4.293566703796386719e+00 -2.016522288322448730e-01 5.235870480537414551e-01
-7.465977668762207031e-01 -2.422719001770019531e-01 1.514585256576538086e+00 -7.984193563461303711e-01 5.078343391418457031e+00 -1.469027519226074219e+00 1.063752770423889160e+00 1.364713668823242188e+00
-6.470526009798049927e-02 5.863590240478515625e+00 6.834050178527832031e+00 -1.590533256530761719e-01 -3.468714237213134766e+00 1.207620620727539062e+00 -5.455070972442626953e+00 -4.271539211273193359e+00
-2.416098594665527344e+00 2.278837203979492188e+00 -8.723463416099548340e-01 1.912248492240905762e+00 1.283285319805145264e-01 -1.424575328826904297e+00 -2.038818836212158203e+00 -2.561356425285339355e-01
-1.195243373513221741e-01 3.831956088542938232e-01 1.036093711853027344e+00 -6.316910982131958008e-01 -4.464474320411682129e-02 -6.863056421279907227e-01 3.801039755344390869e-01 1.806380450725555420e-01
6.292852759361267090e-01 1.575809359550476074e+00 -4.222533702850341797e+00 4.874410629272460938e+00 -7.664040327072143555e-01 -7.968032956123352051e-01 4.851294517517089844e+00 -2.242241859436035156e+00
4.899801686406135559e-02 -4.913748741149902344e+00 4.198935329914093018e-01 7.628607153892517090e-01 -3.066082000732421875e-01 1.625236749649047852e+00 9.126475453376770020e-01 6.775401592254638672e+00
-2.510198159143328667e-03 1.412629485130310059e-01 2.336335033178329468e-01 2.577390708029270172e-02 2.221430391073226929e-01 2.772736735641956329e-02 -1.794677227735519409e-01 -9.665461629629135132e-02
-2.296717166900634766e+00 7.614848613739013672e-01 7.572041511535644531e+00 -5.901361703872680664e-01 -3.539890646934509277e-01 1.054778814315795898e+00 2.291173487901687622e-01 -5.068256855010986328e-01
1.001922130584716797e+00 -1.594819664955139160e+00 -3.405451059341430664e+00 -7.781140804290771484e-01 -1.860323399305343628e-01 1.188387036323547363e+00 -2.675226330757141113e-01 -2.655587673187255859e+00
-7.001919746398925781e+00 8.816532492637634277e-01 3.142054975032806396e-01 -5.737903118133544922e-01 -2.197261333465576172e+00 7.608206570148468018e-02 -1.004857793450355530e-01 8.302740454673767090e-01
-1.973098158836364746e+00 3.668792724609375000e+00 1.701234221458435059e+00 -2.569176554679870605e-01 5.151895880699157715e-01 2.746882736682891846e-01 -2.066230535507202148e+00 1.179185748100280762e+00
-3.822798728942871094e+00 -5.296492099761962891e+00 2.296656131744384766e+00 -1.097769260406494141e+00 -3.183505296707153320e+00 -2.012031525373458862e-01 -1.261165380477905273e+00 -1.904822826385498047e+00
-3.847656399011611938e-02 1.563693761825561523e+00 -4.850968837738037109e+00 -6.860712051391601562e+00 3.507619500160217285e-01 3.803852796554565430e+00 -8.534862995147705078e-01 1.392179846763610840e+00
-4.461066722869873047e-01 -1.184935867786407471e-02 1.682487368583679199e+00 4.946579337120056152e-01 9.222609400749206543e-01 1.042587086558341980e-01 -4.634986400604248047e+00 8.386874794960021973e-01
-4.811479568481445312e+00 -1.415025442838668823e-01 3.084051907062530518e-01 -6.623007297515869141e+00 1.357555270195007324e+00 1.423496961593627930e+00 -4.383962154388427734e-01 2.104934215545654297e+00
-1.492111921310424805e+00 1.356840040534734726e-02 1.037322282791137695e+00 -1.379412174224853516e+00 8.791180849075317383e-01 1.650922775268554688e+00 2.139274120330810547e+00 1.343409419059753418e+00
7.723940610885620117e-01 3.099224567413330078e+00 2.262360304594039917e-01 -4.057379066944122314e-01 -2.922315597534179688e-01 -3.314552903175354004e-01 1.610594987869262695e+00 -7.876118421554565430e-01
-1.057374551892280579e-01 -4.088640213012695312e-01 8.142157793045043945e-01 -7.780771255493164062e-01 3.864727020263671875e-01 2.087926864624023438e-01 9.047429561614990234e-01 5.790826082229614258e-01
9.414616227149963379e-02 -7.480660676956176758e-01 1.606340169906616211e+00 -1.126860529184341431e-01 9.809052944183349609e-02 1.140457153320312500e+00 3.684585392475128174e-01 8.449766635894775391e-01
5.781918168067932129e-01 -4.642604291439056396e-01 1.273483276367187500e+00 -1.789590120315551758e+00 -6.897158622741699219e-01 -1.754670888185501099e-01 1.212966918945312500e+00 9.417135119438171387e-01
-2.536469139158725739e-02 8.175795078277587891e-01 2.609273493289947510e-01 6.219558238983154297e+00 -2.352595143020153046e-02 6.731446981430053711e-01 1.465553879737854004e+00 -1.543804407119750977e-01
2.157469242811203003e-01 3.525804877281188965e-01 4.422178864479064941e-01 -4.408419728279113770e-01 -3.211838752031326294e-02 -1.218134045600891113e+00 -3.083804845809936523e-01 4.415165185928344727e-01
8.844164013862609863e-02 -8.783647418022155762e-01 9.898087382316589355e-01 1.698843955993652344e+00 -3.791895627975463867e+00 3.118231594562530518e-01 -1.297129392623901367e+00 -1.060554742813110352e+00
7.912728190422058105e-01 -3.011061906814575195e+00 4.327318668365478516e+00 -2.669342994689941406e+00 -1.891796141862869263e-01 -4.322164654731750488e-01 -1.153340697288513184e+00 -6.499711513519287109e+00
-4.146907627582550049e-01 -5.351693630218505859e+00 1.629174590110778809e+00 -6.329508781433105469e+00 9.788628816604614258e-01 -4.881530404090881348e-01 -3.730162382125854492e+00 2.210938453674316406e+00
4.929020404815673828e+00 -6.277749538421630859e+00 -4.643777608871459961e-01 -1.695215582847595215e+00 1.116594314575195312e+00 -2.046711444854736328e+00 -6.064515113830566406e-01 -1.286432981491088867e+00
9.509554505348205566e-01 1.225035667419433594e+00 -6.291931867599487305e-01 1.528393387794494629e+00 1.299247503280639648e+00 -1.467953443527221680e+00 2.257082760334014893e-01 -6.456720829010009766e+00
5.368006229400634766e-01 -2.998255729675292969e+00 6.840781688690185547e+00 1.015413478016853333e-01 3.403787612915039062e-01 -1.599982261657714844e+00 -6.198927164077758789e-01 3.361235618591308594e+00
-7.410933077335357666e-02 -1.481915950775146484e+00 -1.405740141868591309e+00 1.082599043846130371e+00 -3.352676630020141602e-01 -1.047604680061340332e+00 -6.975965201854705811e-02 3.544037103652954102e+00
-2.644518613815307617e-01 -2.227722883224487305e+00 1.845882534980773926e+00 6.008022427558898926e-01 -1.341984272003173828e+00 -1.379466891288757324e+00 7.042679786682128906e+00 -2.510312199592590332e-01
-3.248638808727264404e-01 4.438868999481201172e+00 5.663213133811950684e-01 1.013955712318420410e+00 5.830933451652526855e-01 -7.220510840415954590e-01 6.810242652893066406e+00 -1.903891563415527344e+00
-3.750392198562622070e+00 -1.597540378570556641e+00 4.973280429840087891e+00 -3.308200597763061523e+00 -3.378905951976776123e-01 -1.426731824874877930e+00 2.325185060501098633e+00 1.761795759201049805e+00
6.690318584442138672e+00 -1.200670242309570312e+00 8.212257027626037598e-01 -2.861887693405151367e+00 5.116196870803833008e-01 5.448626995086669922e+00 -8.453015238046646118e-02 7.379986047744750977e-01
1.853520572185516357e-01 -1.085510849952697754e-01 3.894090354442596436e-01 -8.160794973373413086e-01 -4.052796214818954468e-02 1.268492221832275391e+00 -4.062767028808593750e+00 -2.218691825866699219e+00
