3.651946067810058594e+00 -6.051188945770263672e+00 -2.343595027923583984e-01 -1.340527176856994629e+00 3.718245029449462891e-01 2.479374259710311890e-01 -2.428012132644653320e+00 2.297267675399780273e+00 -1.714486598968505859e+00 3.318903036415576935e-03 1.034398436546325684e+00 -3.533677816390991211e+00 -5.278174400329589844e+00 5.094817280769348145e-01
-4.520944356918334961e-01 -5.294573307037353516e-01 5.536324977874755859e+00 9.687850624322891235e-02 -6.210659980773925781e+00 1.189928770065307617e+00 -4.688349246978759766e+00 9.179580956697463989e-03 1.064648985862731934e+00 -3.272024989128112793e-01 -3.683076500892639160e-01 -3.607533872127532959e-01 -3.733885288238525391e+00 -1.508903130888938904e-02
-6.191893577575683594e+00 -3.317630589008331299e-01 -5.901343226432800293e-01 -1.086413115262985229e-01 9.608928561210632324e-01 1.028529405593872070e+00 5.233495235443115234e+00 2.494184970855712891e+00 7.379630804061889648e-01 -3.136758804321289062e-01 1.948653340339660645e+00 1.297861188650131226e-01 -1.898737668991088867e+00 -5.913501262664794922e+00
1.931732892990112305e+00 -8.622519373893737793e-01 1.538771986961364746e+00 4.234369397163391113e-01 7.251640796661376953e+00 7.256586551666259766e-01 -1.257924199104309082e+00 -1.822979748249053955e-01 1.259715437889099121e+00 8.097699284553527832e-02 2.463753461837768555e+00 -9.149888157844543457e-01 -6.842005252838134766e+00 -7.184947133064270020e-01
-5.668450832366943359e+00 -1.487195014953613281e+00 -5.824745655059814453e+00 1.017765402793884277e+00 1.152639746665954590e+00 -5.668916106224060059e-01 1.095280647277832031e+00 -1.688371658325195312e+00 2.773634672164916992e+00 2.002933248877525330e-02 5.890313148498535156e+00 -5.666048049926757812e+00 -6.489100456237792969e-01 3.449335694313049316e-01
-3.867806196212768555e+00 3.562258958816528320e+00 3.907176256179809570e+00 -5.181989669799804688e+00 2.148469984531402588e-01 6.608066082000732422e+00 7.221742868423461914e-01 -2.231636524200439453e+00 -9.921404719352722168e-01 4.801268577575683594e+00 -6.798436641693115234e+00 -5.996107101440429688e+00 2.095489263534545898e+00 -7.635292410850524902e-01
-8.054256439208984375e-01 2.803343296051025391e+00 1.471148014068603516e+00 3.852965533733367920e-01 5.037960052490234375e+00 -5.387333393096923828e+00 1.017496347427368164e+00 -6.465953826904296875e+00 2.141245365142822266e+00 1.512346625328063965e+00 -1.555562496185302734e+00 -1.731852173805236816e+00 -3.932362496852874756e-01 1.164224028587341309e+00
-7.802542299032211304e-02 5.270357131958007812e+00 -6.686096668243408203e+00 6.326914429664611816e-01 -3.865230798721313477e+00 7.423462867736816406e+00 -3.954286098480224609e+00 -8.946872949600219727e-01 1.653576254844665527e+00 -6.184375286102294922e-01 1.191615700721740723e+00 -2.323517322540283203e+00 6.626776456832885742e-01 -6.350908875465393066e-01
2.462087392807006836e+00 2.395220518112182617e+00 -1.965372860431671143e-01 6.046304702758789062e-01 -5.854570865631103516e+00 -5.019907474517822266e+00 6.993252754211425781e+00 -1.331758499145507812e+00 6.109679222106933594e+00 1.875963211059570312e+00 2.023258656263351440e-01 2.376619815826416016e+00 -2.305730879306793213e-01 5.114304065704345703e+00
-6.211441993713378906e+00 3.099207162857055664e+00 -4.271553456783294678e-01 8.858974277973175049e-02 -3.805407047271728516e+00 -1.957948505878448486e-01 6.840044021606445312e+00 -1.920686244964599609e+00 6.164545059204101562e+00 -2.760210037231445312e+00 6.696081638336181641e+00 1.386617302894592285e+00 -5.944305062294006348e-01 7.063788771629333496e-01
8.251326680183410645e-01 -6.773684024810791016e-01 1.770516991615295410e+00 1.205907091498374939e-01 -2.085908353328704834e-01 1.907753199338912964e-01 1.889731526374816895e+00 3.312443256378173828e+00 -8.104984760284423828e-01 6.854262351989746094e+00 -7.281000137329101562e+00 -1.165302872657775879e+00 3.112858533859252930e+00 6.260040283203125000e+00
-4.066536903381347656e+00 -1.174840569496154785e+00 5.456944942474365234e+00 7.500296115875244141e+00 7.089862227439880371e-02 2.493452310562133789e+00 -6.240106821060180664e-01 -2.894152164459228516e+00 -1.527038961648941040e-01 -5.679356098175048828e+00 1.422609388828277588e-01 -3.568610429763793945e+00 1.455562859773635864e-01 -9.918289780616760254e-01
-5.443622589111328125e+00 1.699939370155334473e-01 1.226717352867126465e+00 -4.258277893066406250e+00 -6.663271427154541016e+00 2.754719495773315430e+00 1.981115102767944336e+00 -9.675954580307006836e-01 -1.971458077430725098e+00 7.356783866882324219e+00 -6.761842370033264160e-01 -1.673690080642700195e+00 1.809043288230895996e+00 -6.362110972404479980e-01
-3.894843339920043945e+00 -8.062693476676940918e-01 2.396160960197448730e-01 5.643610477447509766e+00 2.152904570102691650e-01 -1.812422037124633789e+00 6.121137142181396484e+00 2.027202367782592773e+00 5.565842628479003906e+00 7.602213621139526367e-01 2.451050519943237305e+00 5.979198813438415527e-01 6.775868535041809082e-01 1.981932640075683594e+00
-9.468050003051757812e-01 2.059663057327270508e+00 2.203079223632812500e+00 -6.495825290679931641e+00 -1.316659092903137207e+00 1.465658068656921387e+00 -3.481369018554687500e-01 7.462961971759796143e-02 -1.541724562644958496e+00 5.650839209556579590e-01 7.257134318351745605e-01 -7.604595422744750977e-01 1.018023610115051270e+00 1.829237222671508789e+00
9.146981239318847656e-01 -4.099460542201995850e-01 1.183652758598327637e+00 -6.873250007629394531e+00 -1.753845214843750000e+00 7.710084319114685059e-01 -9.988672137260437012e-01 -5.913255810737609863e-01 3.021096885204315186e-01 -3.170431852340698242e+00 -1.089985370635986328e-01 2.269335836172103882e-02 -2.985021352767944336e+00 1.122209906578063965e+00
8.543665409088134766e-01 4.858560085296630859e+00 -6.013619422912597656e+00 -9.027752876281738281e-01 3.596235275268554688e+00 6.333575725555419922e+00 4.372315883636474609e+00 -6.153561592102050781e+00 -5.043654441833496094e+00 5.013062357902526855e-01 -5.616856217384338379e-01 6.449090480804443359e+00 5.020143032073974609e+00 4.392652988433837891e+00
-2.727192342281341553e-01 -7.112854123115539551e-01 2.808087825775146484e+00 2.063897848129272461e-01 1.102705746889114380e-01 1.039174675941467285e+00 -4.121888279914855957e-01 7.394664764404296875e+00 -1.952824354171752930e+00 -8.563135266304016113e-01 7.146323323249816895e-01 5.752921104431152344e-01 6.859183311462402344e-01 -4.139901399612426758e-01
-1.302890300750732422e+00 8.866948634386062622e-02 -3.780174255371093750e-01 -9.467723965644836426e-01 -4.785741567611694336e-01 -1.260906100273132324e+00 -6.670349836349487305e-01 7.434529304504394531e+00 8.471234142780303955e-02 -5.604945182800292969e+00 -1.883574247360229492e+00 5.049976706504821777e-02 -1.700474500656127930e+00 -2.203099727630615234e+00
1.950543403625488281e+00 1.724550426006317139e-01 -4.482515811920166016e+00 1.898576974868774414e+00 2.438646078109741211e+00 1.972823977470397949e+00 1.360191345214843750e+00 8.052858710289001465e-01 -3.630996346473693848e-01 9.034767150878906250e-01 1.669138073921203613e+00 3.250178694725036621e-02 7.911967486143112183e-02 9.176490306854248047e-01
3.599375247955322266e+00 1.586779356002807617e+00 3.084887981414794922e+00 1.909100770950317383e+00 1.426286220550537109e+00 6.745290279388427734e+00 -4.923842906951904297e+00 1.167900919914245605e+00 1.094467163085937500e+00 4.764233231544494629e-01 5.586845874786376953e+00 -2.003150224685668945e+00 -1.812829673290252686e-01 5.351271629333496094e+00
-2.264494299888610840e-01 -1.701394081115722656e+00 -5.544936656951904297e-01 -4.203171432018280029e-01 -1.830077409744262695e+00 -1.517366409301757812e+00 1.179101943969726562e+00 -4.094774127006530762e-01 -8.904252052307128906e-01 -2.845208942890167236e-01 6.818054676055908203e+00 -1.024837613105773926e+00 -5.001038908958435059e-01 -1.108846187591552734e+00
-1.908813953399658203e+00 -4.588564336299896240e-01 7.016634464263916016e+00 1.062532305717468262e+00 -1.960137963294982910e+00 -1.700051501393318176e-02 2.507771253585815430e-01 -1.462373256683349609e+00 -4.296687841415405273e-01 1.789602756500244141e+00 -1.187500238418579102e+00 -1.069601699709892273e-01 5.424801707267761230e-01 -1.251142382621765137e+00
3.894942700862884521e-01 -3.661006093025207520e-01 6.353380680084228516e-01 -7.301660180091857910e-01 2.553747296333312988e-01 9.881795197725296021e-02 3.777551949024200439e-01 4.500467330217361450e-02 5.911722183227539062e-01 5.812487602233886719e-01 9.290857911109924316e-01 2.755203656852245331e-02 1.286090016365051270e-01 3.205865621566772461e-01
-2.578052282333374023e-01 2.082690149545669556e-01 1.363904476165771484e+00 1.699091196060180664e+00 2.691955327987670898e+00 1.503230571746826172e+00 1.412599384784698486e-01 -6.917008399963378906e+00 -5.103682875633239746e-01 -4.299688816070556641e+00 -2.825143635272979736e-01 2.247650176286697388e-01 9.275780320167541504e-01 3.335217237472534180e+00
-2.305356025695800781e+00 -4.197635650634765625e+00 1.816803574562072754e+00 6.302092671394348145e-01 -5.836077690124511719e+00 6.343889713287353516e+00 1.651013195514678955e-01 2.397535443305969238e-01 -4.855596125125885010e-01 6.761199951171875000e+00 -5.007315278053283691e-01 -2.041688203811645508e+00 -4.671758115291595459e-01 -1.848921775817871094e-01
1.019395709037780762e+00 4.281259059906005859e+00 8.846580982208251953e-01 5.028855800628662109e-01 -9.249028563499450684e-01 1.305962443351745605e+00 -5.271941184997558594e+00 1.299279212951660156e+00 -4.814866483211517334e-01 1.184339001774787903e-01 2.493410110473632812e+00 -2.204646348953247070e+00 1.268755197525024414e+00 -1.508282542228698730e+00
9.252887964248657227e-01 -5.552477836608886719e+00 6.227805137634277344e+00 1.813158988952636719e+00 -1.115777850151062012e+00 5.710269808769226074e-01 -6.183212280273437500e+00 2.802928924560546875e+00 -4.524239599704742432e-01 -6.037551760673522949e-01 8.073375821113586426e-01 6.651725769042968750e+00 -1.730051159858703613e+00 4.011057853698730469e+00
1.024951815605163574e+00 5.679494142532348633e-01 -2.331524133682250977e+00 -1.407965123653411865e-01 -5.739052295684814453e+00 5.046129226684570312e+00 -9.033213257789611816e-01 -6.923089027404785156e-01 1.312330484390258789e+00 9.306662082672119141e-01 -1.339196443557739258e+00 3.624710440635681152e-01 3.762548863887786865e-01 -7.719264030456542969e-01
-3.219886779785156250e+00 -2.416064500808715820e+00 -1.111159563064575195e+00 -2.327360868453979492e+00 -2.070639610290527344e+00 -5.841330528259277344e+00 -1.415403842926025391e+00 -6.190223217010498047e+00 -2.537447929382324219e+00 -6.752762794494628906e+00 -9.615332484245300293e-01 -3.977016925811767578e+00 -5.062155246734619141e+00 -3.380358591675758362e-02
3.224616348743438721e-01 2.249529361724853516e+00 6.557899117469787598e-01 -1.716464996337890625e+00 -6.498676776885986328e+00 -4.202033042907714844e+00 1.991865873336791992e+00 1.724014282226562500e+00 1.921890497207641602e+00 1.473764419555664062e+00 -2.139872014522552490e-01 8.823491334915161133e-01 -1.041454374790191650e-01 6.055293083190917969e+00
8.332028985023498535e-01 5.060127258300781250e+00 8.728131651878356934e-01 -1.459347844123840332e+00 2.587870955467224121e-01 1.796559214591979980e+00 -1.388106584548950195e+00 1.417883157730102539e+00 2.112047523260116577e-01 -8.485032320022583008e-01 1.320665180683135986e-01 7.467581033706665039e-01 -6.575781106948852539e-01 -5.428152680397033691e-01
-1.039036750793457031e+00 2.079505324363708496e-01 -5.744642615318298340e-01 -2.803158283233642578e+00 -1.288532137870788574e+00 1.789026379585266113e+00 7.285539150238037109e+00 -4.324998378753662109e+00 5.541988372802734375e+00 -2.026235014200210571e-01 5.293618202209472656e+00 5.226496458053588867e-01 2.021702527999877930e+00 -4.428016185760498047e+00
-1.779245972633361816e+00 -2.272984683513641357e-01 -5.245236158370971680e-01 -1.807281374931335449e+00 2.374594926834106445e+00 2.517739310860633850e-02 -2.459960699081420898e+00 -6.039063453674316406e+00 1.573471784591674805e+00 -1.135674953460693359e+00 -5.361875891685485840e-01 1.906694322824478149e-01 1.676261276006698608e-01 -7.693489193916320801e-01
-5.603208541870117188e+00 -6.906600952148437500e+00 1.273576617240905762e+00 -1.706160068511962891e+00 4.785407066345214844e+00 1.002071499824523926e+00 -1.381458401679992676e+00 -1.186988353729248047e+00 1.274724751710891724e-01 6.665852665901184082e-01 -2.281717538833618164e+00 6.396236419677734375e+00 2.600721597671508789e+00 -1.485384225845336914e+00
-5.034151554107666016e+00 -2.101023674011230469e+00 -2.380765199661254883e+00 -1.897119730710983276e-01 6.095560789108276367e-01 -1.354484438896179199e+00 1.377905756235122681e-01 -5.525316715240478516e+00 1.800014823675155640e-02 -4.233582019805908203e+00 6.344809532165527344e-01 -4.086077511310577393e-01 7.353316783905029297e+00 1.066859483718872070e+00
-8.389315009117126465e-01 1.934741139411926270e+00 6.973656654357910156e+00 2.157326936721801758e+00 -8.780956268310546875e-01 -2.504281699657440186e-02 -3.622860431671142578e+00 5.479577064514160156e+00 6.334967613220214844e-01 2.310977876186370850e-01 -1.221737861633300781e+00 -5.167145282030105591e-04 2.513528823852539062e+00 -1.186308383941650391e+00
8.073199987411499023e-01 1.085101723670959473e+00 5.907736778259277344e+00 -2.668522119522094727e+00 1.511793971061706543e+00 8.329885601997375488e-01 -7.388007640838623047e-01 -1.537034869194030762e+00 -6.678521633148193359e-01 -1.917234301567077637e+00 -2.324740171432495117e+00 -2.759624481201171875e+00 -6.033067703247070312e+00 1.025360345840454102e+00
-2.022006809711456299e-01 1.518084049224853516e+00 -6.327783107757568359e+00 -4.167360782623291016e+00 2.029931545257568359e+00 2.187572479248046875e+00 -3.573684990406036377e-01 -2.954236745834350586e+00 -4.758519232273101807e-01 -2.216231584548950195e+00 7.450804710388183594e-01 -2.344969272613525391e+00 1.792583346366882324e+00 -7.283902764320373535e-01
-1.199601769447326660e+00 -4.609672129154205322e-01 -1.971542716026306152e+00 2.135599374771118164e+00 -5.963373780250549316e-01 4.923667907714843750e-01 -1.956046670675277710e-01 -3.971953868865966797e+00 5.327017784118652344e+00 -6.166368007659912109e+00 -3.184967041015625000e+00 -1.772654205560684204e-01 5.149521678686141968e-02 -4.585521221160888672e+00
-1.152975678443908691e+00 -3.079446792602539062e+00 -5.866214275360107422e+00 -1.534518599510192871e+00 -7.618427872657775879e-01 6.921228408813476562e+00 1.393808603286743164e+00 -2.437493056058883667e-01 -3.453070402145385742e+00 1.236457705497741699e+00 -2.686847209930419922e+00 4.922413349151611328e+00 6.722840309143066406e+00 2.322632372379302979e-01
-1.383720278739929199e+00 3.159331977367401123e-01 6.091746330261230469e+00 9.989985823631286621e-01 2.126698255538940430e+00 4.935052394866943359e+00 1.760858178138732910e+00 8.055061101913452148e-01 -4.165880680084228516e-01 6.470903396606445312e+00 9.863480329513549805e-01 1.648525238037109375e+00 -1.083207249641418457e+00 -1.548825263977050781e+00
1.132014155387878418e+00 -7.430962920188903809e-01 3.812188804149627686e-01 -2.184949964284896851e-01 5.605208873748779297e-01 9.281749129295349121e-01 2.824804745614528656e-02 1.310828775167465210e-01 2.864091992378234863e-01 1.861173272132873535e+00 1.176289200782775879e+00 -5.972952365875244141e+00 -7.058937549591064453e+00 -1.078904271125793457e+00
7.060813307762145996e-01 1.050334692001342773e+00 -3.342734813690185547e+00 -2.525489091873168945e+00 7.910059928894042969e+00 1.656768023967742920e-01 -1.158817768096923828e+00 -9.289036393165588379e-01 -3.108661174774169922e+00 1.891794800758361816e+00 -1.716135889291763306e-01 -9.165053963661193848e-01 3.043003678321838379e-01 1.860429495573043823e-01
5.225741863250732422e-01 -7.473019361495971680e-01 -6.378443241119384766e+00 -3.818528413772583008e+00 -5.715391159057617188e+00 -2.627503395080566406e+00 9.703079611063003540e-02 -3.154314756393432617e-01 -1.102803945541381836e+00 -1.002461910247802734e+00 -7.500867545604705811e-02 -6.391176700592041016e+00 -1.707955956459045410e+00 -3.036030530929565430e+00
1.121964693069458008e+00 1.985906600952148438e+00 2.135097980499267578e+00 -5.567480921745300293e-01 6.546661853790283203e+00 1.970177650451660156e+00 6.851884841918945312e+00 -6.217555999755859375e-01 -4.924268126487731934e-01 -4.534978419542312622e-02 1.139638304710388184e+00 -5.919513702392578125e+00 4.554060459136962891e+00 1.157592415809631348e+00
-1.789298176765441895e+00 -8.734912872314453125e-01 -9.826204776763916016e-01 5.817739963531494141e+00 1.413762569427490234e+00 1.926454454660415649e-01 3.361999988555908203e+00 9.012721180915832520e-01 -1.940527915954589844e+00 7.689090728759765625e+00 -7.034314870834350586e-01 1.356241583824157715e+00 1.095035672187805176e+00 4.235128402709960938e+00
6.546001434326171875e+00 -5.358775854110717773e-01 5.235018730163574219e+00 -1.002931967377662659e-01 1.119848638772964478e-01 -1.086591720581054688e+00 -6.435882568359375000e+00 -4.820061624050140381e-01 -3.592311620712280273e+00 5.819302797317504883e-01 -1.317615628242492676e+00 -1.588084340095520020e+00 1.252666860818862915e-01 -5.286201000213623047e+00
8.567452430725097656e-01 -7.183526754379272461e-01 -4.862627983093261719e-01 -5.798361778259277344e+00 2.010439038276672363e-01 1.155455589294433594e+00 -5.143865942955017090e-01 1.446968078613281250e+00 -9.365537762641906738e-01 1.696163892745971680e+00 5.422317504882812500e+00 -1.170429944992065430e+00 -5.735631942749023438e+00 8.094239830970764160e-01
-1.083905220031738281e+00 -3.743286371231079102e+00 -7.314910888671875000e+00 3.015267848968505859e-01 -8.466001749038696289e-01 -6.479185223579406738e-01 -1.426074206829071045e-01 -2.895132541656494141e+00 1.274519681930541992e+00 -1.499869376420974731e-01 2.236204147338867188e+00 2.295601606369018555e+00 -2.496802061796188354e-01 1.204137206077575684e+00
1.864055752754211426e+00 -8.576052784919738770e-01 -2.424265384674072266e+00 1.706875115633010864e-01 -6.872097015380859375e+00 -1.090466618537902832e+00 -1.077849030494689941e+00 -3.517905473709106445e-01 -1.314969539642333984e+00 7.450991868972778320e-01 2.252938747406005859e+00 -1.927017420530319214e-02 -1.830847382545471191e+00 -3.442802131175994873e-01
1.846963465213775635e-01 -1.950390458106994629e+00 2.163096427917480469e+00 5.064764022827148438e+00 5.502578616142272949e-01 8.182860612869262695e-01 -6.020422458648681641e+00 2.556529998779296875e+00 -4.798003196716308594e+00 2.874604940414428711e+00 1.795123696327209473e+00 2.277474880218505859e+00 3.886443376541137695e+00 -5.560676455497741699e-01
-1.415035367012023926e+00 -5.712368965148925781e+00 -7.558685541152954102e-01 -1.214567065238952637e+00 2.494386672973632812e+00 2.762843370437622070e+00 -1.225437521934509277e+00 6.669607162475585938e-01 -4.788022041320800781e+00 -6.263224124908447266e+00 -6.878691673278808594e+00 -6.854125976562500000e+00 2.080587387084960938e+00 9.558389186859130859e-01
7.911977171897888184e-01 7.287235856056213379e-01 7.147482037544250488e-02 2.259042024612426758e+00 2.482195615768432617e+00 5.801340565085411072e-02 -6.589358806610107422e+00 1.902368187904357910e+00 1.882726669311523438e+00 -8.362497687339782715e-01 5.875035762786865234e+00 -6.974037885665893555e-01 -4.434419274330139160e-01 6.739936828613281250e+00
-1.310156464576721191e+00 3.335271477699279785e-01 -3.050744831562042236e-01 1.474289417266845703e+00 -4.462014734745025635e-01 2.091046571731567383e+00 -9.136378765106201172e-01 -5.957210063934326172e+00 -6.390219688415527344e+00 2.040081024169921875e+00 -2.459409236907958984e+00 -1.869520843029022217e-01 -2.866566658020019531e+00 -2.608443498611450195e+00
3.686957061290740967e-02 -6.431312561035156250e+00 5.824439972639083862e-02 4.223693847656250000e+00 5.037949085235595703e-01 -1.038990855216979980e+00 3.978894233703613281e+00 -5.650976657867431641e+00 1.101682066917419434e+00 6.571501493453979492e-01 -1.416096568107604980e+00 -3.942745923995971680e-02 -6.282058238983154297e+00 5.849218368530273438e-01
-6.868594169616699219e+00 3.856984376907348633e+00 1.198784336447715759e-01 1.816187262535095215e+00 -1.874261021614074707e+00 2.986554622650146484e+00 6.795939445495605469e+00 -2.951579093933105469e+00 -2.795126914978027344e+00 -8.167810738086700439e-02 -4.080851078033447266e-01 2.036128759384155273e+00 -1.141165375709533691e+00 -3.526351213455200195e+00
4.243456721305847168e-01 -1.000811457633972168e+00 6.841857433319091797e-01 7.371877670288085938e+00 -2.892323255538940430e+00 1.157898187637329102e+00 -4.808065414428710938e+00 -3.849622309207916260e-01 5.430480957031250000e+00 1.195271015167236328e+00 -2.120430022478103638e-01 9.118939936161041260e-02 4.469689428806304932e-01 -8.241891860961914062e-01
1.098954558372497559e+00 -2.486395359039306641e+00 -1.019931584596633911e-01 -1.986359834671020508e+00 6.279724240303039551e-01 6.171783447265625000e+00 1.256868124008178711e+00 7.394860982894897461e-01 5.941488742828369141e+00 -5.007676601409912109e+00 -1.736115455627441406e+00 6.269099712371826172e+00 -1.134898900985717773e+00 -1.317905545234680176e+00
2.880106270313262939e-01 -2.924015522003173828e+00 6.122517585754394531e+00 -1.280868202447891235e-01 -5.859088301658630371e-01 -1.279506385326385498e-01 3.421496450901031494e-01 3.003293275833129883e+00 2.148961305618286133e+00 -1.798469662666320801e+00 -6.430776119232177734e+00 -1.430333137512207031e+00 -5.965602397918701172e+00 -7.598329186439514160e-01
5.123659610748291016e+00 -1.614796280860900879e+00 -4.004391193389892578e+00 3.214393556118011475e-01 -3.979388475418090820e+00 3.452106237411499023e+00 -7.670256495475769043e-01 1.983984857797622681e-01 -3.555367708206176758e+00 -1.881846427917480469e+00 -8.374003171920776367e-01 2.032503604888916016e+00 1.806848496198654175e-01 3.885650396347045898e+00
2.355007410049438477e+00 -3.892980217933654785e-01 -2.516799211502075195e+00 -2.493961095809936523e+00 -9.294351562857627869e-03 -5.015369892120361328e+00 -3.442138433456420898e+00 -4.165693745017051697e-02 2.282402217388153076e-01 -3.883035778999328613e-01 -1.203106999397277832e+00 -4.751141183078289032e-03 7.436654567718505859e+00 -7.736906409263610840e-01
4.416589438915252686e-02 9.656410813331604004e-01 -1.215508103370666504e+00 -4.319736063480377197e-01 3.696779608726501465e-01 -4.447864055633544922e+00 6.555978059768676758e-01 1.163695812225341797e+00 -2.304353863000869751e-01 -6.177858829498291016e+00 -4.234991967678070068e-01 6.926888465881347656e+00 3.834370136260986328e+00 6.571931242942810059e-01
-4.722113162279129028e-02 -1.851853877305984497e-01 2.793498992919921875e+00 -1.548674702644348145e+00 7.746024608612060547e+00 -5.765575885772705078e+00 1.338035345077514648e+00 3.155206143856048584e-01 6.300604343414306641e-01 5.417394638061523438e-01 6.021895408630371094e+00 1.270280003547668457e+00 1.448444128036499023e+00 -2.352808266878128052e-01
-3.096402883529663086e-01 1.103035926818847656e+00 5.910810232162475586e-01 2.563502788543701172e-01 2.631332278251647949e-01 -6.301675796508789062e+00 -5.435340106487274170e-02 -1.314801931381225586e+00 6.997406959533691406e+00 3.961086273193359375e-01 2.060294449329376221e-01 2.677721738815307617e+00 1.462439537048339844e+00 8.404558300971984863e-01
-4.036321163177490234e+00 6.563749790191650391e+00 1.188779950141906738e+00 1.746290206909179688e+00 6.390931129455566406e+00 6.539506912231445312e+00 2.833762645721435547e+00 -2.685330152511596680e+00 6.049386858940124512e-01 2.538161873817443848e-01 -4.636998653411865234e+00 1.427019953727722168e+00 8.472968339920043945e-01 -9.227274060249328613e-01
2.562893390655517578e+00 -4.207596302032470703e+00 -6.014049053192138672e+00 1.961299329996109009e-01 -4.527188241481781006e-01 -1.129995822906494141e+00 1.802525758743286133e+00 2.789756059646606445e-01 -2.793402910232543945e+00 1.823653578758239746e-01 2.405847012996673584e-01 9.126710891723632812e-01 4.899258613586425781e+00 -1.267790555953979492e+00
5.849285125732421875e-01 6.230248212814331055e-01 -6.027047634124755859e+00 7.999283075332641602e-01 4.103129386901855469e+00 1.287759989500045776e-01 5.171063899993896484e+00 -3.212268054485321045e-01 -9.236957877874374390e-02 -2.412481546401977539e+00 -3.773707151412963867e-01 -8.966315388679504395e-01 -3.046703338623046875e+00 -7.106827735900878906e+00
8.170474171638488770e-01 1.404479980468750000e+00 -6.180833816528320312e+00 -2.256363868713378906e+00 2.372359782457351685e-01 -4.669194817543029785e-01 4.512241780757904053e-01 2.581736326217651367e+00 -2.589184045791625977e+00 1.243565440177917480e+00 1.370773553848266602e+00 1.353280991315841675e-01 2.425319433212280273e+00 2.341239452362060547e+00
-6.455869078636169434e-01 2.467353105545043945e+00 1.749981522560119629e+00 1.379677295684814453e+00 2.606159687042236328e+00 9.884376525878906250e-01 1.209843397140502930e+00 -3.303694486618041992e+00 -7.208797454833984375e+00 -3.308698236942291260e-01 -1.291668415069580078e+00 2.636764049530029297e-01 3.031811952590942383e+00 2.973577737808227539e+00
-4.483778476715087891e+00 -8.452891111373901367e-01 -1.007902503013610840e+00 7.953995466232299805e-01 -7.301216721534729004e-01 -2.124597132205963135e-01 5.342131257057189941e-01 8.677777051925659180e-01 5.800815582275390625e+00 1.223899006843566895e+00 -1.063575148582458496e+00 2.889277040958404541e-01 -1.929762721061706543e+00 7.026755809783935547e+00
5.974263668060302734e+00 1.784836173057556152e+00 -7.057150602340698242e-01 2.097572565078735352e+00 -6.304860115051269531e+00 -5.057784080505371094e+00 -9.104796648025512695e-01 -5.026617050170898438e-01 -2.411079406738281250e+00 -5.627236843109130859e+00 2.063931465148925781e+00 -4.380834400653839111e-01 2.180006027221679688e+00 5.957497119903564453e+00
3.275673627853393555e+00 7.969925999641418457e-01 7.135522842407226562e+00 2.222252607345581055e+00 6.857350349426269531e+00 -5.100348472595214844e+00 1.902488589286804199e+00 -6.703629016876220703e+00 7.083941251039505005e-02 2.606004238128662109e+00 5.707272529602050781e+00 4.653598308563232422e+00 -3.686793148517608643e-01 -5.727649688720703125e+00
3.854483842849731445e+00 2.178882434964179993e-02 6.293290615081787109e+00 7.910249233245849609e-01 1.485296487808227539e-01 -1.885244965553283691e+00 -2.028809040784835815e-01 -6.675078272819519043e-01 -2.658851444721221924e-01 1.533170342445373535e+00 -1.552315235137939453e+00 -6.334551334381103516e+00 1.937207102775573730e+00 -1.494119048118591309e+00
4.404029250144958496e-02 1.900472402572631836e+00 -6.914670467376708984e+00 6.171832561492919922e+00 6.141480207443237305e-01 -2.184852361679077148e-01 -1.765107989311218262e+00 2.459982156753540039e+00 2.349491119384765625e+00 1.904383659362792969e+00 5.663802146911621094e+00 1.529923796653747559e+00 2.309421777725219727e+00 -1.428911566734313965e+00
-1.678991131484508514e-02 -1.756004929542541504e+00 1.160966753959655762e+00 -1.445645451545715332e+00 -3.126075267791748047e+00 2.319029420614242554e-01 -2.295507907867431641e+00 -1.606485694646835327e-01 -6.314640045166015625e+00 -5.809035897254943848e-01 2.097303390502929688e+00 6.362776756286621094e+00 5.273293331265449524e-02 -4.664857864379882812e+00
-1.403836131095886230e+00 -1.392268657684326172e+00 2.133805751800537109e+00 -4.354351460933685303e-01 1.194873332977294922e+00 1.841597795486450195e+00 -1.498202204704284668e+00 -6.361004352569580078e+00 -5.592461585998535156e+00 7.738363146781921387e-01 -6.296298503875732422e+00 5.482191085815429688e+00 1.085549950599670410e+00 -1.848445534706115723e-01
8.691976070404052734e-01 -1.766896605491638184e+00 -1.266650438308715820e+00 -8.000928163528442383e-01 -1.571538925170898438e+00 -1.445916652679443359e+00 -3.304862499237060547e+00 -1.710569500923156738e+00 -8.063378334045410156e-01 -3.071627914905548096e-01 -7.969841957092285156e+00 -2.571694374084472656e+00 1.384968996047973633e+00 -2.663965702056884766e+00
-9.021689891815185547e-01 2.169225364923477173e-02 -1.299707174301147461e+00 1.222382903099060059e+00 -5.667453765869140625e+00 -6.910075545310974121e-01 5.545549392700195312e+00 3.366963386535644531e+00 -1.114575743675231934e+00 -2.691998958587646484e+00 -3.901941776275634766e+00 6.975328922271728516e+00 2.969187736511230469e+00 8.684703707695007324e-01
2.114269495010375977e+00 -2.327813655138015747e-01 -1.634470939636230469e+00 2.673319339752197266e+00 2.453053712844848633e+00 -5.615813255310058594e+00 -3.490808963775634766e+00 2.158304929733276367e+00 3.866815567016601562e+00 -3.234570503234863281e+00 -7.292317867279052734e+00 -5.493824481964111328e-01 -4.737253189086914062e+00 4.431228935718536377e-01
5.513628721237182617e-01 1.158022880554199219e+00 -7.773056626319885254e-01 1.649177432060241699e+00 -8.709748983383178711e-01 -5.039895057678222656e+00 -1.075811743736267090e+00 6.264592170715332031e+00 -6.587018370628356934e-01 6.766046397387981415e-03 8.449915647506713867e-01 3.356089591979980469e-01 -3.525012969970703125e+00 1.314646601676940918e+00
1.071176528930664062e+00 -2.537059783935546875e-01 -2.115755081176757812e+00 1.272828221321105957e+00 -7.807477712631225586e-01 -1.481973409652709961e+00 1.186559915542602539e+00 -9.175552129745483398e-01 -5.066848754882812500e+00 1.477403283119201660e+00 6.614848971366882324e-01 1.368793129920959473e+00 -6.043609619140625000e+00 -1.953970789909362793e+00
4.192673206329345703e+00 8.917927145957946777e-01 3.641520738601684570e-01 8.093503117561340332e-01 5.023692250251770020e-01 -6.024492263793945312e+00 6.006138026714324951e-02 1.211209535598754883e+00 1.456682324409484863e+00 1.006826877593994141e+00 1.809182524681091309e+00 -4.798790454864501953e+00 9.008511304855346680e-01 -3.103171885013580322e-01
3.425596058368682861e-01 -2.283858805894851685e-01 2.696396112442016602e-01 -8.586978316307067871e-01 2.172586470842361450e-01 -1.975313723087310791e-01 7.735053539276123047e+00 1.496894717216491699e+00 3.696754276752471924e-01 -1.382857084274291992e+00 1.154555201530456543e+00 -5.571792125701904297e-01 4.571122303605079651e-02 -9.607837796211242676e-01
6.045848131179809570e-01 5.752770423889160156e+00 -4.489218711853027344e+00 1.461937189102172852e+00 -3.286434888839721680e+00 6.348666548728942871e-01 2.452968508005142212e-01 2.397973060607910156e+00 3.166158914566040039e+00 -5.679407119750976562e+00 -1.492820382118225098e-01 7.141496539115905762e-01 -3.729439377784729004e-01 1.831290721893310547e+00
-6.143681049346923828e+00 7.397876977920532227e-01 -1.403275370597839355e+00 -9.985793828964233398e-01 7.579259872436523438e+00 5.756673812866210938e-01 1.347069382667541504e+00 -2.591301500797271729e-01 -8.267995715141296387e-01 -5.299953460693359375e+00 -4.076109826564788818e-01 -4.767882227897644043e-01 3.747377991676330566e-01 -9.278321266174316406e-01
-1.385122835636138916e-01 -1.965841293334960938e+00 -1.505579233169555664e+00 -2.942392349243164062e+00 4.202652871608734131e-01 2.931157588958740234e+00 -8.135109394788742065e-02 -9.338058829307556152e-01 -6.479642391204833984e-01 7.029082775115966797e+00 5.118399262428283691e-01 -8.257634639739990234e-01 7.048995971679687500e+00 9.310814142227172852e-01
3.767241954803466797e+00 -5.654988765716552734e+00 4.801918268203735352e-01 1.575096547603607178e-01 8.345628380775451660e-01 -5.099530220031738281e-01 1.143851161003112793e+00 -5.212121009826660156e-01 -7.101339817047119141e+00 3.192808628082275391e-01 -1.790612101554870605e+00 -5.670257091522216797e+00 6.645246982574462891e+00 6.167682647705078125e+00
1.813896417617797852e+00 -3.813799023628234863e-01 -1.793894171714782715e+00 -1.937823593616485596e-01 -5.551899433135986328e+00 9.627457261085510254e-01 -1.873517059721052647e-03 -2.130696773529052734e+00 6.941881179809570312e-01 1.800525337457656860e-01 1.509850144386291504e+00 4.444726407527923584e-01 6.590402603149414062e+00 -6.870790958404541016e+00
-5.806707382202148438e+00 6.690101623535156250e-01 -1.792171359062194824e+00 6.842271804809570312e+00 2.283452033996582031e+00 4.332006454467773438e+00 -3.191192150115966797e+00 -4.393364429473876953e+00 1.699659228324890137e+00 2.979015111923217773e+00 -4.088903427124023438e+00 6.821143627166748047e+00 -2.097147941589355469e+00 -2.696717679500579834e-01
3.011261940002441406e+00 -5.072097778320312500e-01 -6.829573512077331543e-01 -6.168354153633117676e-01 -2.157787680625915527e-01 -3.803489208221435547e-01 1.155790388584136963e-01 2.188325166702270508e+00 3.348156452178955078e+00 2.812500596046447754e-01 6.630997180938720703e+00 5.669307231903076172e+00 -6.433691024780273438e+00 -1.102469682693481445e+00
-2.268394529819488525e-01 -5.585756525397300720e-02 6.775823593139648438e+00 -4.724109172821044922e+00 -3.618665933609008789e+00 2.144936323165893555e+00 -1.216618537902832031e+00 -4.278001308441162109e+00 1.191771388053894043e+00 5.970100685954093933e-02 -5.153956413269042969e+00 1.550741195678710938e+00 1.692015886306762695e+00 1.679545491933822632e-01
-1.559615492820739746e+00 -2.869174718856811523e+00 -1.726546436548233032e-01 -5.597272396087646484e+00 -4.998710155487060547e-01 -3.848937749862670898e-01 -7.716047763824462891e-01 -5.614350438117980957e-01 -1.896781101822853088e-02 2.524583339691162109e-01 2.634687125682830811e-01 -6.193322539329528809e-01 9.916695952415466309e-01 -8.658581972122192383e-01
1.330232501029968262e+00 -4.048818111419677734e+00 6.329646110534667969e-01 -1.220081448554992676e+00 2.347817122936248779e-01 1.735014319419860840e+00 -5.436085700988769531e+00 -1.008160561323165894e-01 4.004566192626953125e+00 -1.144393086433410645e-01 -2.566155910491943359e+00 -2.453568458557128906e+00 4.636969089508056641e+00 8.138608932495117188e-01
-1.015364170074462891e+00 -4.933554530143737793e-01 -2.216605991125106812e-01 6.237044557929039001e-02 3.974063992500305176e-01 2.105295509099960327e-01 -2.731692790985107422e-01 -6.736497402191162109e+00 5.375635027885437012e-01 1.076618507504463196e-01 -8.825696110725402832e-01 -1.000999659299850464e-02 2.161922156810760498e-01 -4.726045727729797363e-01
5.528073310852050781e+00 -1.619942784309387207e+00 5.279965326189994812e-02 -6.645658493041992188e+00 -4.868800640106201172e+00 -3.699611127376556396e-01 2.091964334249496460e-01 8.930332064628601074e-01 -1.034343600273132324e+00 -5.216152071952819824e-01 9.869484305381774902e-01 -6.600592136383056641e-01 1.560648441314697266e+00 8.376398682594299316e-02
4.567990899085998535e-01 6.849952697753906250e+00 1.695319771766662598e+00 5.895760059356689453e-01 4.654263496398925781e+00 9.910302758216857910e-01 -1.085302948951721191e+00 5.830984115600585938e-01 -6.940296888351440430e-01 -1.445083260536193848e+00 1.560841679573059082e+00 -2.532694041728973389e-01 9.491313695907592773e-01 4.514881670475006104e-01
1.695967078208923340e+00 -6.158898353576660156e+00 -8.605379611253738403e-02 -4.715501785278320312e+00 -8.797829747200012207e-01 6.611118316650390625e+00 8.826323747634887695e-01 -6.414193511009216309e-01 1.223322272300720215e+00 -6.627225279808044434e-01 -4.570722579956054688e+00 1.056405901908874512e+00 -1.355749249458312988e+00 -4.779392242431640625e+00
-2.245140314102172852e+00 -6.673101902008056641e+00 1.295592904090881348e+00 -3.418346166610717773e+00 -6.343222141265869141e+00 -8.995673656463623047e-01 -6.502353668212890625e+00 2.177282571792602539e-01 -1.549047589302062988e+00 4.132637679576873779e-01 -2.171542406082153320e+00 4.124935865402221680e-01 5.072253942489624023e-01 2.287971019744873047e+00
-4.828288078308105469e+00 2.255362987518310547e+00 -4.010406494140625000e+00 -1.259963035583496094e+00 5.655177682638168335e-02 -2.050690650939941406e+00 1.641577363014221191e+00 4.948361217975616455e-01 2.453686952590942383e+00 -6.204204559326171875e+00 -5.209515094757080078e+00 1.439828872680664062e+00 3.686480820178985596e-01 -2.457101941108703613e-01
-4.419954493641853333e-02 1.879356384277343750e+00 8.115946054458618164e-01 1.464599609375000000e+00 1.163876414299011230e+00 -8.675840497016906738e-01 1.527870446443557739e-01 5.063128657639026642e-03 -4.896651580929756165e-02 -4.987872540950775146e-01 6.634107232093811035e-01 -8.309991359710693359e-01 9.600929170846939087e-02 4.978673934936523438e+00
-6.776328563690185547e+00 -4.718165397644042969e+00 -3.367788344621658325e-02 -1.037162184715270996e+00 -2.933402299880981445e+00 -5.691182613372802734e+00 -4.373302757740020752e-01 3.560740470886230469e+00 2.262948751449584961e+00 -2.366703271865844727e+00 -3.608914613723754883e-01 -7.650789618492126465e-01 1.883649826049804688e-01 -7.270351409912109375e+00
1.857124805450439453e+00 1.481925249099731445e+00 1.254740238189697266e+00 -4.689529418945312500e+00 -4.990710318088531494e-02 -2.912485837936401367e+00 1.389371037483215332e+00 5.639197826385498047e-01 9.629770368337631226e-02 -6.055780410766601562e+00 7.054177284240722656e+00 -1.356628417968750000e+00 5.533276796340942383e-01 -2.163665771484375000e+00
-1.713409423828125000e-01 -2.279965639114379883e+00 3.125357031822204590e-01 -1.777410984039306641e+00 1.528760910034179688e+00 -7.181382924318313599e-02 -5.781922340393066406e-01 -5.166306972503662109e+00 -5.876559615135192871e-01 4.999146461486816406e-01 -1.232167124748229980e+00 -5.561947822570800781e+00 5.735449790954589844e-01 -6.812297701835632324e-01
1.243702530860900879e+00 -5.364255905151367188e+00 2.162163257598876953e+00 -1.900451302528381348e+00 7.662057876586914062e+00 -2.090951919555664062e+00 1.434026122093200684e+00 5.124233961105346680e-01 -1.872699975967407227e+00 6.373073458671569824e-01 -6.705226898193359375e+00 4.854727268218994141e+00 -9.843069314956665039e-01 -1.280677795410156250e+00
1.397591114044189453e+00 4.415958404541015625e+00 -2.028544843196868896e-01 1.594014406204223633e+00 -9.076206088066101074e-01 7.734292030334472656e+00 -6.027290821075439453e+00 -6.880657672882080078e-01 1.238674759864807129e+00 2.408765077590942383e+00 2.143759727478027344e+00 -5.637297153472900391e+00 1.592016339302062988e+00 3.504949569702148438e+00
6.579047679901123047e+00 -4.602728843688964844e+00 1.142629146575927734e+00 5.527431964874267578e-01 -1.073085069656372070e+00 1.837244033813476562e-01 -2.584052801132202148e+00 -6.312186241149902344e+00 -2.535921633243560791e-01 -1.045950412750244141e+00 4.796074390411376953e+00 -4.040403664112091064e-01 3.706200361251831055e+00 -5.845363736152648926e-01
-2.314333677291870117e+00 -6.933701634407043457e-01 -1.929931998252868652e+00 -8.033580183982849121e-01 -9.667617678642272949e-01 -2.110988646745681763e-01 2.394228279590606689e-01 -3.479476213455200195e+00 -2.285320997238159180e+00 1.218895912170410156e+00 -1.668610453605651855e+00 -6.077311992645263672e+00 -2.277698278427124023e+00 -6.626789569854736328e+00
1.280316948890686035e+00 -1.513067007064819336e+00 9.455823302268981934e-01 -3.837078213691711426e-01 1.338349342346191406e+00 -5.044572949409484863e-01 -4.517238438129425049e-01 9.477674365043640137e-01 -6.117130517959594727e-01 9.522030949592590332e-01 -5.651619911193847656e+00 -3.170607566833496094e+00 -1.773357391357421875e+00 -1.254438877105712891e+00
5.964150428771972656e-01 6.760670185089111328e+00 1.228277921676635742e+00 3.168314456939697266e+00 3.598996162414550781e+00 -1.807528376579284668e+00 1.819296553730964661e-02 1.529410481452941895e+00 2.088349498808383942e-02 -4.758376598358154297e+00 -9.174626469612121582e-01 3.714876174926757812e-01 5.303452014923095703e+00 -6.517461776733398438e+00
5.151690006256103516e+00 6.197036057710647583e-02 6.213859081268310547e+00 -1.362056970596313477e+00 -5.731322765350341797e+00 -2.970548152923583984e+00 1.147859096527099609e+00 -6.810638904571533203e+00 -1.640519499778747559e+00 1.045330882072448730e+00 6.532522201538085938e+00 7.072113752365112305e-01 3.850572928786277771e-02 1.555885076522827148e+00
4.109966754913330078e-01 -6.363857388496398926e-01 2.002970129251480103e-01 3.285763263702392578e-01 -2.632241487503051758e+00 2.035420894622802734e+00 6.268123626708984375e+00 6.236879825592041016e+00 -2.224026441574096680e+00 -5.676222324371337891e+00 -3.697242975234985352e+00 5.239908695220947266e-01 -4.550860822200775146e-01 -4.755310416221618652e-01
1.831107258796691895e+00 4.760163307189941406e+00 1.334741115570068359e+00 -1.961608529090881348e+00 4.582168459892272949e-01 -1.472479343414306641e+00 -2.285533905029296875e+00 -4.880966663360595703e+00 -2.075613975524902344e+00 -3.167631626129150391e-01 -7.136814594268798828e+00 7.456255555152893066e-01 -1.575165390968322754e+00 2.037548303604125977e+00
1.158124566078186035e+00 -3.326516449451446533e-01 -7.914773821830749512e-01 -6.580390781164169312e-02 7.191215157508850098e-01 4.701601564884185791e-01 5.452877521514892578e+00 6.538879871368408203e+00 8.201230764389038086e-01 2.358773708343505859e+00 1.365406394004821777e+00 -5.765030384063720703e+00 2.433323144912719727e+00 5.710033893585205078e+00
2.670879840850830078e+00 1.219459772109985352e+00 -2.489141374826431274e-01 6.563233137130737305e-01 -1.441759057343006134e-03 -2.188106179237365723e-01 6.246390938758850098e-01 -8.173817396163940430e-01 -5.289710164070129395e-01 7.010096073150634766e+00 1.832775592803955078e+00 1.016306281089782715e+00 1.433768987655639648e+00 5.772837251424789429e-02
7.100403904914855957e-01 8.820126056671142578e-01 5.864781379699707031e+00 9.332444667816162109e-01 2.303554296493530273e+00 -5.686722278594970703e+00 -3.462593555450439453e-01 2.893006324768066406e+00 -1.281197190284729004e+00 6.913074970245361328e+00 3.631746768951416016e+00 4.584681034088134766e+00 1.028967142105102539e+00 -2.515372037887573242e-01
-1.979212522506713867e+00 1.170706897974014282e-01 2.921165227890014648e-01 -1.394370913505554199e+00 6.311704516410827637e-01 1.663944959640502930e+00 -9.297224283218383789e-01 5.702008724212646484e+00 5.528861999511718750e+00 1.198430806398391724e-01 -1.560805916786193848e+00 -1.446045875549316406e+00 2.799061298370361328e+00 -5.747088432312011719e+00
1.213058114051818848e+00 3.432635366916656494e-01 -1.408131480216979980e+00 6.116666793823242188e-01 -1.395016670227050781e+00 7.606836795806884766e+00 1.385562181472778320e+00 -5.263947010040283203e+00 -4.496888071298599243e-02 -1.421722292900085449e+00 -1.217587351799011230e+00 8.088659644126892090e-01 7.187945246696472168e-01 5.304419994354248047e-01
-2.448238432407379150e-01 -1.128706932067871094e+00 -1.622817993164062500e+00 -3.401808500289916992e+00 3.895593062043190002e-02 -4.328512027859687805e-02 -5.369571685791015625e+00 -7.851935625076293945e-01 -1.912389695644378662e-01 7.385387420654296875e+00 -1.130893230438232422e+00 1.944347620010375977e-01 7.327497601509094238e-01 -1.034378528594970703e+00
-1.985595822334289551e+00 -3.756859302520751953e+00 -5.880873203277587891e-01 1.169703841209411621e+00 7.597033023834228516e+00 -5.318192481994628906e+00 -5.161585807800292969e+00 -1.501639634370803833e-01 4.504941940307617188e+00 2.587620019912719727e-01 -1.038442969322204590e+00 -1.762469649314880371e+00 -3.165217041969299316e-01 2.369112014770507812e+00
-4.365952908992767334e-01 1.155351519584655762e+00 -1.999112814664840698e-01 2.291130781173706055e+00 1.559579968452453613e+00 1.054686069488525391e+00 1.177075624465942383e+00 -3.011796772480010986e-01 -6.673346519470214844e+00 4.446749687194824219e+00 -1.795870184898376465e+00 -1.154086470603942871e+00 -1.125416278839111328e+00 3.459069490432739258e+00
1.381893754005432129e+00 1.524565219879150391e+00 9.740586280822753906e-01 1.876465201377868652e+00 5.579020380973815918e-01 1.322921872138977051e+00 -1.163138747215270996e+00 5.299677848815917969e-01 1.812770605087280273e+00 2.167493104934692383e-01 5.289685249328613281e+00 -4.490092098712921143e-01 7.123421669006347656e+00 -3.172062933444976807e-01
6.171205997467041016e+00 8.772253990173339844e-01 -2.052976369857788086e+00 7.926267385482788086e-02 -5.350264072418212891e+00 -4.910146713256835938e+00 1.270580649375915527e+00 2.463006258010864258e+00 -1.705951571464538574e+00 -8.517179489135742188e-01 6.552413702011108398e-01 5.219134688377380371e-01 -5.525442123413085938e+00 -1.258114457130432129e+00
-1.142669677734375000e+00 6.565455913543701172e+00 -4.316484928131103516e+00 1.859013736248016357e-02 1.209556102752685547e+00 -1.042000412940979004e+00 -6.284579277038574219e+00 -7.838026434183120728e-02 5.038347840309143066e-01 4.299969673156738281e+00 -3.884585797786712646e-01 -3.305405974388122559e-01 1.633215099573135376e-01 -2.319681406021118164e+00
-3.728910386562347412e-01 1.543909430503845215e+00 -4.378837943077087402e-01 3.272989034652709961e+00 -5.771059989929199219e+00 7.730556726455688477e-01 -7.095590829849243164e-01 3.507614374160766602e+00 -6.259390354156494141e+00 -2.619276762008666992e+00 -4.159591197967529297e-01 1.049080133438110352e+00 -9.221577048301696777e-01 4.496650993824005127e-01
1.966898441314697266e-01 -1.150795578956604004e+00 1.787325501441955566e+00 -1.473656773567199707e+00 6.651600360870361328e+00 -1.237564444541931152e+00 -1.266490221023559570e-01 3.192725479602813721e-01 1.307640552520751953e+00 3.345584630966186523e+00 -1.863226413726806641e+00 -2.385461568832397461e+00 -1.871253132820129395e+00 -7.233285903930664062e+00
-6.028580188751220703e+00 -3.515033721923828125e+00 -7.848988771438598633e-01 -3.109576940536499023e+00 1.952613353729248047e+00 4.117858707904815674e-01 4.578552544116973877e-01 7.011817932128906250e+00 -4.520888328552246094e+00 -2.887473106384277344e-01 8.469195961952209473e-01 -8.971835970878601074e-01 -5.024497985839843750e+00 7.287505865097045898e-01
-2.734066009521484375e+00 1.745367527008056641e+00 -4.871799349784851074e-01 -5.280311584472656250e+00 -1.823834925889968872e-01 1.699515819549560547e+00 -2.312345743179321289e+00 -3.833425045013427734e+00 1.272266864776611328e+00 1.378811955451965332e+00 2.144328117370605469e+00 5.021393895149230957e-01 3.222802639007568359e+00 -5.759630203247070312e+00
-1.591866374015808105e+00 1.564581513404846191e+00 5.855595588684082031e+00 1.178768038749694824e+00 7.863020300865173340e-01 4.876853466033935547e+00 9.266354441642761230e-01 7.344558238983154297e-01 1.966038703918457031e+00 7.880004048347473145e-01 -4.451625049114227295e-01 -6.045763492584228516e-01 -3.577562794089317322e-02 6.091852664947509766e+00
-5.656007528305053711e-01 1.638455867767333984e+00 -2.568947374820709229e-01 6.782034873962402344e+00 -2.591572523117065430e+00 3.930410861968994141e+00 -4.992579460144042969e+00 -5.741583347320556641e+00 -2.438395738601684570e+00 3.196148872375488281e+00 -7.651712298393249512e-01 -6.143929004669189453e+00 -5.740220546722412109e-01 -2.702224493026733398e+00
1.801442027091979980e+00 9.750350117683410645e-01 2.423387169837951660e-01 1.836214303970336914e+00 -1.154299378395080566e+00 -2.923003435134887695e+00 3.168181657791137695e+00 4.431297183036804199e-01 -1.016302466392517090e+00 5.670414447784423828e+00 4.701999425888061523e-01 -5.275702953338623047e+00 1.434438109397888184e+00 -6.251936435699462891e+00
-6.993959546089172363e-01 4.867959022521972656e+00 6.039366722106933594e-01 -4.186257362365722656e+00 -5.545531272888183594e+00 -2.519845962524414062e+00 5.021409988403320312e+00 5.159177780151367188e-01 -6.038262248039245605e-01 -1.743778347969055176e+00 -6.251991391181945801e-01 1.216972827911376953e+00 -1.778793573379516602e+00 -5.832407474517822266e+00
-2.079730749130249023e+00 -3.244777441024780273e+00 -5.215737342834472656e+00 2.489653825759887695e+00 2.222871780395507812e-01 8.138880729675292969e-01 -3.185871616005897522e-02 -1.454069614410400391e+00 6.266634464263916016e+00 1.862035989761352539e+00 1.243208199739456177e-01 6.135561466217041016e+00 5.154336094856262207e-01 -3.257699012756347656e+00
-4.559692442417144775e-01 3.289361000061035156e+00 7.191602230072021484e+00 1.451113671064376831e-01 1.488428831100463867e+00 -6.474856853485107422e+00 -6.838971138000488281e+00 -1.999406218528747559e+00 -2.197546005249023438e+00 -6.809329390525817871e-01 -2.857871055603027344e+00 2.165586501359939575e-01 -2.246605157852172852e+00 6.913948655128479004e-01
-8.057108521461486816e-01 1.474267840385437012e-01 4.394919276237487793e-01 -1.628103107213973999e-01 -1.275950111448764801e-03 2.993495762348175049e-01 -1.112222597002983093e-01 -1.391924977302551270e+00 -3.130879998207092285e-01 -3.948941528797149658e-01 7.679786533117294312e-02 -1.448376476764678955e-01 -1.512511372566223145e-01 7.689335942268371582e-01
7.003251552581787109e+00 1.553194642066955566e+00 1.176588416099548340e+00 -4.127163589000701904e-01 1.484630554914474487e-01 3.960043191909790039e-01 6.211565971374511719e+00 -4.504508376121520996e-01 -6.709475040435791016e+00 4.020699977874755859e+00 5.840834140777587891e+00 7.969397306442260742e-01 -2.033354997634887695e+00 8.047450184822082520e-01
3.161104202270507812e+00 -2.645698487758636475e-01 -6.477058887481689453e+00 -2.382085025310516357e-01 2.330151557922363281e+00 1.638034701347351074e+00 3.422781229019165039e-01 -1.627495408058166504e+00 -2.055530786514282227e+00 6.375694274902343750e+00 -1.062981933355331421e-01 2.236295223236083984e+00 -9.170288443565368652e-01 5.987313270568847656e+00
6.219149112701416016e+00 1.105187892913818359e+00 -2.428854703903198242e+00 3.216745615005493164e+00 6.636188983917236328e+00 6.902547478675842285e-01 1.299476981163024902e+00 -3.167777955532073975e-01 -2.316317319869995117e+00 2.170151472091674805e-01 2.324364662170410156e+00 -3.985073566436767578e+00 2.680075168609619141e+00 1.553175568580627441e+00
-1.466847538948059082e+00 5.445930957794189453e+00 6.869586467742919922e+00 -1.416478008031845093e-01 -2.145279169082641602e+00 2.142645120620727539e-01 -1.493233799934387207e+00 -5.753285408020019531e+00 -5.923267602920532227e-01 -4.186560153961181641e+00 -1.774682641029357910e+00 5.670307636260986328e+00 2.083452701568603516e+00 8.217334747314453125e-01
-1.387646198272705078e-01 9.885516762733459473e-01 -2.854673624038696289e+00 -5.429953932762145996e-01 1.891132116317749023e+00 1.803822875022888184e+00 -5.846459388732910156e+00 -2.101341247558593750e+00 -3.643940687179565430e-01 2.774540185928344727e+00 -6.695565700531005859e+00 1.224576354026794434e+00 -3.911242008209228516e+00 -1.864531934261322021e-01
-6.737322807312011719e-01 6.693743705749511719e+00 -1.580526977777481079e-01 1.178738713264465332e+00 -3.845836222171783447e-02 7.162502408027648926e-01 1.356293916702270508e+00 1.239816248416900635e-01 -4.607728421688079834e-01 1.193988472223281860e-01 2.242627143859863281e-01 6.898953437805175781e+00 -4.878258705139160156e+00 -6.721816062927246094e-01
8.495531976222991943e-03 -1.222557067871093750e+00 -3.283238410949707031e-01 -1.446294426918029785e+00 1.008585453033447266e+00 -5.387800216674804688e+00 -8.406761884689331055e-01 3.383841276168823242e+00 -7.382814407348632812e+00 2.219685316085815430e+00 -1.395765185356140137e+00 4.020833969116210938e+00 -1.602379560470581055e+00 -9.216615557670593262e-01
-5.586272716522216797e+00 2.544942200183868408e-01 -9.037301689386367798e-02 -7.591083526611328125e+00 -2.228236049413681030e-01 2.080150365829467773e+00 -1.705120325088500977e+00 -6.372322082519531250e+00 5.964174866676330566e-01 -1.238023415207862854e-01 4.447151422500610352e-01 -7.193606495857238770e-01 5.954481363296508789e-01 -2.878076791763305664e+00
1.495707750320434570e+00 -1.343381404876708984e-01 -2.653568387031555176e-01 5.380935072898864746e-01 -4.655273556709289551e-01 -3.433111310005187988e-01 8.169838786125183105e-01 -1.988331973552703857e-01 5.775403976440429688e-01 8.097199797630310059e-01 1.308282762765884399e-01 -5.968678370118141174e-02 2.318270802497863770e-01 1.460244059562683105e-01
-5.559226870536804199e-01 -2.598751783370971680e+00 -4.245354831218719482e-01 -2.747455835342407227e+00 -4.287424564361572266e+00 -5.305472016334533691e-01 -2.097191095352172852e+00 -6.319073438644409180e-01 -6.844411373138427734e+00 1.276162028312683105e+00 1.128845572471618652e+00 -1.813016414642333984e+00 -4.155533313751220703e+00 1.379103660583496094e+00
-5.415819644927978516e+00 6.548909664154052734e+00 -3.011602163314819336e-01 2.321772724390029907e-01 -5.082825422286987305e-01 -6.253460884094238281e+00 2.838303148746490479e-01 8.847542852163314819e-02 4.116318702697753906e+00 5.267818570137023926e-01 -6.566334962844848633e-01 -2.281625509262084961e+00 -3.127147912979125977e+00 -1.935173422098159790e-01
2.936018943786621094e+00 -5.439538955688476562e-01 9.012778997421264648e-01 6.017377376556396484e-01 -5.925948619842529297e+00 2.998932600021362305e-01 -6.132814407348632812e+00 9.920535683631896973e-01 5.236928164958953857e-02 1.008077740669250488e+00 1.169416904449462891e+00 1.942734122276306152e+00 -1.159168183803558350e-01 -1.688697934150695801e+00
1.386143207550048828e+00 -6.263052940368652344e+00 -1.333397388458251953e+00 2.077719211578369141e+00 6.510265827178955078e+00 1.623649835586547852e+00 -1.792958855628967285e+00 -6.905132770538330078e+00 3.096409738063812256e-01 3.047204315662384033e-01 4.681523799896240234e+00 -1.788243532180786133e+00 7.244037151336669922e+00 -3.115397691726684570e-01
-1.095656037330627441e+00 4.827387809753417969e+00 -3.951970040798187256e-01 -7.344568967819213867e-01 6.950898170471191406e+00 1.620184898376464844e+00 -6.366311073303222656e+00 1.102320790290832520e+00 -5.226766586303710938e+00 6.484475135803222656e+00 -2.418244481086730957e-01 -1.942643761634826660e+00 -4.074994564056396484e+00 -1.179094433784484863e+00
3.509427547454833984e+00 5.433942317962646484e+00 5.188047409057617188e+00 -1.540857076644897461e+00 3.366452932357788086e+00 1.609310507774353027e+00 6.764489650726318359e+00 1.387909173965454102e+00 6.526649475097656250e+00 2.654520422220230103e-02 1.079260855913162231e-01 9.716296792030334473e-01 4.282600879669189453e+00 1.803214997053146362e-01
5.699002265930175781e+00 2.044070482254028320e+00 5.403009414672851562e+00 2.994505405426025391e+00 6.355989933013916016e+00 9.629222750663757324e-01 8.374525904655456543e-01 7.669707387685775757e-02 -2.033814668655395508e+00 -3.874786376953125000e+00 2.720275521278381348e-01 -9.009402245283126831e-02 3.071132004261016846e-01 4.276934564113616943e-01
6.499804258346557617e-01 4.876938760280609131e-01 -5.473883152008056641e+00 2.605012893676757812e+00 1.787435293197631836e+00 7.012074947357177734e+00 -9.180112481117248535e-01 1.279723763465881348e+00 -7.396253347396850586e-01 -6.104584693908691406e+00 8.769232630729675293e-01 2.501852035522460938e+00 6.668995618820190430e-01 1.306013464927673340e+00
2.032220214605331421e-01 -8.017531037330627441e-01 -2.635129094123840332e-01 -5.996489524841308594e+00 5.570405349135398865e-02 1.618464887142181396e-01 1.047000646591186523e+00 4.346854388713836670e-01 1.413864642381668091e-01 8.102375268936157227e-01 -4.581714630126953125e+00 4.898889958858489990e-01 -6.058817505836486816e-01 2.164811611175537109e+00
-1.658597946166992188e+00 5.980526447296142578e+00 2.873067378997802734e+00 2.888359069824218750e+00 7.774135470390319824e-01 -3.689698278903961182e-01 6.780181407928466797e+00 5.976969599723815918e-01 7.558989524841308594e-02 -7.937629222869873047e-01 2.252859592437744141e+00 -2.943417727947235107e-01 3.216445446014404297e-01 5.394759178161621094e+00
5.692515850067138672e+00 1.613605618476867676e+00 3.819052457809448242e+00 -9.773083925247192383e-01 2.035822153091430664e+00 1.509544134140014648e+00 6.690834462642669678e-02 -2.811261713504791260e-01 1.123528361320495605e+00 -2.193471670150756836e+00 1.732987761497497559e+00 5.634382367134094238e-01 -1.458592116832733154e-01 -1.796260178089141846e-01
8.115601539611816406e-01 -2.079056978225708008e+00 2.423171043395996094e+00 -6.630569934844970703e+00 5.659035444259643555e-01 5.807584285736083984e+00 9.234725236892700195e-01 6.016355037689208984e+00 2.519103050231933594e+00 9.516738653182983398e-01 2.139944285154342651e-01 5.595173358917236328e+00 -4.184291362762451172e-01 9.904712438583374023e-01
-2.192997217178344727e+00 -4.078022956848144531e+00 -1.161792993545532227e+00 -5.484626889228820801e-01 -6.075422763824462891e+00 -1.056007981300354004e+00 -3.744831979274749756e-01 3.990205824375152588e-01 4.549383163452148438e+00 2.409729957580566406e-01 -8.530997037887573242e-01 1.451444864273071289e+00 7.211776971817016602e-01 -1.065403595566749573e-01
7.115579128265380859e+00 -1.897169709205627441e+00 -2.505278587341308594e-01 6.552585124969482422e+00 2.826248645782470703e+00 8.538354039192199707e-01 6.033145904541015625e+00 -6.103147029876708984e+00 1.778686642646789551e+00 -2.341313362121582031e+00 1.660592794418334961e+00 1.275457501411437988e+00 -3.910912871360778809e-01 1.341869980096817017e-01
-6.038059234619140625e+00 -2.244931936264038086e+00 -4.586467444896697998e-01 1.096687987446784973e-01 -6.141845703125000000e+00 -4.602509975433349609e+00 5.896066665649414062e+00 2.298993825912475586e+00 1.999655961990356445e-01 2.810631036758422852e+00 5.993799686431884766e+00 -2.105157375335693359e+00 7.723573446273803711e-01 -7.482340335845947266e-01
5.911947250366210938e+00 1.484788179397583008e+00 -1.536267518997192383e+00 -1.276625990867614746e+00 -1.887219786643981934e+00 -5.191111087799072266e+00 1.653440833091735840e+00 2.852659702301025391e+00 1.046676397323608398e+00 -4.861261844635009766e+00 -9.501367807388305664e-02 -9.054402112960815430e-01 -2.056938648223876953e+00 -1.370718143880367279e-02
9.342158585786819458e-02 3.207490921020507812e+00 1.561488509178161621e+00 1.557028770446777344e+00 1.164592027664184570e+00 4.761693000793457031e+00 -2.633450627326965332e-01 5.592844486236572266e-01 9.828717708587646484e-01 2.055667638778686523e+00 6.805514812469482422e+00 -2.515391826629638672e+00 -6.048669815063476562e+00 2.826275825500488281e+00
1.652849197387695312e+00 1.574926078319549561e-01 7.942879796028137207e-01 5.062817409634590149e-02 2.474310398101806641e-01 4.522936642169952393e-01 -4.472769737243652344e+00 -1.014737337827682495e-01 -8.419722318649291992e-01 -7.155318260192871094e-01 -2.476426512002944946e-01 5.720531344413757324e-01 8.864873647689819336e-01 5.853742599487304688e+00
-7.158513069152832031e+00 5.420248031616210938e+00 1.650786638259887695e+00 5.105381011962890625e-01 -4.611815452575683594e+00 -7.905711531639099121e-01 -6.064054965972900391e+00 -8.422138094902038574e-01 -4.814974665641784668e-01 -9.546106457710266113e-01 1.252759575843811035e+00 2.511476993560791016e+00 -3.100600540637969971e-01 4.633745193481445312e+00
-1.463467478752136230e+00 2.223631381988525391e+00 -9.273365736007690430e-01 8.729856610298156738e-01 -2.813214361667633057e-01 -1.233745932579040527e+00 -4.006840229034423828e+00 1.296244382858276367e+00 5.474849343299865723e-01 1.138064146041870117e+00 -1.014300465583801270e+00 -5.606540665030479431e-02 2.620439052581787109e+00 -7.781127095222473145e-01
-1.475945711135864258e+00 -8.882510662078857422e-01 4.316476345062255859e+00 1.702771782875061035e-01 7.160201072692871094e-01 4.189652204513549805e-01 2.605470657348632812e+00 -2.987843155860900879e-01 3.395990610122680664e+00 4.169732332229614258e-01 -5.404975414276123047e-01 -3.529747962951660156e+00 7.522364616394042969e+00 1.269488096237182617e+00
-5.727631568908691406e+00 -2.020275831222534180e+00 -2.755298852920532227e+00 1.296563982963562012e+00 1.150519371032714844e+00 -1.365169644355773926e+00 -2.232805192470550537e-01 -1.076560497283935547e+00 -4.635182380676269531e+00 -2.138744831085205078e+00 1.259255886077880859e+00 6.041081905364990234e+00 -1.263157844543457031e+00 -3.608364462852478027e-01
-6.339885234832763672e+00 -6.224095344543457031e+00 2.263162851333618164e+00 4.005167484283447266e+00 -5.996438980102539062e+00 1.622393846511840820e+00 1.422278523445129395e+00 2.830876588821411133e+00 2.779831886291503906e-01 -2.048539638519287109e+00 1.215118885040283203e+00 3.204528093338012695e-01 -2.124976158142089844e+00 -1.216087818145751953e+00
4.670180976390838623e-01 -2.347581982612609863e-01 7.414227962493896484e+00 -9.514758586883544922e-01 3.719313383102416992e+00 5.045009255409240723e-01 -2.677083253860473633e+00 6.331211566925048828e+00 2.212194442749023438e+00 -8.877671360969543457e-01 4.000512361526489258e-01 -1.736008286476135254e+00 -2.044483900070190430e+00 -6.455596923828125000e+00
4.401854574680328369e-01 -1.454239726066589355e+00 -5.558078765869140625e+00 -1.576888799667358398e+00 6.646166443824768066e-01 1.613453388214111328e+00 5.778156518936157227e-01 5.625579833984375000e+00 -2.837721347808837891e+00 -1.336852669715881348e+00 2.511752605438232422e+00 -4.539719581604003906e+00 -1.679780602455139160e+00 -6.359236240386962891e-01
3.555367290973663330e-01 -6.523156166076660156e-01 7.924217581748962402e-01 -2.869517207145690918e-01 7.788810729980468750e-01 2.958498597145080566e-01 1.650710105895996094e-01 5.993935465812683105e-01 1.038252115249633789e+00 1.367153286933898926e+00 -1.050053015351295471e-01 -2.009936720132827759e-01 -7.017711177468299866e-03 1.359317660331726074e+00
-1.733592629432678223e+00 5.554510593414306641e+00 -1.444492578506469727e+00 2.440388947725296021e-01 -1.661459445953369141e+00 -3.310486078262329102e+00 -1.395383238792419434e+00 5.945191383361816406e+00 -1.391100764274597168e+00 7.952364087104797363e-01 -9.818000197410583496e-01 4.741584509611129761e-02 -4.471170902252197266e-01 3.253997087478637695e+00
-1.332560777664184570e+00 1.314537525177001953e+00 -5.978106498718261719e+00 -6.206264495849609375e+00 3.593243837356567383e+00 3.841881275177001953e+00 7.164495468139648438e+00 9.243278503417968750e-01 2.241379261016845703e+00 -1.850771546363830566e+00 -6.249092221260070801e-01 2.287050485610961914e-01 -3.656144142150878906e+00 2.079134702682495117e+00
1.070568084716796875e+00 -1.069478750228881836e+00 -5.416541695594787598e-01 4.940883159637451172e+00 -1.627611517906188965e+00 -1.296082139015197754e+00 -2.717793703079223633e+00 3.855018615722656250e-01 -6.979823708534240723e-01 -1.891707301139831543e+00 2.862623333930969238e-01 2.795456647872924805e+00 1.248275637626647949e+00 -9.176289662718772888e-03
-1.457615256309509277e+00 -6.430942416191101074e-01 2.504092931747436523e+00 6.323520660400390625e+00 3.890756070613861084e-01 1.131294012069702148e+00 1.126041173934936523e+00 -2.895752429962158203e+00 3.073078155517578125e+00 -9.906362891197204590e-01 -6.624200344085693359e+00 -6.205937385559082031e+00 -1.042493343353271484e+00 1.123420238494873047e+00
6.350072026252746582e-01 2.186900138854980469e+00 1.592350125312805176e+00 -2.373238563537597656e+00 -1.062554717063903809e-01 -5.775226593017578125e+00 -7.099080681800842285e-01 -1.179946184158325195e+00 1.347647070884704590e+00 1.827459692955017090e+00 -3.172691166400909424e-01 1.010311245918273926e+00 9.108757972717285156e-01 1.671241044998168945e+00
-4.856817722320556641e+00 -4.439051151275634766e+00 -1.390429139137268066e+00 -3.868367969989776611e-01 2.558685302734375000e+00 1.358686447143554688e+00 -6.233345508575439453e+00 -4.586365818977355957e-01 6.460755825042724609e+00 5.451806783676147461e-01 1.385075896978378296e-01 -1.750730514526367188e+00 -5.995235919952392578e+00 1.549774765968322754e+00
-7.332409024238586426e-01 -6.144490242004394531e+00 -7.579513192176818848e-01 1.159648299217224121e+00 4.933975171297788620e-03 1.796859860420227051e+00 -5.291961669921875000e+00 2.871044635772705078e+00 -5.717573642730712891e+00 -3.676209747791290283e-01 2.354087680578231812e-01 -2.319584608078002930e+00 1.415059924125671387e+00 4.478687763214111328e+00
6.252484798431396484e+00 -1.421737194061279297e+00 -5.652309656143188477e-01 6.756894588470458984e-01 -5.892053127288818359e+00 -6.129694938659667969e+00 -1.155089020729064941e+00 -2.446319818496704102e+00 4.371627330780029297e+00 -4.344958662986755371e-01 -5.701287984848022461e-01 -5.424779891967773438e+00 4.667708396911621094e+00 -2.590409755706787109e+00
1.215477660298347473e-01 -1.592772364616394043e+00 9.441655278205871582e-01 4.516845703125000000e+00 7.123714685440063477e-02 -4.391369342803955078e+00 1.751286864280700684e+00 -5.138551712036132812e+00 -3.527867555618286133e+00 5.380939960479736328e+00 -2.027861177921295166e-01 2.510895729064941406e+00 -1.550385355949401855e+00 -4.438800513744354248e-01
5.407502174377441406e+00 -4.800103187561035156e+00 -2.920376300811767578e+00 9.608069062232971191e-01 6.696577548980712891e+00 3.366003274917602539e+00 6.322898387908935547e+00 4.591617584228515625e+00 -1.338007599115371704e-01 -2.751329183578491211e+00 -4.590945243835449219e+00 -3.431714773178100586e+00 2.354505062103271484e+00 -2.851973772048950195e+00
-2.133131742477416992e+00 -7.843808531761169434e-01 -1.980125308036804199e-01 4.343302726745605469e+00 1.252693533897399902e+00 -1.490361809730529785e+00 -1.297218501567840576e-01 -2.005594491958618164e+00 -7.444864511489868164e-01 -6.718605041503906250e+00 5.564608097076416016e+00 -9.453043937683105469e-01 -2.581886768341064453e+00 -6.705301761627197266e+00
-4.271605968475341797e+00 1.071953415870666504e+00 3.485972404479980469e+00 5.445266246795654297e+00 2.333208084106445312e+00 -6.226535797119140625e+00 6.545090079307556152e-01 3.136214256286621094e+00 6.556501388549804688e+00 3.318326473236083984e-01 9.788008928298950195e-01 2.182028770446777344e+00 9.321433901786804199e-01 2.105223655700683594e+00
2.526262283325195312e+00 -1.225790500640869141e+00 1.297922253608703613e+00 6.910649776458740234e+00 -1.735541343688964844e+00 -1.330862641334533691e+00 6.228880286216735840e-01 6.801010370254516602e-01 -5.689178943634033203e+00 2.095318585634231567e-01 -1.697360873222351074e+00 -4.983343124389648438e+00 6.933928728103637695e-01 -1.103973269462585449e+00
3.211233019828796387e-01 1.269978523254394531e+00 -1.470459342002868652e+00 -7.820382714271545410e-01 5.443221569061279297e+00 1.823643803596496582e+00 1.096651792526245117e+00 6.239414691925048828e+00 1.695430129766464233e-01 4.455671310424804688e+00 2.084483385086059570e+00 -6.427069187164306641e+00 -1.183915257453918457e+00 4.164080917835235596e-01
-7.789624333381652832e-01 5.719585418701171875e-01 1.118439793586730957e+00 5.742281079292297363e-01 -2.420682191848754883e+00 -9.155564904212951660e-01 -6.554828643798828125e+00 1.062028288841247559e+00 3.205129861831665039e+00 -6.040163516998291016e+00 6.188527494668960571e-02 -7.468920946121215820e-02 1.147729873657226562e+00 1.623842865228652954e-01
-2.983886301517486572e-01 -7.317429780960083008e-01 4.561707675457000732e-01 -3.105319105088710785e-03 1.077472090721130371e+00 4.939579963684082031e-01 1.602928638458251953e-01 2.358727902173995972e-01 9.929986596107482910e-01 3.922332823276519775e-01 7.426245808601379395e-01 5.998505353927612305e-01 -3.754206001758575439e-01 6.601313948631286621e-01
-2.945451140403747559e-01 2.145939588546752930e+00 2.408946275711059570e+00 -3.704750835895538330e-01 -5.618594288825988770e-01 -4.342749595642089844e+00 8.994160592555999756e-02 6.278175354003906250e+00 -3.412084877490997314e-01 -4.818405151367187500e+00 -2.947569489479064941e-01 -8.837094306945800781e-01 3.200344741344451904e-01 3.842615485191345215e-01
1.264680624008178711e-01 9.264283180236816406e-01 5.952686071395874023e-01 2.024657465517520905e-02 4.625301957130432129e-01 1.195348024368286133e+00 -9.800425171852111816e-01 2.771919369697570801e-01 3.577964603900909424e-01 6.091191768646240234e-01 1.538658857345581055e+00 9.249996542930603027e-01 -7.142279297113418579e-02 -8.866883516311645508e-01
7.361575126647949219e+00 1.142528653144836426e+00 5.536639690399169922e-01 -3.142172694206237793e-01 -7.939933240413665771e-02 4.604397118091583252e-01 -1.121683120727539062e-01 -7.380473017692565918e-01 1.655761837959289551e+00 1.507790088653564453e-01 -1.375548601150512695e+00 1.206592768430709839e-01 1.403899639844894409e-01 -6.762404441833496094e-01
3.909642696380615234e+00 -6.712619304656982422e+00 2.881966829299926758e+00 -3.160693407058715820e+00 -4.287407398223876953e+00 6.787679195404052734e+00 2.459077119827270508e+00 -1.528620123863220215e-01 6.680850028991699219e+00 2.439323186874389648e+00 1.317422986030578613e+00 -1.410360455513000488e+00 6.734501361846923828e+00 -1.749650835990905762e+00
2.550206482410430908e-01 -4.899253547191619873e-01 -2.328428745269775391e+00 -1.070952773094177246e+00 9.093327522277832031e-01 5.554934501647949219e+00 1.473562598228454590e+00 1.042597413063049316e+00 5.788722038269042969e+00 -2.731221437454223633e+00 3.857932686805725098e-01 1.668545246124267578e+00 2.457816600799560547e-01 -6.572105884552001953e+00
8.620679974555969238e-01 -6.857079863548278809e-01 -1.703041315078735352e+00 4.823210537433624268e-01 -3.863310217857360840e-01 -1.257653981447219849e-01 -8.414875864982604980e-01 -5.948810577392578125e+00 6.740901947021484375e+00 1.166948318481445312e+00 1.356383413076400757e-01 4.844123363494873047e+00 2.014344453811645508e+00 -6.576380133628845215e-01
-2.040814906358718872e-01 -9.575626850128173828e-01 -5.431757569313049316e-01 -4.967450618743896484e+00 -5.739493846893310547e+00 -6.480765819549560547e+00 -2.147190868854522705e-01 -1.139085888862609863e+00 -1.835367560386657715e+00 -2.127767324447631836e+00 -3.247698545455932617e-01 -2.192177921533584595e-01 1.739842891693115234e+00 -1.188920140266418457e+00
3.661211431026458740e-01 -4.096437394618988037e-01 -2.487156093120574951e-01 1.778405755758285522e-01 9.670627117156982422e-01 7.393728256225585938e+00 -1.053314685821533203e+00 9.129420518875122070e-01 8.114972114562988281e-01 -1.542897224426269531e+00 1.442512273788452148e+00 -6.336087584495544434e-01 1.182102203369140625e+00 -6.838268041610717773e-01
-2.768106698989868164e+00 4.544949233531951904e-01 -6.801566600799560547e+00 2.327470481395721436e-01 -8.379769921302795410e-01 -6.275550127029418945e-01 1.049067139625549316e+00 2.555063366889953613e-02 5.771561264991760254e-01 8.858174681663513184e-01 1.918127834796905518e-01 6.202293395996093750e+00 -7.024596929550170898e-01 1.086696743965148926e+00
-1.897166520357131958e-01 1.043436169624328613e+00 -1.306493043899536133e+00 3.761552870273590088e-01 8.754413127899169922e-01 7.941654324531555176e-01 1.940008699893951416e-01 2.304722219705581665e-01 7.010981082916259766e+00 1.118780374526977539e-01 -1.324590086936950684e+00 -4.858860075473785400e-01 -1.508001051843166351e-02 5.345821857452392578e+00
-4.496172964572906494e-01 1.761547207832336426e+00 8.568574786186218262e-01 5.249070525169372559e-01 3.244461715221405029e-01 -6.939062476158142090e-01 2.222194194793701172e+00 4.030993461608886719e+00 -5.057560920715332031e+00 -4.005114138126373291e-01 -3.676526546478271484e+00 8.097106218338012695e-01 -6.064343929290771484e+00 1.877760291099548340e+00
-5.470925569534301758e-01 -2.098535060882568359e+00 -3.478445529937744141e+00 6.262279033660888672e+00 2.985804080963134766e+00 1.624426960945129395e+00 5.301368236541748047e-01 6.462092876434326172e+00 2.301573991775512695e+00 3.574213683605194092e-01 1.546680927276611328e+00 1.276363283395767212e-01 -7.676992416381835938e-01 -1.222467184066772461e+00
-1.765518039464950562e-01 -1.956763744354248047e+00 -4.869994148612022400e-02 -5.332406997680664062e+00 -5.885116457939147949e-01 -3.694293200969696045e-01 -9.738600850105285645e-01 -1.058503150939941406e+00 1.372055292129516602e+00 3.716557919979095459e-01 4.278799533843994141e+00 8.787834644317626953e-02 -3.871286153793334961e+00 -7.151116728782653809e-01
-5.364044308662414551e-01 7.745853662490844727e-01 -1.231344565749168396e-01 -8.780977129936218262e-01 -1.913502812385559082e-01 -2.292860746383666992e-01 -1.006151080131530762e+00 -1.158270463347434998e-01 -3.620541468262672424e-02 -1.190898418426513672e-01 6.439794540405273438e+00 -1.302902102470397949e+00 2.604358673095703125e+00 -6.333242356777191162e-02
