2.784807384014129639e-01
2.781043350696563721e-01
2.777329385280609131e-01
2.773662209510803223e-01
2.770041525363922119e-01
2.766465842723846436e-01
2.762933671474456787e-01
2.759442925453186035e-01
2.755993306636810303e-01
2.752583622932434082e-01
2.749213874340057373e-01
2.745881974697113037e-01
2.742587924003601074e-01
2.739330828189849854e-01
2.736109793186187744e-01
2.732924818992614746e-01
2.729775011539459229e-01
2.726660072803497314e-01
2.723579406738281250e-01
2.720532417297363281e-01
2.717519104480743408e-01
2.714538574218750000e-01
2.711591124534606934e-01
2.708674967288970947e-01
2.705791890621185303e-01
2.702940106391906738e-01
2.700119912624359131e-01
2.697330713272094727e-01
2.694571912288665771e-01
2.691844105720520020e-01
2.689146399497985840e-01
2.686478495597839355e-01
2.683840095996856689e-01
2.681232094764709473e-01
2.678652703762054443e-01
2.676103413105010986e-01
2.673581540584564209e-01
2.671089470386505127e-01
2.668624222278594971e-01
2.666188478469848633e-01
2.663779854774475098e-01
2.661399841308593750e-01
2.659046351909637451e-01
2.656720578670501709e-01
2.654421925544738770e-01
2.652150392532348633e-01
2.649905085563659668e-01
2.647686302661895752e-01
2.645493745803833008e-01
2.643327116966247559e-01
2.641186714172363281e-01
2.639071643352508545e-01
2.636981904506683350e-01
2.634917795658111572e-01
2.632879018783569336e-01
2.630864679813385010e-01
2.628875076770782471e-01
2.626909613609313965e-01
2.624968886375427246e-01
2.623052000999450684e-01
2.621159255504608154e-01
2.619289755821228027e-01
2.617444097995758057e-01
2.615621984004974365e-01
2.613822519779205322e-01
2.612046301364898682e-01
2.610292732715606689e-01
2.608560919761657715e-01
2.606852650642395020e-01
2.605165541172027588e-01
2.603501081466674805e-01
2.601857781410217285e-01
2.600236237049102783e-01
2.598636150360107422e-01
2.597057521343231201e-01
2.595499157905578613e-01
2.593962550163269043e-01
2.592446506023406982e-01
2.590949237346649170e-01
2.589474022388458252e-01
2.588018476963043213e-01
2.586582899093627930e-01
2.585166692733764648e-01
2.583769857883453369e-01
2.582392692565917969e-01
2.581033706665039062e-01
2.579694390296936035e-01
2.578373551368713379e-01
2.577071189880371094e-01
2.575787305831909180e-01
2.574521601200103760e-01
2.573273777961730957e-01
2.572043538093566895e-01
2.570830881595611572e-01
2.569635212421417236e-01
2.568457126617431641e-01
2.567296326160430908e-01
2.566152215003967285e-01
2.565023899078369141e-01
2.563913464546203613e-01
2.562818229198455811e-01
2.561738789081573486e-01
2.560676336288452148e-01
2.559628188610076904e-01
2.558596432209014893e-01
2.557578980922698975e-01
2.556577324867248535e-01
2.555590569972991943e-01
2.554618418216705322e-01
2.553660869598388672e-01
2.552717030048370361e-01
2.551788091659545898e-01
2.550873160362243652e-01
2.549971640110015869e-01
2.549083530902862549e-01
2.548209130764007568e-01
2.547347545623779297e-01
2.546499073505401611e-01
2.545663714408874512e-01
2.544840872287750244e-01
2.544029951095581055e-01
2.543231844902038574e-01
2.542445659637451172e-01
2.541671991348266602e-01
2.540909647941589355e-01
2.540159225463867188e-01
2.539419531822204590e-01
2.538691759109497070e-01
2.537974715232849121e-01
2.537268698215484619e-01
2.536572515964508057e-01
2.535887956619262695e-01
2.535213232040405273e-01
2.534548938274383545e-01
2.533895373344421387e-01
2.533250451087951660e-01
2.532616257667541504e-01
2.531991302967071533e-01
2.531375885009765625e-01
2.530769705772399902e-01
2.530172467231750488e-01
2.529584169387817383e-01
2.529005110263824463e-01
2.528434097766876221e-01
2.527872025966644287e-01
2.527318596839904785e-01
2.526772320270538330e-01
2.526236176490783691e-01
2.525706291198730469e-01
2.525184452533721924e-01
2.524670958518981934e-01
2.524164915084838867e-01
2.523665726184844971e-01
2.523173987865447998e-01
2.522690296173095703e-01
2.522212564945220947e-01
2.521743178367614746e-01
2.521278858184814453e-01
2.520822286605834961e-01
2.520371973514556885e-01
2.519928812980651855e-01
2.519491016864776611e-01
2.519059479236602783e-01
2.518634796142578125e-01
2.518216371536254883e-01
2.517803013324737549e-01
2.517395615577697754e-01
2.516994774341583252e-01
2.516598999500274658e-01
2.516208887100219727e-01
2.515823841094970703e-01
2.515444457530975342e-01
2.515070438385009766e-01
2.514701187610626221e-01
2.514337301254272461e-01
2.513978183269500732e-01
2.513624131679534912e-01
2.513274848461151123e-01
2.512930929660797119e-01
2.512590885162353516e-01
2.512255609035491943e-01
2.511924803256988525e-01
2.511598765850067139e-01
2.511276602745056152e-01
2.510958909988403320e-01
2.510645389556884766e-01
2.510336041450500488e-01
2.510030865669250488e-01
2.509729862213134766e-01
2.509432137012481689e-01
2.509139180183410645e-01
2.508849203586578369e-01
2.508563697338104248e-01
2.508281171321868896e-01
2.508003115653991699e-01
2.507728338241577148e-01
2.507456839084625244e-01
2.507188618183135986e-01
2.506923973560333252e-01
2.506663203239440918e-01
2.506405413150787354e-01
2.506150603294372559e-01
2.505899071693420410e-01
2.505651116371154785e-01
2.505405843257904053e-01
2.505163848400115967e-01
2.504924535751342773e-01
2.504688203334808350e-01
2.504455447196960449e-01
2.504225671291351318e-01
2.503997683525085449e-01
2.503773570060729980e-01
2.503550946712493896e-01
2.503332495689392090e-01
2.503115832805633545e-01
2.502902150154113770e-01
2.502691149711608887e-01
2.502482533454895020e-01
2.502276599407196045e-01
2.502073347568511963e-01
2.501872181892395020e-01
2.501674294471740723e-01
2.501477599143981934e-01
2.501283884048461914e-01
2.501092851161956787e-01
2.500904202461242676e-01
2.500717341899871826e-01
2.500532865524291992e-01
2.500350773334503174e-01
2.500170767307281494e-01
2.499993443489074707e-01
2.499817609786987305e-01
2.499644011259078979e-01
2.499473094940185547e-01
2.499304264783859253e-01
2.499136924743652344e-01
2.498971968889236450e-01
2.498809397220611572e-01
2.498648464679718018e-01
2.498489469289779663e-01
2.498332560062408447e-01
2.498177438974380493e-01
2.498024106025695801e-01
2.497873604297637939e-01
2.497724145650863647e-01
2.497575879096984863e-01
2.497431188821792603e-01
2.497287392616271973e-01
2.497145533561706543e-01
2.497004866600036621e-01
2.496866881847381592e-01
2.496730238199234009e-01
2.496595233678817749e-01
2.496461868286132812e-01
2.496330589056015015e-01
2.496200948953628540e-01
2.496073544025421143e-01
2.495946735143661499e-01
2.495822012424468994e-01
2.495699524879455566e-01
2.495577335357666016e-01
2.495457530021667480e-01
2.495340108871459961e-01
2.495222687721252441e-01
2.495107948780059814e-01
2.494994699954986572e-01
2.494882047176361084e-01
2.494771480560302734e-01
2.494662851095199585e-01
2.494554966688156128e-01
2.494449019432067871e-01
2.494344413280487061e-01
2.494240701198577881e-01
2.494139224290847778e-01
2.494038790464401245e-01
2.493939995765686035e-01
2.493842095136642456e-01
2.493746131658554077e-01
2.493650913238525391e-01
2.493557631969451904e-01
2.493465095758438110e-01
2.493374049663543701e-01
2.493284642696380615e-01
2.493195980787277222e-01
2.493109107017517090e-01
2.493023723363876343e-01
2.492939233779907227e-01
2.492855489253997803e-01
2.492773681879043579e-01
2.492692917585372925e-01
2.492612600326538086e-01
2.492534220218658447e-01
2.492456734180450439e-01
2.492380440235137939e-01
2.492305189371109009e-01
2.492231428623199463e-01
2.492158412933349609e-01
2.492086738348007202e-01
2.492015808820724487e-01
2.491946518421173096e-01
2.491877675056457520e-01
2.491810321807861328e-01
2.491743415594100952e-01
2.491677999496459961e-01
2.491613477468490601e-01
2.491549998521804810e-01
2.491486817598342896e-01
2.491425722837448120e-01
2.491364777088165283e-01
2.491304874420166016e-01
2.491246163845062256e-01
2.491188496351242065e-01
2.491131275892257690e-01
2.491075247526168823e-01
2.491019964218139648e-01
2.490965574979782104e-01
2.490911632776260376e-01
2.490858882665634155e-01
2.490806579589843750e-01
2.490755319595336914e-01
2.490705549716949463e-01
2.490656077861785889e-01
2.490607202053070068e-01
2.490558773279190063e-01
2.490511685609817505e-01
2.490465342998504639e-01
2.490419447422027588e-01
2.490373998880386353e-01
2.490329593420028687e-01
2.490285933017730713e-01
2.490243613719940186e-01
2.490200698375701904e-01
2.490158677101135254e-01
2.490117847919464111e-01
2.490077465772628784e-01
2.490037828683853149e-01
2.489998787641525269e-01
2.489960491657257080e-01
2.489921897649765015e-01
2.489884346723556519e-01
2.489847838878631592e-01
2.489811331033706665e-01
2.489775568246841431e-01
2.489740699529647827e-01
2.489706128835678101e-01
2.489672154188156128e-01
2.489638179540634155e-01
2.489605396986007690e-01
2.489572763442993164e-01
2.489541321992874146e-01
2.489509284496307373e-01
2.489477992057800293e-01
2.489447742700576782e-01
2.489417493343353271e-01
2.489387989044189453e-01
2.489358931779861450e-01
2.489329576492309570e-01
2.489301264286041260e-01
2.489273995161056519e-01
2.489245533943176270e-01
2.489218562841415405e-01
2.489191591739654541e-01
2.489165514707565308e-01
2.489140331745147705e-01
2.489113956689834595e-01
2.489088922739028931e-01
2.489064037799835205e-01
2.489039748907089233e-01
2.489015609025955200e-01
2.488991171121597290e-01
2.488968074321746826e-01
2.488945126533508301e-01
2.488922327756881714e-01
2.488899677991867065e-01
2.488877475261688232e-01
2.488855719566345215e-01
2.488833665847778320e-01
2.488812506198883057e-01
2.488791942596435547e-01
2.488771229982376099e-01
2.488750517368316650e-01
2.488730400800704956e-01
2.488710731267929077e-01
2.488691210746765137e-01
2.488671392202377319e-01
2.488652765750885010e-01
2.488633543252944946e-01
2.488614916801452637e-01
2.488596737384796143e-01
2.488578408956527710e-01
2.488560974597930908e-01
2.488543242216110229e-01
2.488525360822677612e-01
2.488508820533752441e-01
2.488491684198379517e-01
2.488474845886230469e-01
2.488458007574081421e-01
2.488442212343215942e-01
2.488425821065902710e-01
2.488409727811813354e-01
2.488394081592559814e-01
2.488378435373306274e-01
2.488363236188888550e-01
2.488348186016082764e-01
2.488332539796829224e-01
2.488318085670471191e-01
2.488303780555725098e-01
2.488289028406143188e-01
2.488274425268173218e-01
2.488259971141815186e-01
2.488246411085128784e-01
2.488232403993606567e-01
2.488218694925308228e-01
2.488205283880233765e-01
2.488192319869995117e-01
2.488178908824920654e-01
2.488165795803070068e-01
2.488152831792831421e-01
2.488139718770980835e-01
2.488127499818801880e-01
2.488114684820175171e-01
2.488102316856384277e-01
2.488089650869369507e-01
2.488078624010086060e-01
2.488065958023071289e-01
2.488054484128952026e-01
2.488042414188385010e-01
2.488030791282653809e-01
2.488018870353698730e-01
2.488007992506027222e-01
2.487996369600296021e-01
2.487985342741012573e-01
2.487974166870117188e-01
2.487963140010833740e-01
2.487952411174774170e-01
2.487942129373550415e-01
2.487931102514266968e-01
2.487920373678207397e-01
2.487910389900207520e-01
2.487899959087371826e-01
2.487889826297760010e-01
2.487879395484924316e-01
2.487869411706924438e-01
2.487859576940536499e-01
2.487849295139312744e-01
2.487839609384536743e-01
2.487830072641372681e-01
2.487820833921432495e-01
2.487811297178268433e-01
2.487801462411880493e-01
2.487791776657104492e-01
2.487782686948776245e-01
2.487774193286895752e-01
2.487764358520507812e-01
2.487755864858627319e-01
2.487747073173522949e-01
2.487737834453582764e-01
2.487728744745254517e-01
2.487720251083374023e-01
2.487711608409881592e-01
2.487703114748001099e-01
2.487694770097732544e-01
2.487685978412628174e-01
2.487677931785583496e-01
2.487669438123703003e-01
2.487660944461822510e-01
2.487653046846389771e-01
2.487644702196121216e-01
2.487636506557464600e-01
2.487628608942031860e-01
2.487620860338211060e-01
2.487612813711166382e-01
2.487605512142181396e-01
2.487597614526748657e-01
2.487589567899703979e-01
2.487581968307495117e-01
2.487574517726898193e-01
2.487566918134689331e-01
2.487559020519256592e-01
2.487552464008331299e-01
2.487544119358062744e-01
2.487537562847137451e-01
2.487530708312988281e-01
2.487522661685943604e-01
2.487515807151794434e-01
2.487508803606033325e-01
2.487501651048660278e-01
2.487495094537734985e-01
2.487488090991973877e-01
2.487480640411376953e-01
2.487473934888839722e-01
2.487467825412750244e-01
2.487460970878601074e-01
2.487454116344451904e-01
2.487446963787078857e-01
2.487440705299377441e-01
2.487433403730392456e-01
2.487427443265914917e-01
2.487420886754989624e-01
2.487414330244064331e-01
