7.328766584396362305e-02
7.328753918409347534e-02
7.328744232654571533e-02
7.328730076551437378e-02
7.328718155622482300e-02
7.328706234693527222e-02
7.328694313764572144e-02
7.328683137893676758e-02
7.328669726848602295e-02
7.328659296035766602e-02
7.328645884990692139e-02
7.328635454177856445e-02
7.328622788190841675e-02
7.328613102436065674e-02
7.328599691390991211e-02
7.328588515520095825e-02
7.328576594591140747e-02
7.328565418720245361e-02
7.328552007675170898e-02
7.328540086746215820e-02
7.328529655933380127e-02
7.328516244888305664e-02
7.328502833843231201e-02
7.328493893146514893e-02
7.328481227159500122e-02
7.328468561172485352e-02
7.328456640243530273e-02
7.328446954488754272e-02
7.328434288501739502e-02
7.328422367572784424e-02
7.328409701585769653e-02
7.328397035598754883e-02
7.328385859727859497e-02
7.328375428915023804e-02
7.328362762928009033e-02
7.328351587057113647e-02
7.328338921070098877e-02
7.328327745199203491e-02
7.328316569328308105e-02
7.328303903341293335e-02
7.328290492296218872e-02
7.328279316425323486e-02
7.328268140554428101e-02
7.328257709741592407e-02
7.328245043754577637e-02
7.328233122825622559e-02
7.328220456838607788e-02
7.328209280967712402e-02
7.328197360038757324e-02
7.328184694051742554e-02
7.328173518180847168e-02
7.328161597251892090e-02
7.328149676322937012e-02
7.328138500452041626e-02
7.328126579523086548e-02
7.328113168478012085e-02
7.328101247549057007e-02
7.328090816736221313e-02
7.328077405691146851e-02
7.328066229820251465e-02
7.328055053949356079e-02
7.328043878078460693e-02
7.328031957149505615e-02
7.328019291162490845e-02
7.328008115291595459e-02
7.327996939420700073e-02
7.327983528375625610e-02
7.327971607446670532e-02
7.327960431575775146e-02
7.327949255704879761e-02
7.327937334775924683e-02
7.327923923730850220e-02
7.327913492918014526e-02
7.327900826930999756e-02
7.327889651060104370e-02
7.327876240015029907e-02
7.327865064144134521e-02
7.327853143215179443e-02
7.327841222286224365e-02
7.327829301357269287e-02
7.327817380428314209e-02
7.327806204557418823e-02
7.327795028686523438e-02
7.327783852815628052e-02
7.327771931886672974e-02
7.327757775783538818e-02
7.327746599912643433e-02
7.327734678983688354e-02
7.327724248170852661e-02
7.327711582183837891e-02
7.327700406312942505e-02
7.327687740325927734e-02
7.327675074338912964e-02
7.327664643526077271e-02
7.327651232481002808e-02
7.327641546726226807e-02
7.327627390623092651e-02
7.327616214752197266e-02
7.327605783939361572e-02
7.327593117952346802e-02
7.327581942081451416e-02
7.327570021152496338e-02
7.327558845281600952e-02
7.327545434236526489e-02
7.327535748481750488e-02
7.327523082494735718e-02
7.327508926391601562e-02
7.327499985694885254e-02
7.327487319707870483e-02
7.327473908662796021e-02
7.327462732791900635e-02
7.327450811862945557e-02
7.327440381050109863e-02
7.327427715063095093e-02
7.327415049076080322e-02
7.327403128147125244e-02
7.327391952276229858e-02
7.327380031347274780e-02
7.327367365360260010e-02
7.327356189489364624e-02
7.327345013618469238e-02
7.327332347631454468e-02
7.327322661876678467e-02
7.327308505773544312e-02
7.327298074960708618e-02
7.327285408973693848e-02
7.327274978160858154e-02
7.327262312173843384e-02
7.327251881361007690e-02
7.327238470315933228e-02
7.327225804328918457e-02
7.327214628458023071e-02
7.327204197645187378e-02
7.327190786600112915e-02
7.327180355787277222e-02
7.327167689800262451e-02
7.327155768871307373e-02
7.327143847942352295e-02
7.327131927013397217e-02
7.327120006084442139e-02
7.327108830213546753e-02
7.327096909284591675e-02
7.327084988355636597e-02
7.327073067426681519e-02
7.327061146497726440e-02
7.327049225568771362e-02
7.327039539813995361e-02
7.327026128768920898e-02
7.327012717723846436e-02
7.327001541852951050e-02
7.326989620923995972e-02
7.326979935169219971e-02
7.326967269182205200e-02
7.326955348253250122e-02
7.326942682266235352e-02
7.326931506395339966e-02
7.326919585466384888e-02
7.326907664537429810e-02
7.326894998550415039e-02
7.326882332563400269e-02
7.326873391866683960e-02
7.326859980821609497e-02
7.326848804950714111e-02
7.326836884021759033e-02
7.326824218034744263e-02
7.326813042163848877e-02
7.326799631118774414e-02
7.326788455247879028e-02
7.326776534318923950e-02
7.326763868331909180e-02
7.326752692461013794e-02
7.326741516590118408e-02
7.326728850603103638e-02
7.326717674732208252e-02
7.326705008745193481e-02
7.326693832874298096e-02
7.326681911945343018e-02
7.326669245958328247e-02
7.326658815145492554e-02
7.326645404100418091e-02
7.326634228229522705e-02
7.326621562242507935e-02
7.326610386371612549e-02
7.326599210500717163e-02
7.326586544513702393e-02
7.326575368642807007e-02
7.326563447713851929e-02
7.326550036668777466e-02
7.326539605855941772e-02
7.326527684926986694e-02
7.326515763998031616e-02
7.326503843069076538e-02
7.326492667198181152e-02
7.326480746269226074e-02
7.326468825340270996e-02
7.326458394527435303e-02
7.326444983482360840e-02
7.326433062553405762e-02
7.326421141624450684e-02
7.326408475637435913e-02
7.326398044824600220e-02
7.326384633779525757e-02
7.326374202966690063e-02
7.326360791921615601e-02
7.326351106166839600e-02
7.326338440179824829e-02
7.326325774192810059e-02
7.326315343379974365e-02
7.326303422451019287e-02
7.326291501522064209e-02
7.326279580593109131e-02
7.326266914606094360e-02
7.326255738735198975e-02
7.326243072748184204e-02
7.326232641935348511e-02
7.326221466064453125e-02
7.326209545135498047e-02
7.326196134090423584e-02
7.326184958219528198e-02
7.326173782348632812e-02
7.326161861419677734e-02
7.326148450374603271e-02
7.326138019561767578e-02
7.326127588748931885e-02
7.326112687587738037e-02
7.326104491949081421e-02
7.326090335845947266e-02
7.326077669858932495e-02
7.326067239046096802e-02
7.326055318117141724e-02
7.326043397188186646e-02
7.326031476259231567e-02
7.326018065214157104e-02
7.326008379459381104e-02
7.325996458530426025e-02
7.325985282659530640e-02
7.325972616672515869e-02
7.325960695743560791e-02
7.325948774814605713e-02
7.325937598943710327e-02
7.325926423072814941e-02
7.325914502143859863e-02
7.325901836156845093e-02
7.325889915227890015e-02
7.325877994298934937e-02
7.325866818428039551e-02
7.325854897499084473e-02
7.325842231512069702e-02
7.325830310583114624e-02
7.325819879770278931e-02
7.325807213783264160e-02
7.325795292854309082e-02
7.325783371925354004e-02
7.325771450996398926e-02
7.325761020183563232e-02
7.325747609138488770e-02
7.325737178325653076e-02
7.325723767280578613e-02
7.325714081525802612e-02
7.325701415538787842e-02
7.325689494609832764e-02
7.325676828622817993e-02
7.325666397809982300e-02
7.325654476881027222e-02
7.325642555952072144e-02
7.325629889965057373e-02
7.325619459152221680e-02
7.325606793165206909e-02
7.325596362352371216e-02
7.325584441423416138e-02
7.325572520494461060e-02
7.325559109449386597e-02
7.325547933578491211e-02
7.325536757707595825e-02
7.325523346662521362e-02
7.325512915849685669e-02
7.325500249862670898e-02
7.325489819049835205e-02
7.325477153062820435e-02
7.325464487075805664e-02
7.325454801321029663e-02
7.325442135334014893e-02
7.325427979230880737e-02
7.325419038534164429e-02
7.325405627489089966e-02
7.325394451618194580e-02
7.325381040573120117e-02
7.325370609760284424e-02
7.325357943773269653e-02
7.325346767902374268e-02
7.325334101915359497e-02
7.325322926044464111e-02
7.325310260057449341e-02
7.325299829244613647e-02
7.325286418199539185e-02
7.325275987386703491e-02
7.325263321399688721e-02
7.325251400470733643e-02
7.325240224599838257e-02
7.325228303670883179e-02
7.325216382741928101e-02
7.325205206871032715e-02
7.325192540884017944e-02
7.325181365013122559e-02
7.325169444084167480e-02
7.325158268213272095e-02
7.325145602226257324e-02
7.325133681297302246e-02
7.325122505426406860e-02
7.325109839439392090e-02
7.325097918510437012e-02
7.325087487697601318e-02
7.325074076652526855e-02
7.325062900781631470e-02
7.325050979852676392e-02
7.325039803981781006e-02
7.325027137994766235e-02
7.325014472007751465e-02
7.325004041194915771e-02
7.324992120265960693e-02
7.324980944395065308e-02
7.324968278408050537e-02
7.324955612421035767e-02
7.324945181608200073e-02
7.324932515621185303e-02
7.324921339750289917e-02
7.324909418821334839e-02
7.324897497892379761e-02
7.324885576963424683e-02
7.324874401092529297e-02
7.324861735105514526e-02
7.324852049350738525e-02
7.324839383363723755e-02
7.324827462434768677e-02
7.324814796447753906e-02
7.324803620576858521e-02
7.324792444705963135e-02
7.324780523777008057e-02
7.324767857789993286e-02
7.324755936861038208e-02
7.324745506048202515e-02
7.324732840061187744e-02
7.324720919132232666e-02
7.324708253145217896e-02
7.324698567390441895e-02
7.324684411287307739e-02
7.324673235416412354e-02
7.324661314487457275e-02
7.324649393558502197e-02
7.324636727571487427e-02
7.324627041816711426e-02
7.324614375829696655e-02
7.324602454900741577e-02
7.324592024087905884e-02
7.324578613042831421e-02
7.324568182229995728e-02
7.324555516242980957e-02
7.324544340372085571e-02
7.324531674385070801e-02
7.324519753456115723e-02
7.324510067701339722e-02
7.324495911598205566e-02
7.324486970901489258e-02
7.324473559856414795e-02
7.324463129043579102e-02
7.324449717998504639e-02
7.324438542127609253e-02
7.324425131082534790e-02
7.324413210153579712e-02
7.324400544166564941e-02
7.324390113353729248e-02
7.324378937482833862e-02
7.324367761611938477e-02
7.324355840682983398e-02
7.324341684579849243e-02
7.324332743883132935e-02
7.324318587779998779e-02
7.324308156967163086e-02
7.324296236038208008e-02
7.324283570051193237e-02
7.324273884296417236e-02
7.324258983135223389e-02
7.324247062206268311e-02
7.324237376451492310e-02
7.324224710464477539e-02
7.324213534593582153e-02
7.324201613664627075e-02
7.324190437793731689e-02
7.324177026748657227e-02
7.324166595935821533e-02
7.324153929948806763e-02
7.324142754077911377e-02
7.324130088090896606e-02
7.324120402336120605e-02
7.324106991291046143e-02
7.324096560478210449e-02
7.324083894491195679e-02
7.324071973562240601e-02
7.324061542749404907e-02
7.324048131704330444e-02
7.324035465717315674e-02
7.324024289846420288e-02
7.324011623859405518e-02
7.324001193046569824e-02
7.323988527059555054e-02
7.323976606130599976e-02
7.323964685201644897e-02
7.323953509330749512e-02
7.323943078517913818e-02
7.323928922414779663e-02
7.323919236660003662e-02
7.323906570672988892e-02
7.323894649744033813e-02
7.323882728815078735e-02
7.323870807886123657e-02
7.323858886957168579e-02
7.323848456144332886e-02
7.323835790157318115e-02
7.323823869228363037e-02
7.323811948299407959e-02
7.323801517486572266e-02
7.323787361383438110e-02
7.323778420686721802e-02
7.323765009641647339e-02
7.323754578828811646e-02
7.323741167783737183e-02
7.323730736970901489e-02
7.323718070983886719e-02
7.323706895112991333e-02
7.323694974184036255e-02
7.323682308197021484e-02
7.323670387268066406e-02
7.323659956455230713e-02
7.323648035526275635e-02
7.323636114597320557e-02
7.323624193668365479e-02
7.323613017797470093e-02
7.323601841926574707e-02
7.323589175939559937e-02
7.323575764894485474e-02
7.323565334081649780e-02
7.323552668094635010e-02
7.323540747165679932e-02
7.323531806468963623e-02
7.323518395423889160e-02
7.323506474494934082e-02
7.323494553565979004e-02
7.323484122753143311e-02
7.323471456766128540e-02
7.323458790779113770e-02
7.323447614908218384e-02
7.323436439037322998e-02
7.323425263166427612e-02
7.323413342237472534e-02
7.323400676250457764e-02
7.323389500379562378e-02
7.323378324508666992e-02
7.323366403579711914e-02
7.323352992534637451e-02
7.323341816663742065e-02
7.323331385850906372e-02
7.323318719863891602e-02
7.323306798934936523e-02
7.323294878005981445e-02
7.323282212018966675e-02
7.323271781206130981e-02
7.323258370161056519e-02
7.323247939348220825e-02
7.323236018419265747e-02
7.323222607374191284e-02
7.323213666677474976e-02
7.323201000690460205e-02
7.323187589645385742e-02
7.323177158832550049e-02
7.323163747787475586e-02
7.323154062032699585e-02
7.323141396045684814e-02
7.323130220174789429e-02
7.323118299245834351e-02
7.323106378316879272e-02
7.323095202445983887e-02
7.323083281517028809e-02
7.323070615530014038e-02
7.323059439659118652e-02
7.323048263788223267e-02
7.323037087917327881e-02
7.323025166988372803e-02
7.323011755943298340e-02
7.323001325130462646e-02
7.322988659143447876e-02
7.322978228330612183e-02
7.322966307401657104e-02
7.322952151298522949e-02
7.322941720485687256e-02
7.322930544614791870e-02
7.322919368743896484e-02
7.322905957698822021e-02
7.322894781827926636e-02
7.322882860898971558e-02
7.322870194911956787e-02
