7.686122320592403412e-03
7.686117663979530334e-03
7.686110679060220718e-03
7.686104625463485718e-03
7.686099968850612640e-03
7.686093915253877640e-03
7.686087861657142639e-03
7.686081808060407639e-03
7.686077151447534561e-03
7.686073426157236099e-03
7.686066441237926483e-03
7.686061318963766098e-03
7.686054334044456482e-03
7.686050608754158020e-03
7.686044089496135712e-03
7.686038967221975327e-03
7.686035241931676865e-03
7.686027325689792633e-03
7.686023134738206863e-03
7.686016615480184555e-03
7.686010561883449554e-03
7.686004508286714554e-03
7.685999386012554169e-03
7.685994729399681091e-03
7.685987744480371475e-03
7.685983087867498398e-03
7.685977034270763397e-03
7.685970980674028397e-03
7.685965858399868011e-03
7.685962133109569550e-03
7.685954216867685318e-03
7.685949560254812241e-03
7.685943506658077240e-03
7.685940712690353394e-03
7.685933727771043777e-03
7.685927674174308777e-03
7.685920689254999161e-03
7.685916963964700699e-03
7.685910910367965698e-03
7.685905322432518005e-03
7.685900200158357620e-03
7.685895543545484543e-03
7.685888558626174927e-03
7.685883436352014542e-03
7.685877382755279541e-03
7.685871794819831848e-03
7.685867138206958771e-03
7.685861084610223770e-03
7.685853634029626846e-03
7.685848977416753769e-03
7.685843855142593384e-03
7.685839198529720306e-03
7.685833144932985306e-03
7.685827556997537613e-03
7.685821503400802612e-03
7.685815449804067612e-03
7.685811724513769150e-03
7.685803808271884918e-03
7.685800082981586456e-03
7.685794960707426071e-03
7.685789372771978378e-03
7.685782853513956070e-03
7.685778196901082993e-03
7.685772143304347992e-03
7.685767486691474915e-03
7.685761898756027222e-03
7.685755379498004913e-03
7.685748860239982605e-03
7.685743737965822220e-03
7.685739081352949142e-03
7.685734424740076065e-03
7.685726974159479141e-03
7.685720920562744141e-03
7.685717195272445679e-03
7.685711607336997986e-03
7.685705553740262985e-03
7.685699500143527985e-03
7.685694843530654907e-03
7.685688789933919907e-03
7.685681805014610291e-03
7.685679011046886444e-03
7.685671094805002213e-03
7.685666438192129135e-03
7.685658987611532211e-03
7.685654330998659134e-03
7.685649208724498749e-03
7.685643155127763748e-03
7.685637567192316055e-03
7.685631513595581055e-03
7.685627788305282593e-03
7.685621734708547592e-03
7.685614749789237976e-03
7.685610093176364899e-03
7.685604970902204514e-03
7.685598917305469513e-03
7.685593329370021820e-03
7.685587275773286819e-03
7.685582153499126434e-03
7.685576565563678741e-03
7.685571443289518356e-03
7.685565855354070663e-03
7.685559801757335663e-03
7.685556076467037201e-03
7.685548625886440277e-03
7.685543969273567200e-03
7.685537915676832199e-03
7.685533724725246429e-03
7.685528602451086044e-03
7.685521617531776428e-03
7.685514632612466812e-03
7.685510907322168350e-03
7.685504853725433350e-03
7.685497403144836426e-03
7.685492746531963348e-03
7.685488089919090271e-03
7.685482036322355270e-03
7.685475982725620270e-03
7.685470394790172577e-03
7.685465272516012192e-03
7.685460615903139114e-03
7.685453165322542191e-03
7.685447577387094498e-03
7.685442920774221420e-03
7.685436401516199112e-03
7.685430347919464111e-03
7.685424759984016418e-03
7.685420103371143341e-03
7.685414049774408340e-03
7.685407064855098724e-03
7.685402873903512955e-03
7.685398682951927185e-03
7.685392163693904877e-03
7.685387507081031799e-03
7.685380522161722183e-03
7.685376796871423721e-03
7.685370743274688721e-03
7.685365155339241028e-03
7.685358636081218719e-03
7.685354445129632950e-03
7.685348391532897949e-03
7.685342337936162949e-03
7.685336284339427948e-03
7.685331627726554871e-03
7.685325574129819870e-03
7.685321848839521408e-03
7.685314398258924484e-03
7.685309741646051407e-03
7.685305085033178329e-03
7.685297168791294098e-03
7.685292977839708328e-03
7.685285992920398712e-03
7.685281336307525635e-03
7.685273885726928711e-03
7.685271557420492172e-03
7.685264572501182556e-03
7.685259915888309479e-03
7.685253862291574478e-03
7.685247808694839478e-03
7.685242686420679092e-03
7.685236167162656784e-03
7.685231976211071014e-03
7.685225456953048706e-03
7.685221266001462936e-03
7.685215678066015244e-03
7.685208227485418320e-03
7.685203570872545242e-03
7.685198914259672165e-03
7.685192860662937164e-03
7.685186807066202164e-03
7.685182150453329086e-03
7.685175165534019470e-03
7.685170974582433701e-03
7.685166317969560623e-03
7.685158401727676392e-03
7.685154676437377930e-03
7.685148622840642929e-03
7.685143500566482544e-03
7.685136515647172928e-03
7.685132790356874466e-03
7.685127202421426773e-03
7.685122545808553696e-03
7.685115095227956772e-03
7.685108110308647156e-03
7.685104385018348694e-03
7.685098331421613693e-03
7.685092277824878693e-03
7.685087621212005615e-03
7.685080636292695999e-03
7.685074582695960999e-03
7.685068529099225998e-03
7.685063872486352921e-03
7.685058750212192535e-03
7.685054559260606766e-03
7.685048505663871765e-03
7.685042452067136765e-03
7.685037329792976379e-03
7.685031741857528687e-03
7.685026619583368301e-03
7.685020565986633301e-03
7.685014978051185608e-03
7.685009855777025223e-03
7.685004267841577530e-03
7.684997748583555222e-03
7.684993091970682144e-03
7.684987038373947144e-03
7.684982381761074066e-03
7.684974465519189835e-03
7.684970274567604065e-03
7.684966083616018295e-03
7.684960961341857910e-03
7.684952579438686371e-03
7.684949319809675217e-03
7.684943266212940216e-03
7.684938609600067139e-03
7.684931159019470215e-03
7.684926036745309830e-03
7.684921845793724060e-03
7.684916723519563675e-03
7.684909272938966751e-03
7.684903685003519058e-03
7.684899028390645981e-03
7.684893906116485596e-03
7.684888318181037903e-03
7.684882264584302902e-03
7.684877142310142517e-03
7.684871554374694824e-03
7.684865500777959824e-03
7.684860844165086746e-03
7.684856187552213669e-03
7.684849668294191360e-03
7.684843614697456360e-03
7.684838958084583282e-03
7.684832904487848282e-03
7.684828247874975204e-03
7.684821262955665588e-03
7.684816606342792511e-03
7.684811484068632126e-03
7.684804499149322510e-03
7.684799842536449432e-03
7.684793788939714432e-03
7.684789132326841354e-03
7.684783078730106354e-03
7.684777025133371353e-03
7.684771902859210968e-03
7.684765849262475967e-03
7.684761658310890198e-03
7.684755139052867889e-03
7.684749551117420197e-03
7.684743497520685196e-03
7.684738840907812119e-03
7.684734184294939041e-03
7.684726733714342117e-03
7.684723008424043655e-03
7.684716954827308655e-03
7.684711366891860962e-03
7.684703916311264038e-03
7.684700191020965576e-03
7.684693206101655960e-03
7.684687618166208267e-03
7.684682495892047882e-03
7.684679236263036728e-03
7.684670388698577881e-03
7.684667129069566727e-03
7.684661075472831726e-03
7.684657350182533264e-03
7.684649433940649033e-03
7.684644311666488647e-03
7.684639655053615570e-03
7.684632204473018646e-03
7.684627547860145569e-03
7.684621494263410568e-03
7.684616837650537491e-03
7.684612181037664413e-03
7.684605196118354797e-03
7.684601470828056335e-03
7.684594951570034027e-03
7.684590294957160950e-03
7.684584707021713257e-03
7.684579584747552872e-03
7.684572599828243256e-03
7.684566546231508255e-03
7.684561889618635178e-03
7.684556767344474792e-03
7.684550248086452484e-03
7.684543728828430176e-03
7.684539072215557098e-03
7.684535346925258636e-03
7.684526033699512482e-03
7.684521377086639404e-03
7.684516254812479019e-03
7.684512529522180557e-03
7.684504147619009018e-03
7.684499956667423248e-03
7.684493903070688248e-03
7.684489246457815170e-03
7.684483192861080170e-03
7.684479467570781708e-03
7.684472482651472092e-03
7.684466429054737091e-03
7.684461306780576706e-03
7.684456650167703629e-03
7.684451062232255936e-03
7.684446871280670166e-03
7.684438489377498627e-03
7.684434298425912857e-03
7.684428244829177856e-03
7.684423122555017471e-03
7.684417068958282471e-03
7.684412412345409393e-03
7.684406824409961700e-03
7.684400305151939392e-03
7.684394717216491699e-03
7.684388663619756699e-03
7.684383541345596313e-03
7.684377487748861313e-03
7.684373296797275543e-03
7.684366777539253235e-03
7.684362120926380157e-03
7.684357464313507080e-03
7.684352342039346695e-03
7.684345357120037079e-03
7.684338372200727463e-03
7.684334646910429001e-03
7.684329990297555923e-03
7.684323005378246307e-03
7.684316951781511307e-03
7.684312295168638229e-03
7.684306241571903229e-03
7.684300187975168228e-03
7.684295531362295151e-03
7.684290409088134766e-03
7.684284355491399765e-03
7.684278767555952072e-03
7.684273645281791687e-03
7.684268988668918610e-03
7.684262003749608994e-03
7.684257347136735916e-03
7.684253156185150146e-03
7.684246171265840530e-03
7.684240583330392838e-03
7.684234064072370529e-03
7.684230804443359375e-03
7.684223819524049759e-03
7.684218697249889374e-03
7.684214040637016296e-03
7.684206590056419373e-03
7.684201002120971680e-03
7.684197276830673218e-03
7.684191223233938217e-03
7.684185169637203217e-03
7.684179581701755524e-03
7.684174459427595139e-03
7.684168405830860138e-03
7.684162352234125137e-03
7.684157695621252060e-03
7.684151642024517059e-03
7.684148382395505905e-03
7.684140000492334366e-03
7.684136275202035904e-03
7.684129290282726288e-03
7.684125564992427826e-03
7.684118114411830902e-03
7.684113457798957825e-03
7.684106472879648209e-03
7.684103213250637054e-03
7.684094831347465515e-03
7.684091106057167053e-03
7.684083655476570129e-03
7.684079930186271667e-03
7.684073410928249359e-03
7.684068288654088974e-03
7.684063166379928589e-03
7.684056181460618973e-03
7.684052456170320511e-03
7.684046402573585510e-03
7.684040814638137817e-03
7.684034761041402817e-03
7.684028707444667816e-03
7.684024982154369354e-03
7.684019394218921661e-03
7.684013340622186661e-03
7.684006355702877045e-03
7.684002630412578583e-03
7.683995645493268967e-03
7.683991454541683197e-03
7.683986797928810120e-03
7.683980744332075119e-03
7.683975156396627426e-03
7.683968171477317810e-03
7.683963980525732040e-03
7.683956995606422424e-03
7.683952338993549347e-03
7.683948613703250885e-03
7.683941628783941269e-03
7.683934643864631653e-03
7.683929987251758575e-03
7.683925796300172806e-03
7.683919742703437805e-03
7.683913223445415497e-03
7.683908101171255112e-03
7.683904375880956650e-03
7.683896459639072418e-03
7.683892734348773956e-03
7.683885283768177032e-03
7.683881558477878571e-03
7.683875504881143570e-03
7.683868519961833954e-03
7.683866191655397415e-03
7.683859206736087799e-03
7.683854550123214722e-03
7.683848030865192413e-03
7.683843839913606644e-03
7.683837320655584335e-03
7.683832664042711258e-03
7.683825679123401642e-03
7.683821022510528564e-03
7.683815900236368179e-03
7.683809846639633179e-03
7.683802861720323563e-03
7.683798205107450485e-03
7.683793548494577408e-03
7.683788426220417023e-03
7.683782372623682022e-03
7.683776319026947021e-03
7.683771662414073944e-03
7.683766074478626251e-03
7.683760020881891251e-03
7.683754898607730865e-03
7.683749310672283173e-03
7.683743257075548172e-03
7.683738600462675095e-03
7.683729752898216248e-03
7.683726493269205093e-03
7.683721370995044708e-03
7.683716714382171631e-03
7.683709729462862015e-03
7.683704607188701630e-03
7.683699950575828552e-03
7.683692965656518936e-03
7.683687377721071243e-03
7.683681324124336243e-03
7.683678530156612396e-03
7.683671545237302780e-03
7.683667819947004318e-03
7.683659438043832779e-03
7.683655712753534317e-03
7.683650124818086624e-03
7.683646399527788162e-03
7.683638017624616623e-03
7.683632429689168930e-03
7.683627307415008545e-03
7.683622650802135468e-03
7.683617528527975082e-03
7.683610543608665466e-03
7.683605421334505081e-03
7.683598902076482773e-03
7.683594711124897003e-03
7.683588191866874695e-03
7.683583069592714310e-03
7.683577947318553925e-03
7.683572359383106232e-03
7.683567237108945847e-03
7.683561649173498154e-03
7.683555595576763153e-03
7.683550473302602768e-03
7.683545816689729691e-03
7.683540228754281998e-03
7.683532778173685074e-03
7.683529052883386612e-03
7.683522999286651611e-03
7.683518808335065842e-03
7.683512754738330841e-03
7.683506701141595840e-03
7.683501578867435455e-03
7.683495525270700455e-03
7.683490868657827377e-03
7.683482952415943146e-03
7.683479227125644684e-03
7.683471776545047760e-03
7.683468051254749298e-03
7.683461531996726990e-03
7.683456409722566605e-03
7.683451287448406219e-03
7.683446630835533142e-03
7.683441974222660065e-03
7.683435920625925064e-03
7.683429867029190063e-03
7.683423813432455063e-03
7.683419156819581985e-03
7.683413568884134293e-03
7.683407515287399292e-03
7.683402393013238907e-03
7.683396339416503906e-03
7.683391682803630829e-03
7.683384697884321213e-03
7.683380972594022751e-03
7.683373987674713135e-03
7.683368865400552750e-03
7.683363277465105057e-03
7.683358620852231979e-03
