9.087514132261276245e-03
9.087488986551761627e-03
9.087464772164821625e-03
9.087442420423030853e-03
9.087417274713516235e-03
9.087393060326576233e-03
9.087370708584785461e-03
9.087347425520420074e-03
9.087321348488330841e-03
9.087298996746540070e-03
9.087274782359600067e-03
9.087251499295234680e-03
9.087225422263145447e-03
9.087203070521354675e-03
9.087179787456989288e-03
9.087155573070049286e-03
9.087130427360534668e-03
9.087108075618743896e-03
9.087083861231803894e-03
9.087060578167438507e-03
9.087037295103073120e-03
9.087011218070983887e-03
9.086988866329193115e-03
9.086964651942253113e-03
9.086940437555313110e-03
9.086915291845798492e-03
9.086892940104007721e-03
9.086868725717067719e-03
9.086843580007553101e-03
9.086821228265762329e-03
9.086797945201396942e-03
9.086773730814456940e-03
9.086749516427516937e-03
9.086726233363151550e-03
9.086702018976211548e-03
9.086678735911846161e-03
9.086655452847480774e-03
9.086631238460540771e-03
9.086607024073600769e-03
9.086582809686660767e-03
9.086559526622295380e-03
9.086538106203079224e-03
9.086513891816139221e-03
9.086487814784049988e-03
9.086463600397109985e-03
9.086442179977893829e-03
9.086418896913528442e-03
9.086394682526588440e-03
9.086372330784797668e-03
9.086349047720432281e-03
9.086324833333492279e-03
9.086301550269126892e-03
9.086277335882186890e-03
9.086253121495246887e-03
9.086230769753456116e-03
9.086205624043941498e-03
9.086183272302150726e-03
9.086159057915210724e-03
9.086133912205696106e-03
9.086111560463905334e-03
9.086087346076965332e-03
9.086064994335174561e-03
9.086041711270809174e-03
9.086015634238719940e-03
9.085993282496929169e-03
9.085969999432563782e-03
9.085947647690773010e-03
9.085922501981258392e-03
9.085898287594318390e-03
9.085875004529953003e-03
9.085851721465587616e-03
9.085826575756072998e-03
9.085804224014282227e-03
9.085780009627342224e-03
9.085759520530700684e-03
9.085734374821186066e-03
9.085708297789096832e-03
9.085685946047306061e-03
9.085662662982940674e-03
9.085637517273426056e-03
9.085615165531635284e-03
9.085592813789844513e-03
9.085568599402904510e-03
9.085543453693389893e-03
9.085521101951599121e-03
9.085497818887233734e-03
9.085475467145442963e-03
9.085450321435928345e-03
9.085426107048988342e-03
9.085401892662048340e-03
9.085379540920257568e-03
9.085356257855892181e-03
9.085332043468952179e-03
9.085307829082012177e-03
9.085285477340221405e-03
9.085259400308132172e-03
9.085237048566341400e-03
9.085214696824550629e-03
9.085189551115036011e-03
9.085168130695819855e-03
9.085142053663730621e-03
9.085119701921939850e-03
9.085095487534999847e-03
9.085072204470634460e-03
9.085047990083694458e-03
9.085026569664478302e-03
9.085002355277538300e-03
9.084978140890598297e-03
9.084954857826232910e-03
9.084932506084442139e-03
9.084907360374927521e-03
9.084884077310562134e-03
9.084859862923622131e-03
9.084835648536682129e-03
9.084813296794891357e-03
9.084788151085376740e-03
9.084765799343585968e-03
9.084741584956645966e-03
9.084718301892280579e-03
9.084692224860191345e-03
9.084669873118400574e-03
9.084647521376609802e-03
9.084622375667095184e-03
9.084598161280155182e-03
9.084574878215789795e-03
9.084550663828849792e-03
9.084527380764484406e-03
9.084504097700119019e-03
9.084479883313179016e-03
9.084455668926239014e-03
9.084433317184448242e-03
9.084410034120082855e-03
9.084384888410568237e-03
9.084361605346202850e-03
9.084338322281837463e-03
9.084313176572322845e-03
9.084289893507957458e-03
9.084266610443592072e-03
9.084243327379226685e-03
9.084218181669712067e-03
9.084194898605346680e-03
9.084170684218406677e-03
9.084147401154041290e-03
9.084124118089675903e-03
9.084099903702735901e-03
9.084074757993221283e-03
9.084051474928855896e-03
9.084028191864490509e-03
9.084005840122699738e-03
9.083980694413185120e-03
9.083957411348819733e-03
9.083933196961879730e-03
9.083908051252365112e-03
9.083884768187999725e-03
9.083862416446208954e-03
9.083838202059268951e-03
9.083813056349754333e-03
9.083788841962814331e-03
9.083766490221023560e-03
9.083740413188934326e-03
9.083717130124568939e-03
9.083692915737628937e-03
9.083668701350688934e-03
9.083644486963748932e-03
9.083621203899383545e-03
9.083596058189868927e-03
9.083570912480354309e-03
9.083548560738563538e-03
9.083525277674198151e-03
9.083501063287258148e-03
9.083476848900318146e-03
9.083451703190803528e-03
9.083428420126438141e-03
9.083404205739498138e-03
9.083379991352558136e-03
9.083355776965618134e-03
9.083332493901252747e-03
9.083309210836887360e-03
9.083284996449947357e-03
9.083259850740432739e-03
9.083236567676067352e-03
9.083211421966552734e-03
9.083188138902187347e-03
9.083162993192672729e-03
9.083140641450881958e-03
9.083114564418792725e-03
9.083091281354427338e-03
9.083066135644912720e-03
9.083040989935398102e-03
9.083016775548458099e-03
9.082994423806667328e-03
9.082968346774578094e-03
9.082945063710212708e-03
9.082920849323272705e-03
9.082894772291183472e-03
9.082871489226818085e-03
9.082847274839878082e-03
9.082823060452938080e-03
9.082796983420848846e-03
9.082772769033908844e-03
9.082749485969543457e-03
9.082724340260028839e-03
9.082701057195663452e-03
9.082676842808723450e-03
9.082651697099208832e-03
9.082627482712268829e-03
9.082603268325328827e-03
9.082578122615814209e-03
9.082554839551448822e-03
9.082529693841934204e-03
9.082507342100143433e-03
9.082479402422904968e-03
9.082455188035964966e-03
9.082430042326450348e-03
9.082405827939510345e-03
9.082380682229995728e-03
9.082357399165630341e-03
9.082332253456115723e-03
9.082306176424026489e-03
9.082281962037086487e-03
9.082257747650146484e-03
9.082231670618057251e-03
9.082208387553691864e-03
9.082184173166751862e-03
9.082156233489513397e-03
9.082133881747722626e-03
9.082108736038208008e-03
9.082083590328693390e-03
9.082057513296604156e-03
9.082034230232238770e-03
9.082008153200149536e-03
9.081984870135784149e-03
9.081958793103694916e-03
9.081933647394180298e-03
9.081910364329814911e-03
9.081882424652576447e-03
9.081858210265636444e-03
9.081833064556121826e-03
9.081808850169181824e-03
9.081783704459667206e-03
9.081758558750152588e-03
9.081732481718063354e-03
9.081708267331123352e-03
9.081681258976459503e-03
9.081657044589519501e-03
9.081631898880004883e-03
9.081606753170490265e-03
9.081580676138401031e-03
9.081555530428886414e-03
9.081530384719371796e-03
9.081505239009857178e-03
9.081479161977767944e-03
9.081454016268253326e-03
9.081427939236164093e-03
9.081401862204074860e-03
9.081378579139709473e-03
9.081353433430194855e-03
9.081327356398105621e-03
9.081302210688591003e-03
9.081276133656501770e-03
9.081250987946987152e-03
9.081224910914897919e-03
9.081199765205383301e-03
9.081173688173294067e-03
9.081148542463779449e-03
9.081123396754264832e-03
9.081097319722175598e-03
9.081070311367511749e-03
9.081044234335422516e-03
9.081019088625907898e-03
9.080992080271244049e-03
9.080965071916580200e-03
9.080939926207065582e-03
9.080913849174976349e-03
9.080888703465461731e-03
9.080861695110797882e-03
9.080837480723857880e-03
9.080809541046619415e-03
9.080783464014530182e-03
9.080757386982440948e-03
9.080732241272926331e-03
9.080705232918262482e-03
9.080681018531322479e-03
9.080654941499233246e-03
9.080627001821994781e-03
9.080599993467330933e-03
9.080574847757816315e-03
9.080546908080577850e-03
9.080520831048488617e-03
9.080494754016399384e-03
9.080470539629459381e-03
9.080442599952220917e-03
9.080415591597557068e-03
9.080389514565467834e-03
9.080362506210803986e-03
9.080336429178714752e-03
9.080310352146625519e-03
9.080284275114536285e-03
9.080258198082447052e-03
9.080232121050357819e-03
9.080203250050544739e-03
9.080177173018455505e-03
9.080150164663791656e-03
9.080124087631702423e-03
9.080095216631889343e-03
9.080070070922374725e-03
9.080043062567710876e-03
9.080017916858196259e-03
9.079989977180957794e-03
9.079962968826293945e-03
9.079934097826480865e-03
9.079908020794391632e-03
9.079880081117153168e-03
9.079853072762489319e-03
9.079827927052974701e-03
9.079798124730587006e-03
9.079772047698497772e-03
9.079745039343833923e-03
9.079718962311744690e-03
9.079690091311931610e-03
9.079664014279842377e-03
9.079636074602603912e-03
9.079609997570514679e-03
9.079581126570701599e-03
9.079554118216037750e-03
9.079526178538799286e-03
9.079499170184135437e-03
9.079472161829471588e-03
9.079444222152233124e-03
9.079416282474994659e-03
9.079388342797756195e-03
9.079361334443092346e-03
9.079333394765853882e-03
9.079305455088615417e-03
9.079278446733951569e-03
9.079251438379287720e-03
9.079223498702049255e-03
9.079195559024810791e-03
9.079167619347572327e-03
9.079139679670333862e-03
9.079112671315670013e-03
9.079082868993282318e-03
9.079053997993469238e-03
9.079027920961380005e-03
9.078999981284141541e-03
9.078972041606903076e-03
9.078943170607089996e-03
9.078915230929851532e-03
9.078886359930038452e-03
9.078859351575374603e-03
9.078829549252986908e-03
9.078802540898323059e-03
9.078774601221084595e-03
9.078742936253547668e-03
9.078715927898883820e-03
9.078687988221645355e-03
9.078660048544406891e-03
9.078630246222019196e-03
9.078604169189929962e-03
9.078574366867542267e-03
9.078547358512878418e-03
9.078517556190490723e-03
9.078487753868103027e-03
9.078457951545715332e-03
9.078429080545902252e-03
9.078401140868663788e-03
9.078372269868850708e-03
9.078342467546463013e-03
9.078314527869224548e-03
9.078285656869411469e-03
9.078255854547023773e-03
9.078228846192359924e-03
9.078199975192546844e-03
9.078170172870159149e-03
9.078139439225196838e-03
9.078112430870532990e-03
9.078083559870719910e-03
9.078052826225757599e-03
9.078023955225944519e-03
9.077994152903556824e-03
9.077962487936019897e-03
9.077934548258781433e-03
9.077905677258968353e-03
9.077874943614006042e-03
9.077846072614192963e-03
9.077817201614379883e-03
9.077787399291992188e-03
9.077757596969604492e-03
9.077726863324642181e-03
9.077699854969978333e-03
9.077669121325016022e-03
9.077639319002628326e-03
9.077609516680240631e-03
9.077578783035278320e-03
9.077548049390316010e-03
9.077520109713077545e-03
9.077490307390689850e-03
9.077459573745727539e-03
9.077428840100765228e-03
9.077399037778377533e-03
9.077369235455989838e-03
9.077337570488452911e-03
9.077308699488639832e-03
9.077277034521102905e-03
9.077248163521289825e-03
9.077217429876327515e-03
9.077188558876514435e-03
9.077155962586402893e-03
9.077125228941440582e-03
9.077096357941627502e-03
9.077065624296665192e-03
9.077035821974277496e-03
9.077004157006740570e-03
9.076974354684352875e-03
9.076944552361965179e-03
9.076911956071853638e-03
9.076882153749465942e-03
9.076851420104503632e-03
9.076820686459541321e-03
9.076788090169429779e-03
9.076758287847042084e-03
9.076727554202079773e-03
9.076698683202266693e-03
9.076666086912155151e-03
9.076634421944618225e-03
9.076604619622230530e-03
9.076571092009544373e-03
9.076539427042007446e-03
9.076508693397045135e-03
9.076478891074657440e-03
9.076446294784545898e-03
9.076414629817008972e-03
9.076382033526897430e-03
9.076351299881935120e-03
9.076321497559547424e-03
9.076289832592010498e-03
9.076258167624473572e-03
9.076226502656936646e-03
9.076195769011974335e-03
9.076163172721862793e-03
9.076130576431751251e-03
9.076099842786788940e-03
9.076069109141826630e-03
9.076036512851715088e-03
9.076002985239028931e-03
9.075972251594066620e-03
9.075942449271678925e-03
9.075908921658992767e-03
9.075877256691455841e-03
9.075843729078769684e-03
9.075812995433807373e-03
9.075780399143695831e-03
9.075746871531009674e-03
9.075715206563472748e-03
9.075682610273361206e-03
9.075651876628398895e-03
9.075618349015712738e-03
9.075586684048175812e-03
9.075555019080638885e-03
9.075521491467952728e-03
9.075489826500415802e-03
9.075455367565155029e-03
9.075425565242767334e-03
9.075391106307506561e-03
9.075360372662544250e-03
9.075326845049858093e-03
9.075294248759746552e-03
9.075260721147060394e-03
9.075229056179523468e-03
9.075196459889411926e-03
9.075162932276725769e-03
9.075131267309188843e-03
9.075098671019077301e-03
9.075065143406391144e-03
9.075031615793704987e-03
9.074998088181018829e-03
9.074964560568332672e-03
9.074931032955646515e-03
9.074897505342960358e-03
9.074865840375423431e-03
9.074833244085311890e-03
9.074798785150051117e-03
9.074766188859939575e-03
9.074734523892402649e-03
9.074700064957141876e-03
9.074667468667030334e-03
9.074632078409194946e-03
9.074600413441658020e-03
9.074567817151546478e-03
9.074532426893711090e-03
9.074499830603599548e-03
9.074466302990913391e-03
9.074433706700801849e-03
9.074399247765541077e-03
9.074364788830280304e-03
9.074332192540168762e-03
9.074297733604907990e-03
9.074264205992221832e-03
9.074229747056961060e-03
9.074195288121700287e-03
