1.329436153173446655e-01
1.329435110092163086e-01
1.329433768987655640e-01
1.329432725906372070e-01
1.329431533813476562e-01
1.329430043697357178e-01
1.329429298639297485e-01
1.329427957534790039e-01
1.329427063465118408e-01
1.329425424337387085e-01
1.329424679279327393e-01
1.329423487186431885e-01
1.329422146081924438e-01
1.329421252012252808e-01
1.329420357942581177e-01
1.329418867826461792e-01
1.329417675733566284e-01
1.329416632652282715e-01
1.329415440559387207e-01
1.329414248466491699e-01
1.329413205385208130e-01
1.329411864280700684e-01
1.329410821199417114e-01
1.329409629106521606e-01
1.329408586025238037e-01
1.329407542943954468e-01
1.329406201839447021e-01
1.329405009746551514e-01
1.329404115676879883e-01
1.329403072595596313e-01
1.329401582479476929e-01
1.329400688409805298e-01
1.329399645328521729e-01
1.329398453235626221e-01
1.329397261142730713e-01
1.329396069049835205e-01
1.329394578933715820e-01
1.329393535852432251e-01
1.329392641782760620e-01
1.329391300678253174e-01
1.329390108585357666e-01
1.329388916492462158e-01
1.329388022422790527e-01
1.329386681318283081e-01
1.329385787248611450e-01
1.329384446144104004e-01
1.329383403062820435e-01
1.329382359981536865e-01
1.329380869865417480e-01
1.329379975795745850e-01
1.329378783702850342e-01
1.329377740621566772e-01
1.329376548528671265e-01
1.329375505447387695e-01
1.329374164342880249e-01
1.329372972249984741e-01
1.329371631145477295e-01
1.329370737075805664e-01
1.329369544982910156e-01
1.329368352890014648e-01
1.329367011785507202e-01
1.329365968704223633e-01
1.329364776611328125e-01
1.329363882541656494e-01
1.329362839460372925e-01
1.329361796379089355e-01
1.329360157251358032e-01
1.329359263181686401e-01
1.329357922077178955e-01
1.329356878995895386e-01
1.329355835914611816e-01
1.329354792833328247e-01
1.329353451728820801e-01
1.329352259635925293e-01
1.329351216554641724e-01
1.329349875450134277e-01
1.329348683357238770e-01
1.329347640275955200e-01
1.329346746206283569e-01
1.329345405101776123e-01
1.329344511032104492e-01
1.329342871904373169e-01
1.329341977834701538e-01
1.329340636730194092e-01
1.329339593648910522e-01
1.329338401556015015e-01
1.329337209463119507e-01
1.329336315393447876e-01
1.329335123300552368e-01
1.329333931207656860e-01
1.329332590103149414e-01
1.329331398010253906e-01
1.329330354928970337e-01
1.329329162836074829e-01
1.329328268766403198e-01
1.329327076673507690e-01
1.329325884580612183e-01
1.329324990510940552e-01
1.329323649406433105e-01
1.329322606325149536e-01
1.329321563243865967e-01
1.329320371150970459e-01
1.329319328069686890e-01
1.329318135976791382e-01
1.329316943883895874e-01
1.329315900802612305e-01
1.329314708709716797e-01
1.329313665628433228e-01
1.329312473535537720e-01
1.329311132431030273e-01
1.329310238361358643e-01
1.329308897256851196e-01
1.329307705163955688e-01
1.329306662082672119e-01
1.329305469989776611e-01
1.329304277896881104e-01
1.329303383827209473e-01
1.329302191734313965e-01
1.329300850629806519e-01
1.329299509525299072e-01
1.329298466444015503e-01
1.329297423362731934e-01
1.329296231269836426e-01
1.329295188188552856e-01
1.329293996095657349e-01
1.329292804002761841e-01
1.329291760921478271e-01
1.329290419816970825e-01
1.329289376735687256e-01
1.329288035631179810e-01
1.329286992549896240e-01
1.329286247491836548e-01
1.329285055398941040e-01
1.329283714294433594e-01
1.329282522201538086e-01
1.329281479120254517e-01
1.329280287027359009e-01
1.329279392957687378e-01
1.329277902841567993e-01
1.329277008771896362e-01
1.329275667667388916e-01
1.329274475574493408e-01
1.329273283481597900e-01
1.329272389411926270e-01
1.329271048307418823e-01
1.329269856214523315e-01
1.329268664121627808e-01
1.329267621040344238e-01
1.329266428947448730e-01
1.329265385866165161e-01
1.329264342784881592e-01
1.329263150691986084e-01
1.329261958599090576e-01
1.329260766506195068e-01
1.329259574413299561e-01
1.329258531332015991e-01
1.329257339239120483e-01
1.329256296157836914e-01
1.329254955053329468e-01
1.329253762960433960e-01
1.329252719879150391e-01
1.329251527786254883e-01
1.329250186681747437e-01
1.329249292612075806e-01
1.329248249530792236e-01
1.329246759414672852e-01
1.329245865345001221e-01
1.329244822263717651e-01
1.329243779182434082e-01
1.329242587089538574e-01
1.329241096973419189e-01
1.329240202903747559e-01
1.329238861799240112e-01
1.329237967729568481e-01
1.329236626625061035e-01
1.329235434532165527e-01
1.329234391450881958e-01
1.329233050346374512e-01
1.329232156276702881e-01
1.329231113195419312e-01
1.329229921102523804e-01
1.329228579998016357e-01
1.329227536916732788e-01
1.329226493835449219e-01
1.329225152730941772e-01
1.329223811626434326e-01
1.329223215579986572e-01
1.329221874475479126e-01
1.329220831394195557e-01
1.329219639301300049e-01
1.329218447208404541e-01
1.329217255115509033e-01
1.329216361045837402e-01
1.329214721918106079e-01
1.329213529825210571e-01
1.329212635755538940e-01
1.329211741685867310e-01
1.329210698604583740e-01
1.329209208488464355e-01
1.329208165407180786e-01
1.329206973314285278e-01
1.329205781221389771e-01
1.329204887151718140e-01
1.329203546047210693e-01
1.329202353954315186e-01
1.329201012849807739e-01
1.329199820756912231e-01
1.329198926687240601e-01
1.329197585582733154e-01
1.329196840524673462e-01
1.329195648431777954e-01
1.329194307327270508e-01
1.329193264245986938e-01
1.329192072153091431e-01
1.329191029071807861e-01
1.329189687967300415e-01
1.329188495874404907e-01
1.329187303781509399e-01
1.329186409711837769e-01
1.329185068607330322e-01
1.329184174537658691e-01
1.329182833433151245e-01
1.329181790351867676e-01
1.329180598258972168e-01
1.329179555177688599e-01
1.329178214073181152e-01
1.329177021980285645e-01
1.329175978899002075e-01
1.329175084829330444e-01
1.329173743724822998e-01
1.329172700643539429e-01
1.329171359539031982e-01
1.329170465469360352e-01
1.329169124364852905e-01
1.329167783260345459e-01
1.329167187213897705e-01
1.329165697097778320e-01
1.329164505004882812e-01
1.329163610935211182e-01
1.329162120819091797e-01
1.329161077737808228e-01
1.329160183668136597e-01
1.329158842563629150e-01
1.329157650470733643e-01
1.329156607389450073e-01
1.329155713319778442e-01
1.329154223203659058e-01
1.329153031110763550e-01
1.329152137041091919e-01
1.329150944948196411e-01
1.329149752855300903e-01
1.329148411750793457e-01
1.329147517681121826e-01
1.329146176576614380e-01
1.329144984483718872e-01
1.329143941402435303e-01
1.329142749309539795e-01
1.329141408205032349e-01
1.329140663146972656e-01
1.329139322042465210e-01
1.329138278961181641e-01
1.329137086868286133e-01
1.329136043787002563e-01
1.329134702682495117e-01
1.329133659601211548e-01
1.329132616519927979e-01
1.329131275415420532e-01
1.329130232334136963e-01
1.329128891229629517e-01
1.329127699136734009e-01
1.329126805067062378e-01
1.329125612974166870e-01
1.329124420881271362e-01
1.329123526811599731e-01
1.329122036695480347e-01
1.329121440649032593e-01
1.329119801521301270e-01
1.329118758440017700e-01
1.329117417335510254e-01
1.329116672277450562e-01
1.329115331172943115e-01
1.329114288091659546e-01
1.329113095998764038e-01
1.329112201929092407e-01
1.329110860824584961e-01
1.329109817743301392e-01
1.329108476638793945e-01
1.329107433557510376e-01
1.329106390476226807e-01
1.329105347394943237e-01
1.329103708267211914e-01
1.329102963209152222e-01
1.329101622104644775e-01
1.329100877046585083e-01
1.329099535942077637e-01
1.329098492860794067e-01
1.329097300767898560e-01
1.329095810651779175e-01
1.329094767570495605e-01
1.329093724489212036e-01
1.329092383384704590e-01
1.329091489315032959e-01
1.329090446233749390e-01
1.329089105129241943e-01
1.329087913036346436e-01
1.329086720943450928e-01
1.329085826873779297e-01
1.329084336757659912e-01
1.329083442687988281e-01
1.329082399606704712e-01
1.329081207513809204e-01
1.329080015420913696e-01
1.329078674316406250e-01
1.329077482223510742e-01
1.329076588153839111e-01
1.329075396060943604e-01
1.329074352979660034e-01
1.329073011875152588e-01
1.329071819782257080e-01
1.329070925712585449e-01
1.329069733619689941e-01
1.329068690538406372e-01
1.329067349433898926e-01
1.329066306352615356e-01
1.329065114259719849e-01
1.329064071178436279e-01
1.329062879085540771e-01
1.329061537981033325e-01
1.329060643911361694e-01
1.329059451818466187e-01
1.329058408737182617e-01
1.329057067632675171e-01
1.329055875539779663e-01
1.329054832458496094e-01
1.329053938388824463e-01
1.329052299261093140e-01
1.329051405191421509e-01
1.329050362110137939e-01
1.329049319028854370e-01
1.329047977924346924e-01
1.329046934843063354e-01
1.329045593738555908e-01
1.329044550657272339e-01
1.329043358564376831e-01
1.329042315483093262e-01
1.329040825366973877e-01
1.329040229320526123e-01
1.329038888216018677e-01
1.329037547111511230e-01
1.329036653041839600e-01
1.329035460948944092e-01
1.329034268856048584e-01
1.329033374786376953e-01
1.329031884670257568e-01
1.329030841588973999e-01
1.329029500484466553e-01
1.329028755426406860e-01
1.329027414321899414e-01
1.329026520252227783e-01
1.329025179147720337e-01
1.329023987054824829e-01
1.329022943973541260e-01
1.329021751880645752e-01
1.329020410776138306e-01
1.329019218683242798e-01
1.329018026590347290e-01
1.329017132520675659e-01
1.329015791416168213e-01
1.329014599323272705e-01
1.329013556241989136e-01
1.329012364149093628e-01
1.329011172056198120e-01
1.329009979963302612e-01
1.329009085893630981e-01
1.329007744789123535e-01
1.329006850719451904e-01
1.329005658626556396e-01
1.329004466533660889e-01
1.329003274440765381e-01
1.329001933336257935e-01
1.329001039266586304e-01
1.328999996185302734e-01
1.328998506069183350e-01
1.328997611999511719e-01
1.328996419906616211e-01
1.328995525836944580e-01
1.328994184732437134e-01
1.328992843627929688e-01
1.328992098569869995e-01
1.328990906476974487e-01
1.328989416360855103e-01
1.328988522291183472e-01
1.328987181186676025e-01
1.328986138105392456e-01
1.328985095024108887e-01
1.328984051942825317e-01
1.328982710838317871e-01
1.328981518745422363e-01
1.328980326652526855e-01
1.328979283571243286e-01
1.328978091478347778e-01
1.328977197408676147e-01
1.328976005315780640e-01
1.328974664211273193e-01
1.328973770141601562e-01
1.328972578048706055e-01
1.328971385955810547e-01
1.328970342874526978e-01
1.328969001770019531e-01
1.328967809677124023e-01
1.328966617584228516e-01
1.328965574502944946e-01
1.328964382410049438e-01
1.328963637351989746e-01
1.328962147235870361e-01
1.328961104154586792e-01
1.328959912061691284e-01
1.328958570957183838e-01
1.328957527875900269e-01
1.328956484794616699e-01
1.328955143690109253e-01
1.328954100608825684e-01
1.328953057527542114e-01
1.328951865434646606e-01
1.328950524330139160e-01
1.328949779272079468e-01
1.328948587179183960e-01
1.328947246074676514e-01
1.328946352005004883e-01
1.328945159912109375e-01
1.328944265842437744e-01
1.328942626714706421e-01
1.328941583633422852e-01
1.328940689563751221e-01
1.328939497470855713e-01
1.328938156366348267e-01
1.328936964273452759e-01
1.328935772180557251e-01
1.328934580087661743e-01
1.328933537006378174e-01
1.328932642936706543e-01
1.328931599855422974e-01
1.328929960727691650e-01
1.328929215669631958e-01
1.328927874565124512e-01
1.328926980495452881e-01
1.328925639390945435e-01
1.328924596309661865e-01
1.328923255205154419e-01
1.328922510147094727e-01
1.328921318054199219e-01
1.328920125961303711e-01
1.328918635845184326e-01
1.328917741775512695e-01
1.328916400671005249e-01
1.328915357589721680e-01
1.328914314508438110e-01
1.328913271427154541e-01
1.328912079334259033e-01
1.328911036252975464e-01
1.328909695148468018e-01
1.328908801078796387e-01
1.328907310962677002e-01
1.328906118869781494e-01
1.328905373811721802e-01
1.328904032707214355e-01
1.328903138637542725e-01
1.328901797533035278e-01
1.328900456428527832e-01
1.328899562358856201e-01
1.328897923231124878e-01
1.328897178173065186e-01
1.328895837068557739e-01
1.328894644975662231e-01
1.328893601894378662e-01
1.328892409801483154e-01
1.328891366720199585e-01
1.328890323638916016e-01
1.328889131546020508e-01
1.328888237476348877e-01
1.328886896371841431e-01
1.328885704278945923e-01
1.328884214162826538e-01
1.328883618116378784e-01
1.328882426023483276e-01
1.328881233930587769e-01
1.328880041837692261e-01
1.328878849744796753e-01
1.328877657651901245e-01
1.328876614570617676e-01
1.328875422477722168e-01
1.328874677419662476e-01
1.328873187303543091e-01
1.328872144222259521e-01
1.328870803117752075e-01
1.328870058059692383e-01
1.328868716955184937e-01
1.328867524862289429e-01
1.328866183757781982e-01
1.328865289688110352e-01
