2.440560311079025269e-01
2.440560013055801392e-01
2.440560311079025269e-01
2.440560311079025269e-01
2.440560013055801392e-01
2.440560013055801392e-01
2.440560013055801392e-01
2.440560013055801392e-01
2.440560013055801392e-01
2.440559864044189453e-01
2.440559566020965576e-01
2.440559864044189453e-01
2.440559267997741699e-01
2.440559267997741699e-01
2.440559566020965576e-01
2.440559267997741699e-01
2.440559864044189453e-01
2.440559566020965576e-01
2.440559566020965576e-01
2.440559566020965576e-01
2.440559566020965576e-01
2.440559566020965576e-01
2.440559267997741699e-01
2.440559566020965576e-01
2.440559566020965576e-01
2.440559566020965576e-01
2.440559267997741699e-01
2.440559566020965576e-01
2.440559267997741699e-01
2.440559118986129761e-01
2.440559267997741699e-01
2.440559118986129761e-01
2.440559118986129761e-01
2.440559118986129761e-01
2.440559267997741699e-01
2.440559267997741699e-01
2.440559267997741699e-01
2.440559267997741699e-01
2.440559566020965576e-01
2.440559566020965576e-01
2.440559566020965576e-01
2.440559118986129761e-01
2.440558820962905884e-01
2.440559118986129761e-01
2.440559118986129761e-01
2.440559118986129761e-01
2.440558820962905884e-01
2.440559118986129761e-01
2.440559118986129761e-01
2.440559118986129761e-01
2.440558820962905884e-01
2.440558522939682007e-01
2.440558820962905884e-01
2.440558820962905884e-01
2.440558820962905884e-01
2.440558522939682007e-01
2.440559118986129761e-01
2.440559118986129761e-01
2.440559118986129761e-01
2.440559118986129761e-01
2.440559118986129761e-01
2.440559118986129761e-01
2.440559118986129761e-01
2.440559267997741699e-01
2.440558820962905884e-01
2.440558820962905884e-01
2.440559118986129761e-01
2.440558820962905884e-01
2.440558522939682007e-01
2.440558522939682007e-01
2.440559118986129761e-01
2.440558820962905884e-01
2.440558522939682007e-01
2.440558820962905884e-01
2.440558820962905884e-01
2.440559118986129761e-01
2.440559118986129761e-01
2.440559118986129761e-01
2.440559118986129761e-01
2.440559118986129761e-01
2.440559118986129761e-01
2.440558522939682007e-01
2.440558522939682007e-01
2.440558820962905884e-01
2.440558522939682007e-01
2.440558522939682007e-01
2.440558522939682007e-01
2.440558522939682007e-01
2.440558373928070068e-01
2.440558075904846191e-01
2.440558522939682007e-01
2.440558522939682007e-01
2.440558373928070068e-01
2.440558373928070068e-01
2.440558522939682007e-01
2.440558522939682007e-01
2.440558522939682007e-01
2.440558373928070068e-01
2.440558522939682007e-01
2.440558373928070068e-01
2.440558522939682007e-01
2.440558522939682007e-01
2.440558373928070068e-01
2.440558075904846191e-01
2.440558075904846191e-01
2.440558522939682007e-01
2.440558373928070068e-01
2.440558522939682007e-01
2.440558522939682007e-01
2.440558522939682007e-01
2.440558373928070068e-01
2.440558373928070068e-01
2.440558075904846191e-01
2.440558373928070068e-01
2.440558075904846191e-01
2.440558075904846191e-01
2.440558373928070068e-01
2.440558075904846191e-01
2.440558373928070068e-01
2.440558373928070068e-01
2.440558373928070068e-01
2.440558075904846191e-01
2.440558075904846191e-01
2.440557926893234253e-01
2.440557926893234253e-01
2.440558075904846191e-01
2.440557926893234253e-01
2.440557926893234253e-01
2.440557628870010376e-01
2.440557330846786499e-01
2.440557628870010376e-01
2.440557330846786499e-01
2.440557330846786499e-01
2.440557628870010376e-01
2.440557330846786499e-01
2.440557628870010376e-01
2.440557181835174561e-01
2.440557181835174561e-01
2.440557330846786499e-01
2.440557181835174561e-01
2.440557330846786499e-01
2.440557181835174561e-01
2.440557181835174561e-01
2.440557181835174561e-01
2.440556585788726807e-01
2.440557181835174561e-01
2.440557330846786499e-01
2.440557181835174561e-01
2.440557181835174561e-01
2.440557330846786499e-01
2.440557181835174561e-01
2.440557330846786499e-01
2.440557628870010376e-01
2.440557330846786499e-01
2.440557330846786499e-01
2.440557330846786499e-01
2.440557330846786499e-01
2.440557330846786499e-01
2.440557628870010376e-01
2.440557181835174561e-01
2.440556883811950684e-01
2.440556883811950684e-01
2.440557181835174561e-01
2.440556883811950684e-01
2.440556585788726807e-01
2.440556883811950684e-01
2.440556883811950684e-01
2.440556883811950684e-01
2.440557181835174561e-01
2.440557181835174561e-01
2.440556883811950684e-01
2.440556883811950684e-01
2.440557181835174561e-01
2.440556883811950684e-01
2.440556883811950684e-01
2.440556585788726807e-01
2.440556585788726807e-01
2.440556585788726807e-01
2.440556585788726807e-01
2.440556883811950684e-01
2.440556883811950684e-01
2.440557181835174561e-01
2.440556883811950684e-01
2.440556585788726807e-01
2.440557181835174561e-01
2.440557181835174561e-01
2.440557181835174561e-01
2.440557181835174561e-01
2.440556883811950684e-01
2.440556883811950684e-01
2.440557181835174561e-01
2.440556585788726807e-01
2.440556436777114868e-01
2.440556138753890991e-01
2.440556138753890991e-01
2.440556138753890991e-01
2.440556138753890991e-01
2.440556138753890991e-01
2.440556436777114868e-01
2.440556436777114868e-01
2.440556436777114868e-01
2.440556585788726807e-01
2.440556585788726807e-01
2.440556585788726807e-01
2.440556138753890991e-01
2.440556585788726807e-01
2.440556436777114868e-01
2.440556138753890991e-01
2.440556585788726807e-01
2.440556436777114868e-01
2.440555840730667114e-01
2.440556138753890991e-01
2.440555840730667114e-01
2.440555840730667114e-01
2.440555840730667114e-01
2.440556138753890991e-01
2.440555840730667114e-01
2.440555691719055176e-01
2.440556138753890991e-01
2.440555840730667114e-01
2.440555691719055176e-01
2.440555840730667114e-01
2.440555840730667114e-01
2.440555840730667114e-01
2.440556138753890991e-01
2.440555691719055176e-01
2.440556138753890991e-01
2.440555840730667114e-01
2.440555840730667114e-01
2.440555840730667114e-01
2.440555840730667114e-01
2.440555840730667114e-01
2.440555840730667114e-01
2.440555691719055176e-01
2.440555691719055176e-01
2.440555691719055176e-01
2.440555691719055176e-01
2.440555393695831299e-01
2.440555691719055176e-01
2.440555691719055176e-01
2.440556138753890991e-01
2.440555691719055176e-01
2.440555691719055176e-01
2.440555691719055176e-01
2.440555244684219360e-01
2.440555393695831299e-01
2.440555244684219360e-01
2.440555393695831299e-01
2.440555244684219360e-01
2.440555393695831299e-01
2.440555244684219360e-01
2.440555393695831299e-01
2.440555691719055176e-01
2.440555393695831299e-01
2.440555244684219360e-01
2.440555393695831299e-01
2.440555393695831299e-01
2.440555393695831299e-01
2.440555244684219360e-01
2.440555244684219360e-01
2.440555244684219360e-01
2.440555393695831299e-01
2.440555244684219360e-01
2.440555244684219360e-01
2.440554648637771606e-01
2.440554946660995483e-01
2.440555244684219360e-01
2.440554648637771606e-01
2.440554648637771606e-01
2.440554946660995483e-01
2.440554946660995483e-01
2.440555244684219360e-01
2.440555244684219360e-01
2.440555244684219360e-01
2.440554946660995483e-01
2.440554648637771606e-01
2.440554648637771606e-01
2.440554648637771606e-01
2.440554648637771606e-01
2.440554946660995483e-01
2.440554946660995483e-01
2.440554946660995483e-01
2.440554648637771606e-01
2.440554648637771606e-01
2.440554946660995483e-01
2.440554648637771606e-01
2.440554648637771606e-01
2.440554648637771606e-01
2.440554648637771606e-01
2.440554499626159668e-01
2.440554648637771606e-01
2.440554648637771606e-01
2.440554648637771606e-01
2.440554499626159668e-01
2.440554499626159668e-01
2.440554201602935791e-01
2.440554201602935791e-01
2.440554201602935791e-01
2.440554648637771606e-01
2.440554499626159668e-01
2.440554499626159668e-01
2.440554499626159668e-01
2.440554499626159668e-01
2.440553903579711914e-01
2.440554201602935791e-01
2.440554201602935791e-01
2.440554201602935791e-01
2.440553903579711914e-01
2.440553903579711914e-01
2.440554201602935791e-01
2.440554648637771606e-01
2.440554648637771606e-01
2.440554499626159668e-01
2.440554499626159668e-01
2.440554201602935791e-01
2.440554499626159668e-01
2.440554201602935791e-01
2.440554201602935791e-01
2.440554201602935791e-01
2.440553903579711914e-01
2.440553754568099976e-01
2.440553754568099976e-01
2.440553903579711914e-01
2.440553903579711914e-01
2.440554201602935791e-01
2.440554201602935791e-01
2.440554201602935791e-01
2.440554201602935791e-01
2.440553903579711914e-01
2.440554201602935791e-01
2.440554201602935791e-01
2.440554201602935791e-01
2.440554201602935791e-01
2.440553754568099976e-01
2.440553754568099976e-01
2.440553754568099976e-01
2.440553456544876099e-01
2.440553456544876099e-01
2.440553158521652222e-01
2.440553158521652222e-01
2.440553456544876099e-01
2.440553456544876099e-01
2.440553754568099976e-01
2.440553754568099976e-01
2.440553456544876099e-01
2.440553456544876099e-01
2.440553903579711914e-01
2.440553754568099976e-01
2.440553754568099976e-01
2.440553903579711914e-01
2.440553754568099976e-01
2.440553754568099976e-01
2.440553158521652222e-01
2.440553158521652222e-01
2.440553158521652222e-01
2.440553456544876099e-01
2.440553158521652222e-01
2.440553158521652222e-01
2.440553158521652222e-01
2.440553456544876099e-01
2.440553456544876099e-01
2.440553009510040283e-01
2.440553009510040283e-01
2.440553158521652222e-01
2.440553158521652222e-01
2.440553158521652222e-01
2.440553009510040283e-01
2.440553158521652222e-01
2.440553158521652222e-01
2.440553009510040283e-01
2.440553158521652222e-01
2.440553158521652222e-01
2.440553009510040283e-01
2.440553009510040283e-01
2.440552711486816406e-01
2.440552711486816406e-01
2.440552711486816406e-01
2.440552711486816406e-01
2.440553009510040283e-01
2.440552711486816406e-01
2.440553009510040283e-01
2.440553009510040283e-01
2.440553158521652222e-01
2.440553158521652222e-01
2.440553158521652222e-01
2.440553456544876099e-01
2.440553158521652222e-01
2.440553158521652222e-01
2.440553009510040283e-01
2.440553158521652222e-01
2.440552711486816406e-01
2.440552711486816406e-01
2.440552562475204468e-01
2.440552562475204468e-01
2.440552711486816406e-01
2.440552711486816406e-01
2.440552711486816406e-01
2.440552711486816406e-01
2.440552562475204468e-01
2.440552562475204468e-01
2.440552562475204468e-01
2.440552711486816406e-01
2.440552711486816406e-01
2.440552711486816406e-01
2.440552562475204468e-01
2.440552711486816406e-01
2.440552264451980591e-01
2.440552264451980591e-01
2.440552562475204468e-01
2.440552562475204468e-01
2.440552711486816406e-01
2.440552562475204468e-01
2.440552711486816406e-01
2.440552562475204468e-01
2.440552562475204468e-01
2.440552711486816406e-01
2.440552562475204468e-01
2.440552562475204468e-01
2.440552562475204468e-01
2.440551966428756714e-01
2.440552264451980591e-01
2.440552264451980591e-01
2.440551966428756714e-01
2.440551966428756714e-01
2.440551966428756714e-01
2.440552562475204468e-01
2.440552264451980591e-01
2.440552562475204468e-01
2.440551966428756714e-01
2.440552264451980591e-01
2.440551966428756714e-01
2.440551966428756714e-01
2.440552264451980591e-01
2.440551966428756714e-01
2.440551966428756714e-01
2.440552264451980591e-01
2.440551966428756714e-01
2.440551966428756714e-01
2.440551966428756714e-01
2.440552264451980591e-01
2.440552264451980591e-01
2.440551817417144775e-01
2.440551966428756714e-01
2.440551966428756714e-01
2.440551966428756714e-01
2.440551966428756714e-01
2.440551817417144775e-01
2.440551817417144775e-01
2.440551817417144775e-01
2.440551221370697021e-01
2.440551221370697021e-01
2.440551221370697021e-01
2.440551221370697021e-01
2.440551072359085083e-01
2.440551072359085083e-01
2.440551072359085083e-01
2.440551221370697021e-01
2.440551221370697021e-01
2.440551519393920898e-01
2.440551519393920898e-01
2.440551221370697021e-01
2.440551519393920898e-01
2.440551221370697021e-01
2.440551519393920898e-01
2.440551519393920898e-01
2.440551519393920898e-01
2.440551221370697021e-01
2.440551221370697021e-01
2.440551817417144775e-01
2.440551817417144775e-01
2.440551221370697021e-01
2.440551221370697021e-01
2.440551221370697021e-01
2.440551221370697021e-01
2.440550774335861206e-01
2.440551072359085083e-01
2.440551221370697021e-01
2.440551221370697021e-01
2.440550774335861206e-01
2.440551072359085083e-01
2.440550774335861206e-01
2.440551072359085083e-01
2.440550774335861206e-01
2.440550774335861206e-01
2.440550774335861206e-01
2.440550774335861206e-01
2.440551072359085083e-01
2.440551221370697021e-01
2.440551072359085083e-01
2.440551072359085083e-01
2.440551072359085083e-01
2.440551072359085083e-01
2.440551221370697021e-01
2.440551072359085083e-01
2.440551072359085083e-01
2.440551221370697021e-01
2.440551072359085083e-01
2.440551072359085083e-01
2.440551072359085083e-01
2.440550774335861206e-01
