2.429343760013580322e-02
2.429340593516826630e-02
2.429337613284587860e-02
2.429334633052349091e-02
2.429331280291080475e-02
2.429328672587871552e-02
2.429326064884662628e-02
2.429322898387908936e-02
2.429320290684700012e-02
2.429316937923431396e-02
2.429314143955707550e-02
2.429310977458953857e-02
2.429307997226715088e-02
2.429305203258991241e-02
2.429302409291267395e-02
2.429299056529998779e-02
2.429296635091304779e-02
2.429293096065521240e-02
2.429290674626827240e-02
2.429287508130073547e-02
2.429284714162349701e-02
2.429281547665596008e-02
2.429278381168842316e-02
2.429275773465633392e-02
2.429272793233394623e-02
2.429269626736640930e-02
2.429266460239887238e-02
2.429263852536678314e-02
2.429260872304439545e-02
2.429257892072200775e-02
2.429255098104476929e-02
2.429252304136753082e-02
2.429248765110969543e-02
2.429246343672275543e-02
2.429242990911006927e-02
2.429240196943283081e-02
2.429237216711044312e-02
2.429234236478805542e-02
2.429231256246566772e-02
2.429228276014328003e-02
2.429225668311119080e-02
2.429222688078880310e-02
2.429219894111156464e-02
2.429216355085372925e-02
2.429213561117649078e-02
2.429210767149925232e-02
2.429207786917686462e-02
2.429204992949962616e-02
2.429201640188694000e-02
2.429199405014514923e-02
2.429195679724216461e-02
2.429193444550037384e-02
2.429190278053283691e-02
2.429186925292015076e-02
2.429184131324291229e-02
2.429180964827537537e-02
2.429177984595298767e-02
2.429175190627574921e-02
2.429172210395336151e-02
2.429169416427612305e-02
2.429166063666343689e-02
2.429163269698619843e-02
2.429160661995410919e-02
2.429157122969627380e-02
2.429154701530933380e-02
2.429151721298694611e-02
2.429148741066455841e-02
2.429145947098731995e-02
2.429142780601978302e-02
2.429139800369739532e-02
2.429137192666530609e-02
2.429133839905261993e-02
2.429131045937538147e-02
2.429127693176269531e-02
2.429124899208545685e-02
2.429122105240821838e-02
2.429118938744068146e-02
2.429116331040859222e-02
2.429113164544105530e-02
2.429110743105411530e-02
2.429107204079627991e-02
2.429103851318359375e-02
2.429101802408695221e-02
2.429098263382911682e-02
2.429095469415187836e-02
2.429092116653919220e-02
2.429089695215225220e-02
2.429086342453956604e-02
2.429083175957202911e-02
2.429080940783023834e-02
2.429077401757240295e-02
2.429074794054031372e-02
2.429071813821792603e-02
2.429068833589553833e-02
2.429065480828285217e-02
2.429062873125076294e-02
2.429059892892837524e-02
2.429057285189628601e-02
2.429054304957389832e-02
2.429051138460636139e-02
2.429048344492912292e-02
2.429045364260673523e-02
2.429042570292949677e-02
2.429039590060710907e-02
2.429035864770412445e-02
2.429033629596233368e-02
2.429030463099479675e-02
2.429027669131755829e-02
2.429024875164031982e-02
2.429021336138248444e-02
2.429019100964069366e-02
2.429015561938285828e-02
2.429013140499591827e-02
2.429009787738323212e-02
2.429007180035114288e-02
2.429004199802875519e-02
2.429000847041606903e-02
2.428998425602912903e-02
2.428995072841644287e-02
2.428992278873920441e-02
2.428989484906196594e-02
2.428986318409442902e-02
2.428983710706233978e-02
2.428980730473995209e-02
2.428977377712726593e-02
2.428974583745002747e-02
2.428971789777278900e-02
2.428968623280525208e-02
2.428965456783771515e-02
2.428963035345077515e-02
2.428959682583808899e-02
2.428957261145114899e-02
2.428953908383846283e-02
2.428951300680637360e-02
2.428948320448398590e-02
2.428945526480674744e-02
2.428942173719406128e-02
2.428939193487167358e-02
2.428936585783958435e-02
2.428933419287204742e-02
2.428930439054965973e-02
2.428927458822727203e-02
2.428924478590488434e-02
2.428921684622764587e-02
2.428918518126010895e-02
2.428916096687316895e-02
2.428912743926048279e-02
2.428910508751869202e-02
2.428907155990600586e-02
2.428903430700302124e-02
2.428901009261608124e-02
2.428897842764854431e-02
2.428895048797130585e-02
2.428891882300376892e-02
2.428889088332653046e-02
2.428886480629444122e-02
2.428882755339145660e-02
2.428880520164966583e-02
2.428877167403697968e-02
2.428874187171459198e-02
2.428871765732765198e-02
2.428868412971496582e-02
2.428865432739257812e-02
2.428862825036048889e-02
2.428859658539295197e-02
2.428857050836086273e-02
2.428854070603847504e-02
2.428850904107093811e-02
2.428848110139369965e-02
2.428844943642616272e-02
2.428842149674892426e-02
2.428839355707168579e-02
2.428836561739444733e-02
2.428833395242691040e-02
2.428830228745937347e-02
2.428827621042728424e-02
2.428824827075004578e-02
2.428821288049221039e-02
2.428818680346012115e-02
2.428815886378288269e-02
2.428813092410564423e-02
2.428809739649295807e-02
2.428806945681571960e-02
2.428803965449333191e-02
2.428800985217094421e-02
2.428798004984855652e-02
2.428795211017131805e-02
2.428792603313922882e-02
2.428789250552654266e-02
2.428786456584930420e-02
2.428783476352691650e-02
2.428780309855937958e-02
2.428777888417243958e-02
2.428774535655975342e-02
2.428771927952766418e-02
2.428768761456012726e-02
2.428765781223773956e-02
2.428762428462505341e-02
2.428759448230266571e-02
2.428757213056087494e-02
2.428754046559333801e-02
2.428751252591609955e-02
2.428748086094856262e-02
2.428744919598102570e-02
2.428742311894893646e-02
2.428738959133625031e-02
2.428736537694931030e-02
2.428733371198177338e-02
2.428730577230453491e-02
2.428727596998214722e-02
2.428724430501461029e-02
2.428722009062767029e-02
2.428718656301498413e-02
2.428715862333774567e-02
2.428712695837020874e-02
2.428710088133811951e-02
2.428707294166088104e-02
2.428703941404819489e-02
2.428701519966125488e-02
2.428697980940341949e-02
2.428695559501647949e-02
2.428692393004894257e-02
2.428689412772655487e-02
2.428686246275901794e-02
2.428683266043663025e-02
2.428680658340454102e-02
2.428677491843700409e-02
2.428674884140491486e-02
2.428671531379222870e-02
2.428668551146984100e-02
2.428666315972805023e-02
2.428662963211536407e-02
2.428659796714782715e-02
2.428657189011573792e-02
2.428654208779335022e-02
2.428651414811611176e-02
2.428648062050342560e-02
2.428645454347133636e-02
2.428642287850379944e-02
2.428639307618141174e-02
2.428636886179447174e-02
2.428633533418178558e-02
2.428630739450454712e-02
2.428627572953701019e-02
2.428624778985977173e-02
2.428621985018253326e-02
2.428618818521499634e-02
2.428616210818290710e-02
2.428613044321537018e-02
2.428609877824783325e-02
2.428607270121574402e-02
2.428604289889335632e-02
2.428601495921611786e-02
2.428598701953887939e-02
2.428595349192619324e-02
2.428592927753925323e-02
2.428589574992656708e-02
2.428586967289447784e-02
2.428583800792694092e-02
2.428580820560455322e-02
2.428577654063701630e-02
2.428575046360492706e-02
2.428572252392768860e-02
2.428569085896015167e-02
2.428566105663776398e-02
2.428563311696052551e-02
2.428559958934783936e-02
2.428557537496089935e-02
2.428554184734821320e-02
2.428551390767097473e-02
2.428548410534858704e-02
2.428545430302619934e-02
2.428542636334896088e-02
2.428539469838142395e-02
2.428536489605903625e-02
2.428533695638179779e-02
2.428531087934970856e-02
2.428528107702732086e-02
2.428524941205978394e-02
2.428521960973739624e-02
2.428519167006015778e-02
2.428516000509262085e-02
2.428513579070568085e-02
2.428510226309299469e-02
2.428506873548030853e-02
2.428504452109336853e-02
2.428501099348068237e-02
2.428498677909374237e-02
2.428495697677135468e-02
2.428493089973926544e-02
2.428490109741687775e-02
2.428486570715904236e-02
2.428483963012695312e-02
2.428480982780456543e-02
2.428477630019187927e-02
2.428475394845008850e-02
2.428471855819225311e-02
2.428468689322471619e-02
2.428466267883777618e-02
2.428462915122509003e-02
2.428460493683815002e-02
2.428456954658031464e-02
2.428454905748367310e-02
2.428451552987098694e-02
2.428448572754859924e-02
2.428445965051651001e-02
2.428442426025867462e-02
2.428440004587173462e-02
2.428436838090419769e-02
2.428434044122695923e-02
2.428431436419487000e-02
2.428427711129188538e-02
2.428425662219524384e-02
2.428422309458255768e-02
2.428419142961502075e-02
2.428416535258293152e-02
2.428413555026054382e-02
2.428410947322845459e-02
2.428407594561576843e-02
2.428405359387397766e-02
2.428402006626129150e-02
2.428398467600345612e-02
2.428396232426166534e-02
2.428392879664897919e-02
2.428389899432659149e-02
2.428387105464935303e-02
2.428384125232696533e-02
2.428381331264972687e-02
2.428378351032733917e-02
2.428375370800495148e-02
2.428372576832771301e-02
2.428369596600532532e-02
2.428366616368293762e-02
2.428363263607025146e-02
2.428361028432846069e-02
2.428358048200607300e-02
2.428354695439338684e-02
2.428352274000644684e-02
2.428348921239376068e-02
2.428346127271652222e-02
2.428343333303928375e-02
2.428340166807174683e-02
2.428337186574935913e-02
2.428334578871726990e-02
2.428331598639488220e-02
2.428328618407249451e-02
2.428325824439525604e-02
2.428322657942771912e-02
2.428320236504077911e-02
2.428316883742809296e-02
2.428314089775085449e-02
2.428311295807361603e-02
2.428307943046092987e-02
2.428305521607398987e-02
2.428302168846130371e-02
2.428299002349376678e-02
2.428296580910682678e-02
2.428293228149414062e-02
2.428290806710720062e-02
2.428287453949451447e-02
2.428284846246242523e-02
2.428281493484973907e-02
2.428278885781764984e-02
2.428275905549526215e-02
2.428272925317287445e-02
2.428270131349563599e-02
2.428267151117324829e-02
2.428264170885086060e-02
2.428261190652847290e-02
2.428258210420608521e-02
2.428255416452884674e-02
2.428252436220645905e-02
2.428249269723892212e-02
2.428246103227138519e-02
2.428243495523929596e-02
2.428240701556205750e-02
2.428237535059452057e-02
2.428234927356243134e-02
2.428231947124004364e-02
2.428228966891765594e-02
2.428226359188556671e-02
2.428223192691802979e-02
2.428219839930534363e-02
2.428217232227325439e-02
2.428214065730571747e-02
2.428211085498332977e-02
2.428208477795124054e-02
2.428205497562885284e-02
2.428202703595161438e-02
2.428199537098407745e-02
2.428196929395198822e-02
2.428193762898445129e-02
2.428190968930721283e-02
2.428187802433967590e-02
2.428185194730758667e-02
2.428182587027549744e-02
2.428179048001766205e-02
2.428175881505012512e-02
2.428173273801803589e-02
2.428170293569564819e-02
2.428167499601840973e-02
2.428164519369602203e-02
2.428161725401878357e-02
2.428158372640609741e-02
2.428155578672885895e-02
2.428152970969676971e-02
2.428149804472923279e-02
2.428147196769714355e-02
2.428143657743930817e-02
2.428141236305236816e-02
2.428138069808483124e-02
2.428135089576244354e-02
2.428132295608520508e-02
2.428129501640796661e-02
2.428126707673072815e-02
2.428123541176319122e-02
2.428120933473110199e-02
2.428117766976356506e-02
2.428114973008632660e-02
2.428112179040908813e-02
2.428109012544155121e-02
2.428105846047401428e-02
2.428103424608707428e-02
2.428100071847438812e-02
2.428096905350685120e-02
2.428094670176506042e-02
2.428091131150722504e-02
2.428088523447513580e-02
2.428085170686244965e-02
2.428082562983036041e-02
2.428079582750797272e-02
2.428076602518558502e-02
2.428073808550834656e-02
2.428070642054080963e-02
2.428067848086357117e-02
2.428065426647663116e-02
2.428061701357364655e-02
2.428059466183185577e-02
2.428056113421916962e-02
2.428053505718708038e-02
2.428050152957439423e-02
2.428046800196170807e-02
2.428044937551021576e-02
2.428041771054267883e-02
2.428039163351058960e-02
2.428035810589790344e-02
2.428033202886581421e-02
2.428029850125312805e-02
2.428027056157588959e-02
2.428024075925350189e-02
2.428021281957626343e-02
2.428018301725387573e-02
2.428015507757663727e-02
2.428012527525424957e-02
2.428009547293186188e-02
2.428006567060947418e-02
2.428003586828708649e-02
2.428000606596469879e-02
2.427997253835201263e-02
2.427995204925537109e-02
2.427991665899753571e-02
2.427989058196544647e-02
2.427986264228820801e-02
2.427982911467552185e-02
2.427980117499828339e-02
2.427976764738559723e-02
2.427974157035350800e-02
2.427971363067626953e-02
2.427968196570873260e-02
2.427965775132179260e-02
2.427962608635425568e-02
2.427959628403186798e-02
2.427956648170948029e-02
2.427953667938709259e-02
2.427950873970985413e-02
2.427947521209716797e-02
2.427945099771022797e-02
2.427942305803298950e-02
2.427939139306545258e-02
2.427936159074306488e-02
2.427933551371097565e-02
2.427930384874343872e-02
2.427927032113075256e-02
2.427924796938896179e-02
2.427921444177627563e-02
2.427918650209903717e-02
2.427915856242179871e-02
2.427912689745426178e-02
2.427909709513187408e-02
2.427906729280948639e-02
2.427904307842254639e-02
2.427901141345500946e-02
2.427898347377777100e-02
2.427895553410053253e-02
2.427892386913299561e-02
2.427889592945575714e-02
2.427886426448822021e-02
2.427883818745613098e-02
2.427880465984344482e-02
2.427877485752105713e-02
