2.178855985403060913e-01
2.178855687379837036e-01
2.178855687379837036e-01
2.178855687379837036e-01
2.178855240345001221e-01
2.178854942321777344e-01
2.178854793310165405e-01
2.178854942321777344e-01
2.178854942321777344e-01
2.178854793310165405e-01
2.178854495286941528e-01
2.178854197263717651e-01
2.178854048252105713e-01
2.178854197263717651e-01
2.178854048252105713e-01
2.178854048252105713e-01
2.178853750228881836e-01
2.178853750228881836e-01
2.178853750228881836e-01
2.178853303194046021e-01
2.178853303194046021e-01
2.178853005170822144e-01
2.178852856159210205e-01
2.178852558135986328e-01
2.178852260112762451e-01
2.178852260112762451e-01
2.178852260112762451e-01
2.178852260112762451e-01
2.178851813077926636e-01
2.178851515054702759e-01
2.178851068019866943e-01
2.178851068019866943e-01
2.178851068019866943e-01
2.178850769996643066e-01
2.178851068019866943e-01
2.178850620985031128e-01
2.178850322961807251e-01
2.178850620985031128e-01
2.178850620985031128e-01
2.178850322961807251e-01
2.178850024938583374e-01
2.178849577903747559e-01
2.178850024938583374e-01
2.178849875926971436e-01
2.178849577903747559e-01
2.178849577903747559e-01
2.178849577903747559e-01
2.178849428892135620e-01
2.178849130868911743e-01
2.178848683834075928e-01
2.178848683834075928e-01
2.178848385810852051e-01
2.178848385810852051e-01
2.178848385810852051e-01
2.178847938776016235e-01
2.178847938776016235e-01
2.178847938776016235e-01
2.178847640752792358e-01
2.178847342729568481e-01
2.178847342729568481e-01
2.178847342729568481e-01
2.178847193717956543e-01
2.178846895694732666e-01
2.178846746683120728e-01
2.178846746683120728e-01
2.178846448659896851e-01
2.178846001625061035e-01
2.178846001625061035e-01
2.178846001625061035e-01
2.178846150636672974e-01
2.178846001625061035e-01
2.178845703601837158e-01
2.178845703601837158e-01
2.178845405578613281e-01
2.178845256567001343e-01
2.178845256567001343e-01
2.178845256567001343e-01
2.178844958543777466e-01
2.178845256567001343e-01
2.178844958543777466e-01
2.178844958543777466e-01
2.178844511508941650e-01
2.178844511508941650e-01
2.178844213485717773e-01
2.178844213485717773e-01
2.178844213485717773e-01
2.178844213485717773e-01
2.178843766450881958e-01
2.178843468427658081e-01
2.178843468427658081e-01
2.178843319416046143e-01
2.178843319416046143e-01
2.178843021392822266e-01
2.178843319416046143e-01
2.178842723369598389e-01
2.178842574357986450e-01
2.178842574357986450e-01
2.178842723369598389e-01
2.178842276334762573e-01
2.178842276334762573e-01
2.178842276334762573e-01
2.178841978311538696e-01
2.178841829299926758e-01
2.178841531276702881e-01
2.178841531276702881e-01
2.178841382265090942e-01
2.178841084241867065e-01
2.178841382265090942e-01
2.178841084241867065e-01
2.178840786218643188e-01
2.178840637207031250e-01
2.178840339183807373e-01
2.178840339183807373e-01
2.178840339183807373e-01
2.178840041160583496e-01
2.178840041160583496e-01
2.178839594125747681e-01
2.178839594125747681e-01
2.178839296102523804e-01
2.178839594125747681e-01
2.178839594125747681e-01
2.178838849067687988e-01
2.178838849067687988e-01
2.178838551044464111e-01
2.178838402032852173e-01
2.178838551044464111e-01
2.178838849067687988e-01
2.178838551044464111e-01
2.178838551044464111e-01
2.178838551044464111e-01
2.178837954998016357e-01
2.178837954998016357e-01
2.178837954998016357e-01
2.178837656974792480e-01
2.178837358951568604e-01
2.178837358951568604e-01
2.178837209939956665e-01
2.178837358951568604e-01
2.178836911916732788e-01
2.178836613893508911e-01
2.178836464881896973e-01
2.178836166858673096e-01
2.178836166858673096e-01
2.178836166858673096e-01
2.178836464881896973e-01
2.178836166858673096e-01
2.178835719823837280e-01
2.178835719823837280e-01
2.178835719823837280e-01
2.178835421800613403e-01
2.178835272789001465e-01
2.178834974765777588e-01
2.178834676742553711e-01
2.178834974765777588e-01
2.178834676742553711e-01
2.178834974765777588e-01
2.178834527730941772e-01
2.178834229707717896e-01
2.178834229707717896e-01
2.178833931684494019e-01
2.178833931684494019e-01
2.178833484649658203e-01
2.178833782672882080e-01
2.178833484649658203e-01
2.178833186626434326e-01
2.178833037614822388e-01
2.178833186626434326e-01
2.178833037614822388e-01
2.178832292556762695e-01
2.178832590579986572e-01
2.178832590579986572e-01
2.178832590579986572e-01
2.178832292556762695e-01
2.178831994533538818e-01
2.178831845521926880e-01
2.178831994533538818e-01
2.178831845521926880e-01
2.178831547498703003e-01
2.178830802440643311e-01
2.178831249475479126e-01
2.178831100463867188e-01
2.178831100463867188e-01
2.178830504417419434e-01
2.178830504417419434e-01
2.178830057382583618e-01
2.178830057382583618e-01
2.178830057382583618e-01
2.178829908370971680e-01
2.178829908370971680e-01
2.178829610347747803e-01
2.178829610347747803e-01
2.178829312324523926e-01
2.178829163312911987e-01
2.178828865289688110e-01
2.178829163312911987e-01
2.178828865289688110e-01
2.178829163312911987e-01
2.178828567266464233e-01
2.178828418254852295e-01
2.178828120231628418e-01
2.178827822208404541e-01
2.178828120231628418e-01
2.178827822208404541e-01
2.178827822208404541e-01
2.178827673196792603e-01
2.178827375173568726e-01
2.178827077150344849e-01
2.178826928138732910e-01
2.178826928138732910e-01
2.178826481103897095e-01
2.178826630115509033e-01
2.178826481103897095e-01
2.178826183080673218e-01
2.178826183080673218e-01
2.178826183080673218e-01
2.178825736045837402e-01
2.178825438022613525e-01
2.178825139999389648e-01
2.178825438022613525e-01
2.178824990987777710e-01
2.178824990987777710e-01
2.178824692964553833e-01
2.178824692964553833e-01
2.178824394941329956e-01
2.178824245929718018e-01
2.178824245929718018e-01
2.178824245929718018e-01
2.178824394941329956e-01
2.178823947906494141e-01
2.178823947906494141e-01
2.178823798894882202e-01
2.178823500871658325e-01
2.178823202848434448e-01
2.178823202848434448e-01
2.178823202848434448e-01
2.178822755813598633e-01
2.178823053836822510e-01
2.178822755813598633e-01
2.178822457790374756e-01
2.178822457790374756e-01
2.178822457790374756e-01
2.178822308778762817e-01
2.178821563720703125e-01
2.178821563720703125e-01
2.178821712732315063e-01
2.178821563720703125e-01
2.178821563720703125e-01
2.178821116685867310e-01
2.178821116685867310e-01
2.178821116685867310e-01
2.178820818662643433e-01
2.178820818662643433e-01
2.178820520639419556e-01
2.178820073604583740e-01
2.178820371627807617e-01
2.178820073604583740e-01
2.178820371627807617e-01
2.178819775581359863e-01
2.178819626569747925e-01
2.178819328546524048e-01
2.178819328546524048e-01
2.178819030523300171e-01
2.178818881511688232e-01
2.178819030523300171e-01
2.178818881511688232e-01
2.178818583488464355e-01
2.178818285465240479e-01
2.178818583488464355e-01
2.178818583488464355e-01
2.178818285465240479e-01
2.178818136453628540e-01
2.178817838430404663e-01
2.178818136453628540e-01
2.178817689418792725e-01
2.178817689418792725e-01
2.178817093372344971e-01
2.178817093372344971e-01
2.178817391395568848e-01
2.178817391395568848e-01
2.178817391395568848e-01
2.178817093372344971e-01
2.178816944360733032e-01
2.178816199302673340e-01
2.178816348314285278e-01
2.178816199302673340e-01
2.178816199302673340e-01
2.178815901279449463e-01
2.178815454244613647e-01
2.178815603256225586e-01
2.178815603256225586e-01
2.178815454244613647e-01
2.178815007209777832e-01
2.178815156221389771e-01
2.178815007209777832e-01
2.178814709186553955e-01
2.178814411163330078e-01
2.178814411163330078e-01
2.178814262151718140e-01
2.178814262151718140e-01
2.178814262151718140e-01
2.178813666105270386e-01
2.178813964128494263e-01
2.178813666105270386e-01
2.178813517093658447e-01
2.178813517093658447e-01
2.178813219070434570e-01
2.178813219070434570e-01
2.178812772035598755e-01
2.178812772035598755e-01
2.178812325000762939e-01
2.178812325000762939e-01
2.178811728954315186e-01
2.178812026977539062e-01
2.178811728954315186e-01
2.178811728954315186e-01
2.178811281919479370e-01
2.178811579942703247e-01
2.178810983896255493e-01
2.178810834884643555e-01
2.178810983896255493e-01
2.178810983896255493e-01
2.178810983896255493e-01
2.178810983896255493e-01
2.178810536861419678e-01
2.178810238838195801e-01
2.178810238838195801e-01
2.178810238838195801e-01
2.178809791803359985e-01
2.178809642791748047e-01
2.178809791803359985e-01
2.178809642791748047e-01
2.178809642791748047e-01
2.178809344768524170e-01
2.178809046745300293e-01
2.178809046745300293e-01
2.178808599710464478e-01
2.178808599710464478e-01
2.178808301687240601e-01
2.178808301687240601e-01
2.178808152675628662e-01
2.178807556629180908e-01
2.178807854652404785e-01
2.178807556629180908e-01
2.178807556629180908e-01
2.178807109594345093e-01
2.178807109594345093e-01
2.178806811571121216e-01
2.178807109594345093e-01
2.178807109594345093e-01
2.178806662559509277e-01
2.178806364536285400e-01
2.178806364536285400e-01
2.178806215524673462e-01
2.178806364536285400e-01
2.178805917501449585e-01
2.178805917501449585e-01
2.178805619478225708e-01
2.178805619478225708e-01
2.178805172443389893e-01
2.178805172443389893e-01
2.178805470466613770e-01
2.178805172443389893e-01
2.178804874420166016e-01
2.178804427385330200e-01
2.178804427385330200e-01
2.178804129362106323e-01
2.178804427385330200e-01
2.178804129362106323e-01
2.178803980350494385e-01
2.178803682327270508e-01
2.178803682327270508e-01
2.178803682327270508e-01
2.178803682327270508e-01
2.178803235292434692e-01
2.178803235292434692e-01
2.178802937269210815e-01
2.178802937269210815e-01
2.178802490234375000e-01
2.178802788257598877e-01
2.178802043199539185e-01
2.178802192211151123e-01
2.178802043199539185e-01
2.178801745176315308e-01
2.178801745176315308e-01
2.178801745176315308e-01
2.178801447153091431e-01
2.178801298141479492e-01
2.178801298141479492e-01
2.178800851106643677e-01
2.178800553083419800e-01
2.178800851106643677e-01
2.178800553083419800e-01
2.178800553083419800e-01
2.178800553083419800e-01
2.178800553083419800e-01
2.178800106048583984e-01
2.178800106048583984e-01
2.178800255060195923e-01
2.178799808025360107e-01
2.178799510002136230e-01
2.178799510002136230e-01
2.178799360990524292e-01
2.178798764944076538e-01
2.178798615932464600e-01
2.178798317909240723e-01
2.178798317909240723e-01
2.178798317909240723e-01
2.178798168897628784e-01
2.178798168897628784e-01
2.178797870874404907e-01
2.178797870874404907e-01
2.178797870874404907e-01
2.178797870874404907e-01
2.178797423839569092e-01
2.178797125816345215e-01
2.178796827793121338e-01
2.178796678781509399e-01
2.178796380758285522e-01
2.178796678781509399e-01
2.178796678781509399e-01
2.178796380758285522e-01
2.178796380758285522e-01
2.178796082735061646e-01
2.178795933723449707e-01
2.178795933723449707e-01
2.178795635700225830e-01
2.178795635700225830e-01
2.178795337677001953e-01
2.178794890642166138e-01
2.178794890642166138e-01
2.178795188665390015e-01
2.178794890642166138e-01
2.178794741630554199e-01
2.178794741630554199e-01
2.178794443607330322e-01
2.178794443607330322e-01
2.178794443607330322e-01
2.178794145584106445e-01
2.178794145584106445e-01
2.178794145584106445e-01
2.178793996572494507e-01
2.178793996572494507e-01
2.178793400526046753e-01
2.178793251514434814e-01
2.178793400526046753e-01
2.178793251514434814e-01
2.178793251514434814e-01
2.178792655467987061e-01
2.178792655467987061e-01
2.178792953491210938e-01
2.178792655467987061e-01
2.178792208433151245e-01
2.178792208433151245e-01
2.178792059421539307e-01
2.178792059421539307e-01
2.178791761398315430e-01
2.178791761398315430e-01
2.178791761398315430e-01
2.178791463375091553e-01
2.178791463375091553e-01
2.178791314363479614e-01
2.178791314363479614e-01
2.178790718317031860e-01
2.178790271282196045e-01
2.178790271282196045e-01
2.178790569305419922e-01
2.178790569305419922e-01
2.178790718317031860e-01
2.178790271282196045e-01
2.178790271282196045e-01
2.178789973258972168e-01
2.178789824247360229e-01
2.178789526224136353e-01
2.178789377212524414e-01
2.178789377212524414e-01
2.178789377212524414e-01
2.178789079189300537e-01
2.178788632154464722e-01
2.178788632154464722e-01
2.178788334131240845e-01
2.178788334131240845e-01
2.178787887096405029e-01
2.178787887096405029e-01
2.178787887096405029e-01
2.178787589073181152e-01
2.178787291049957275e-01
2.178787291049957275e-01
2.178787589073181152e-01
2.178787291049957275e-01
2.178786844015121460e-01
2.178786695003509521e-01
2.178786396980285645e-01
2.178786396980285645e-01
2.178786098957061768e-01
2.178786098957061768e-01
2.178785949945449829e-01
2.178785949945449829e-01
2.178785651922225952e-01
2.178785353899002075e-01
2.178785353899002075e-01
