2.256333976984024048e-01
2.256345003843307495e-01
2.256333976984024048e-01
2.256345152854919434e-01
2.256333976984024048e-01
2.256345003843307495e-01
2.256334275007247925e-01
2.256345152854919434e-01
2.256333976984024048e-01
2.256345450878143311e-01
2.256333976984024048e-01
2.256345003843307495e-01
2.256333976984024048e-01
2.256345003843307495e-01
2.256333678960800171e-01
2.256345152854919434e-01
2.256333976984024048e-01
2.256345003843307495e-01
2.256333976984024048e-01
2.256345152854919434e-01
2.256334275007247925e-01
2.256345003843307495e-01
2.256333678960800171e-01
2.256345003843307495e-01
2.256333678960800171e-01
2.256345003843307495e-01
2.256333678960800171e-01
2.256344705820083618e-01
2.256333678960800171e-01
2.256344556808471680e-01
2.256333678960800171e-01
2.256344556808471680e-01
2.256333678960800171e-01
2.256344556808471680e-01
2.256333529949188232e-01
2.256344705820083618e-01
2.256333976984024048e-01
2.256344258785247803e-01
2.256333678960800171e-01
2.256344258785247803e-01
2.256333529949188232e-01
2.256344258785247803e-01
2.256333529949188232e-01
2.256344258785247803e-01
2.256333529949188232e-01
2.256344258785247803e-01
2.256333529949188232e-01
2.256344556808471680e-01
2.256333529949188232e-01
2.256344556808471680e-01
2.256333231925964355e-01
2.256344705820083618e-01
2.256333231925964355e-01
2.256344705820083618e-01
2.256333231925964355e-01
2.256344556808471680e-01
2.256333231925964355e-01
2.256344258785247803e-01
2.256333231925964355e-01
2.256344258785247803e-01
2.256333231925964355e-01
2.256343960762023926e-01
2.256333231925964355e-01
2.256344258785247803e-01
2.256332784891128540e-01
2.256343960762023926e-01
2.256332933902740479e-01
2.256344258785247803e-01
2.256332933902740479e-01
2.256344258785247803e-01
2.256332933902740479e-01
2.256343811750411987e-01
2.256332784891128540e-01
2.256343811750411987e-01
2.256333231925964355e-01
2.256343811750411987e-01
2.256333231925964355e-01
2.256343960762023926e-01
2.256332933902740479e-01
2.256343960762023926e-01
2.256332933902740479e-01
2.256344258785247803e-01
2.256332933902740479e-01
2.256343960762023926e-01
2.256332933902740479e-01
2.256343960762023926e-01
2.256332933902740479e-01
2.256343811750411987e-01
2.256332933902740479e-01
2.256343513727188110e-01
2.256332933902740479e-01
2.256343811750411987e-01
2.256332486867904663e-01
2.256343811750411987e-01
2.256332784891128540e-01
2.256344258785247803e-01
2.256332784891128540e-01
2.256343811750411987e-01
2.256332486867904663e-01
2.256343811750411987e-01
2.256332486867904663e-01
2.256343811750411987e-01
2.256332486867904663e-01
2.256343513727188110e-01
2.256332486867904663e-01
2.256343513727188110e-01
2.256332337856292725e-01
2.256343811750411987e-01
2.256332337856292725e-01
2.256343513727188110e-01
2.256332337856292725e-01
2.256343513727188110e-01
2.256332039833068848e-01
2.256343513727188110e-01
2.256332337856292725e-01
2.256343513727188110e-01
2.256332337856292725e-01
2.256342768669128418e-01
2.256332039833068848e-01
2.256342768669128418e-01
2.256332039833068848e-01
2.256342768669128418e-01
2.256332039833068848e-01
2.256343066692352295e-01
2.256332337856292725e-01
2.256342768669128418e-01
2.256332039833068848e-01
2.256342768669128418e-01
2.256331741809844971e-01
2.256342768669128418e-01
2.256331741809844971e-01
2.256342470645904541e-01
2.256332039833068848e-01
2.256342470645904541e-01
2.256331741809844971e-01
2.256342768669128418e-01
2.256332337856292725e-01
2.256342768669128418e-01
2.256332337856292725e-01
2.256342470645904541e-01
2.256332337856292725e-01
2.256342768669128418e-01
2.256332337856292725e-01
2.256342470645904541e-01
2.256332337856292725e-01
2.256342470645904541e-01
2.256332337856292725e-01
2.256342768669128418e-01
2.256332337856292725e-01
2.256342768669128418e-01
2.256332337856292725e-01
2.256342768669128418e-01
2.256332039833068848e-01
2.256342768669128418e-01
2.256332039833068848e-01
2.256342768669128418e-01
2.256331592798233032e-01
2.256342768669128418e-01
2.256331592798233032e-01
2.256342768669128418e-01
2.256331741809844971e-01
2.256342470645904541e-01
2.256331592798233032e-01
2.256342321634292603e-01
2.256331592798233032e-01
2.256342321634292603e-01
2.256331294775009155e-01
2.256342470645904541e-01
2.256331592798233032e-01
2.256342470645904541e-01
2.256331592798233032e-01
2.256342321634292603e-01
2.256331294775009155e-01
2.256342321634292603e-01
2.256330996751785278e-01
2.256342023611068726e-01
2.256331294775009155e-01
2.256342321634292603e-01
2.256330996751785278e-01
2.256342023611068726e-01
2.256331592798233032e-01
2.256342023611068726e-01
2.256331294775009155e-01
2.256342321634292603e-01
2.256331592798233032e-01
2.256342470645904541e-01
2.256331741809844971e-01
2.256342321634292603e-01
2.256331592798233032e-01
2.256342023611068726e-01
2.256331294775009155e-01
2.256342321634292603e-01
2.256331592798233032e-01
2.256342321634292603e-01
2.256331592798233032e-01
2.256342023611068726e-01
2.256330996751785278e-01
2.256341725587844849e-01
2.256330847740173340e-01
2.256341576576232910e-01
2.256330996751785278e-01
2.256341725587844849e-01
2.256330996751785278e-01
2.256341576576232910e-01
2.256330996751785278e-01
2.256341278553009033e-01
2.256330996751785278e-01
2.256341576576232910e-01
2.256330847740173340e-01
2.256341576576232910e-01
2.256330847740173340e-01
2.256341576576232910e-01
2.256330549716949463e-01
2.256341576576232910e-01
2.256330847740173340e-01
2.256341576576232910e-01
2.256330847740173340e-01
2.256341576576232910e-01
2.256330847740173340e-01
2.256341576576232910e-01
2.256330847740173340e-01
2.256341576576232910e-01
2.256330549716949463e-01
2.256341576576232910e-01
2.256330549716949463e-01
2.256341576576232910e-01
2.256330549716949463e-01
2.256341725587844849e-01
2.256330251693725586e-01
2.256341576576232910e-01
2.256330251693725586e-01
2.256341576576232910e-01
2.256330251693725586e-01
2.256341576576232910e-01
2.256330251693725586e-01
2.256341278553009033e-01
2.256330549716949463e-01
2.256341278553009033e-01
2.256330251693725586e-01
2.256341576576232910e-01
2.256330102682113647e-01
2.256341278553009033e-01
2.256330251693725586e-01
2.256341278553009033e-01
2.256330251693725586e-01
2.256341278553009033e-01
2.256330251693725586e-01
2.256341278553009033e-01
2.256330102682113647e-01
2.256341129541397095e-01
2.256330102682113647e-01
2.256341129541397095e-01
2.256329655647277832e-01
2.256341129541397095e-01
2.256329804658889771e-01
2.256341278553009033e-01
2.256329655647277832e-01
2.256341129541397095e-01
2.256329655647277832e-01
2.256340831518173218e-01
2.256329655647277832e-01
2.256340831518173218e-01
2.256329804658889771e-01
2.256341129541397095e-01
2.256329655647277832e-01
2.256340831518173218e-01
2.256329357624053955e-01
2.256340533494949341e-01
2.256329357624053955e-01
2.256340831518173218e-01
2.256329655647277832e-01
2.256340831518173218e-01
2.256329357624053955e-01
2.256340831518173218e-01
2.256329655647277832e-01
2.256340831518173218e-01
2.256329655647277832e-01
2.256341129541397095e-01
2.256329655647277832e-01
2.256340831518173218e-01
2.256329655647277832e-01
2.256340533494949341e-01
2.256329655647277832e-01
2.256340533494949341e-01
2.256329357624053955e-01
2.256340831518173218e-01
2.256329655647277832e-01
2.256340533494949341e-01
2.256329655647277832e-01
2.256340533494949341e-01
2.256329655647277832e-01
2.256340384483337402e-01
2.256329357624053955e-01
2.256340533494949341e-01
2.256329357624053955e-01
2.256340533494949341e-01
2.256328910589218140e-01
2.256340384483337402e-01
2.256329059600830078e-01
2.256340384483337402e-01
2.256329059600830078e-01
2.256340533494949341e-01
2.256329059600830078e-01
2.256340384483337402e-01
2.256329059600830078e-01
2.256340384483337402e-01
2.256329059600830078e-01
2.256340086460113525e-01
2.256329059600830078e-01
2.256340086460113525e-01
2.256328910589218140e-01
2.256340086460113525e-01
2.256328612565994263e-01
2.256340086460113525e-01
2.256328612565994263e-01
2.256340086460113525e-01
2.256328910589218140e-01
2.256340086460113525e-01
2.256328612565994263e-01
2.256340384483337402e-01
2.256328612565994263e-01
2.256340086460113525e-01
2.256328612565994263e-01
2.256340086460113525e-01
2.256328612565994263e-01
2.256340086460113525e-01
2.256328910589218140e-01
2.256339788436889648e-01
2.256328910589218140e-01
2.256339788436889648e-01
2.256328910589218140e-01
2.256339788436889648e-01
2.256328910589218140e-01
2.256339788436889648e-01
2.256328612565994263e-01
2.256339639425277710e-01
2.256328910589218140e-01
2.256339639425277710e-01
2.256328612565994263e-01
2.256340086460113525e-01
2.256328612565994263e-01
2.256339639425277710e-01
2.256328612565994263e-01
2.256339639425277710e-01
2.256328612565994263e-01
2.256339788436889648e-01
2.256328612565994263e-01
2.256340086460113525e-01
2.256328612565994263e-01
2.256339788436889648e-01
2.256328314542770386e-01
2.256339341402053833e-01
2.256328314542770386e-01
2.256339341402053833e-01
2.256328314542770386e-01
2.256339639425277710e-01
2.256328314542770386e-01
2.256339043378829956e-01
2.256328165531158447e-01
2.256339341402053833e-01
2.256328314542770386e-01
2.256339341402053833e-01
2.256327867507934570e-01
2.256339043378829956e-01
2.256327867507934570e-01
2.256338894367218018e-01
2.256327867507934570e-01
2.256339043378829956e-01
2.256327867507934570e-01
2.256339341402053833e-01
2.256327867507934570e-01
2.256339341402053833e-01
2.256328165531158447e-01
2.256339341402053833e-01
2.256328165531158447e-01
2.256339043378829956e-01
2.256327867507934570e-01
2.256339043378829956e-01
2.256327569484710693e-01
2.256338894367218018e-01
2.256327867507934570e-01
2.256338894367218018e-01
2.256327867507934570e-01
2.256338894367218018e-01
2.256327569484710693e-01
2.256338894367218018e-01
2.256327867507934570e-01
2.256338894367218018e-01
2.256328165531158447e-01
2.256338894367218018e-01
2.256327867507934570e-01
2.256338894367218018e-01
2.256327569484710693e-01
2.256338596343994141e-01
2.256327569484710693e-01
2.256338447332382202e-01
2.256327867507934570e-01
2.256338596343994141e-01
2.256327867507934570e-01
2.256338596343994141e-01
2.256327569484710693e-01
2.256338596343994141e-01
2.256327569484710693e-01
2.256338596343994141e-01
2.256327569484710693e-01
2.256338596343994141e-01
2.256327569484710693e-01
2.256338447332382202e-01
2.256327420473098755e-01
2.256338596343994141e-01
2.256327569484710693e-01
2.256338596343994141e-01
2.256327569484710693e-01
2.256338596343994141e-01
2.256327569484710693e-01
2.256338596343994141e-01
2.256327420473098755e-01
2.256338447332382202e-01
2.256326973438262939e-01
2.256338447332382202e-01
2.256326973438262939e-01
2.256338447332382202e-01
2.256327122449874878e-01
2.256338447332382202e-01
2.256327420473098755e-01
2.256338447332382202e-01
2.256327420473098755e-01
2.256338447332382202e-01
2.256327420473098755e-01
2.256338447332382202e-01
2.256327122449874878e-01
2.256338447332382202e-01
2.256326973438262939e-01
2.256338447332382202e-01
2.256326973438262939e-01
2.256338149309158325e-01
2.256326973438262939e-01
2.256337851285934448e-01
2.256326973438262939e-01
2.256338149309158325e-01
2.256326973438262939e-01
2.256337851285934448e-01
2.256326973438262939e-01
2.256337702274322510e-01
2.256326377391815186e-01
2.256337851285934448e-01
2.256326377391815186e-01
2.256337702274322510e-01
2.256326377391815186e-01
2.256337404251098633e-01
2.256326377391815186e-01
2.256337404251098633e-01
2.256326675415039062e-01
2.256337702274322510e-01
2.256326675415039062e-01
2.256337404251098633e-01
2.256326675415039062e-01
2.256337404251098633e-01
2.256326675415039062e-01
2.256337404251098633e-01
2.256326377391815186e-01
2.256337106227874756e-01
2.256326675415039062e-01
2.256337106227874756e-01
2.256326228380203247e-01
2.256337106227874756e-01
2.256326228380203247e-01
2.256337106227874756e-01
2.256326228380203247e-01
2.256337106227874756e-01
2.256325930356979370e-01
2.256337106227874756e-01
2.256325632333755493e-01
2.256337404251098633e-01
2.256325930356979370e-01
2.256337106227874756e-01
2.256326377391815186e-01
2.256336957216262817e-01
2.256326228380203247e-01
2.256336957216262817e-01
2.256326228380203247e-01
2.256336957216262817e-01
2.256326228380203247e-01
2.256336957216262817e-01
2.256326228380203247e-01
2.256337106227874756e-01
2.256326377391815186e-01
2.256336957216262817e-01
2.256326228380203247e-01
2.256337106227874756e-01
2.256325930356979370e-01
2.256337106227874756e-01
2.256325930356979370e-01
2.256337106227874756e-01
2.256325930356979370e-01
2.256336957216262817e-01
2.256325930356979370e-01
2.256336659193038940e-01
2.256325632333755493e-01
2.256336957216262817e-01
