1.182315424084663391e-01
1.182313486933708191e-01
1.182311549782752991e-01
1.182309538125991821e-01
1.182307749986648560e-01
1.182305663824081421e-01
1.182303503155708313e-01
1.182301491498947144e-01
1.182299777865409851e-01
1.182297766208648682e-01
1.182295680046081543e-01
1.182293817400932312e-01
1.182291656732559204e-01
1.182289794087409973e-01
1.182287856936454773e-01
1.182285919785499573e-01
1.182283908128738403e-01
1.182281970977783203e-01
1.182280033826828003e-01
1.182278096675872803e-01
1.182276159524917603e-01
1.182274147868156433e-01
1.182271987199783325e-01
1.182270050048828125e-01
1.182268336415290833e-01
1.182266324758529663e-01
1.182264164090156555e-01
1.182262226939201355e-01
1.182260513305664062e-01
1.182258576154708862e-01
1.182256340980529785e-01
1.182254403829574585e-01
1.182252541184425354e-01
1.182250455021858215e-01
1.182248517870903015e-01
1.182246580719947815e-01
1.182244643568992615e-01
1.182242780923843384e-01
1.182240694761276245e-01
1.182238906621932983e-01
1.182236820459365845e-01
1.182234734296798706e-01
1.182232648134231567e-01
1.182230859994888306e-01
1.182228848338127136e-01
1.182226911187171936e-01
1.182225123047828674e-01
1.182223111391067505e-01
1.182221099734306335e-01
1.182219237089157104e-01
1.182217076420783997e-01
1.182215213775634766e-01
1.182213127613067627e-01
1.182211041450500488e-01
1.182209104299545288e-01
1.182207167148590088e-01
1.182205304503440857e-01
1.182203143835067749e-01
1.182201281189918518e-01
1.182199344038963318e-01
1.182197406888008118e-01
1.182195544242858887e-01
1.182193607091903687e-01
1.182191669940948486e-01
1.182189583778381348e-01
1.182187646627426147e-01
1.182185932993888855e-01
1.182183623313903809e-01
1.182181611657142639e-01
1.182179674506187439e-01
1.182177737355232239e-01
1.182175800204277039e-01
1.182174086570739746e-01
1.182171851396560669e-01
1.182170063257217407e-01
1.182168126106262207e-01
1.182165890932083130e-01
1.182164177298545837e-01
1.182161867618560791e-01
1.182160153985023499e-01
1.182158067822456360e-01
1.182156279683113098e-01
1.182154268026351929e-01
1.182152330875396729e-01
1.182150393724441528e-01
1.182148307561874390e-01
1.182146221399307251e-01
1.182144507765769958e-01
1.182142347097396851e-01
1.182140484452247620e-01
1.182138547301292419e-01
1.182136610150337219e-01
1.182134672999382019e-01
1.182132586836814880e-01
1.182130724191665649e-01
1.182128787040710449e-01
1.182126700878143311e-01
1.182124763727188110e-01
1.182122826576232910e-01
1.182120814919471741e-01
1.182118803262710571e-01
1.182117089629173279e-01
1.182114854454994202e-01
1.182113140821456909e-01
1.182110980153083801e-01
1.182109043002128601e-01
1.182107403874397278e-01
1.182105317711830139e-01
1.182103380560874939e-01
1.182101443409919739e-01
1.182099357247352600e-01
1.182097420096397400e-01
1.182095482945442200e-01
1.182093471288681030e-01
1.182091683149337769e-01
1.182089745998382568e-01
1.182087659835815430e-01
1.182085722684860229e-01
1.182083711028099060e-01
1.182081699371337891e-01
1.182079687714576721e-01
1.182077750563621521e-01
1.182075813412666321e-01
1.182073876261711121e-01
1.182072013616561890e-01
1.182069927453994751e-01
1.182067990303039551e-01
1.182066053152084351e-01
1.182063966989517212e-01
1.182062253355979919e-01
1.182060092687606812e-01
1.182058006525039673e-01
1.182056143879890442e-01
1.182054355740547180e-01
1.182052344083786011e-01
1.182050406932830811e-01
1.182048469781875610e-01
1.182046532630920410e-01
1.182044446468353271e-01
1.182042509317398071e-01
1.182040423154830933e-01
1.182038486003875732e-01
1.182036623358726501e-01
1.182034760713577271e-01
1.182032749056816101e-01
1.182030662894248962e-01
1.182028651237487793e-01
1.182026714086532593e-01
1.182024776935577393e-01
1.182022690773010254e-01
1.182020902633666992e-01
1.182018816471099854e-01
1.182017102837562561e-01
1.182015016674995422e-01
1.182013154029846191e-01
1.182011142373085022e-01
1.182009056210517883e-01
1.182007044553756714e-01
1.182005256414413452e-01
1.182003170251846313e-01
1.182001307606697083e-01
1.181999295949935913e-01
1.181997284293174744e-01
1.181995272636413574e-01
1.181993409991264343e-01
1.181991472840309143e-01
1.181989386677742004e-01
1.181987449526786804e-01
1.181985363364219666e-01
1.181983500719070435e-01
1.181981712579727173e-01
1.181979700922966003e-01
1.181977540254592896e-01
1.181975677609443665e-01
1.181973889470100403e-01
1.181971654295921326e-01
1.181969940662384033e-01
1.181967779994010925e-01
1.181965917348861694e-01
1.181963831186294556e-01
1.181961894035339355e-01
1.181959956884384155e-01
1.181958019733428955e-01
1.181955933570861816e-01
1.181954070925712585e-01
1.181952282786369324e-01
1.181950345635414124e-01
1.181948259472846985e-01
1.181946322321891785e-01
1.181944310665130615e-01
1.181942522525787354e-01
1.181940287351608276e-01
1.181938573718070984e-01
1.181936487555503845e-01
1.181934550404548645e-01
1.181932464241981506e-01
1.181930527091026306e-01
1.181928589940071106e-01
1.181926652789115906e-01
1.181924566626548767e-01
1.181922703981399536e-01
1.181920915842056274e-01
1.181918978691101074e-01
1.181916892528533936e-01
1.181914880871772766e-01
1.181913092732429504e-01
1.181911006569862366e-01
1.181908920407295227e-01
1.181906983256340027e-01
1.181905418634414673e-01
1.181903183460235596e-01
1.181901469826698303e-01
1.181899532675743103e-01
1.181897446513175964e-01
1.181895509362220764e-01
1.181893423199653625e-01
1.181891635060310364e-01
1.181889548897743225e-01
1.181887537240982056e-01
1.181885749101638794e-01
1.181883662939071655e-01
1.181881576776504517e-01
1.181879863142967224e-01
1.181877776980400085e-01
1.181875988841056824e-01
1.181873902678489685e-01
1.181871965527534485e-01
1.181870028376579285e-01
1.181867942214012146e-01
1.181865930557250977e-01
1.181864142417907715e-01
1.181862056255340576e-01
1.181860193610191345e-01
1.181858181953430176e-01
1.181856319308280945e-01
1.181854233145713806e-01
1.181852146983146667e-01
1.181850209832191467e-01
1.181848421692848206e-01
1.181846410036087036e-01
1.181844323873519897e-01
1.181842535734176636e-01
1.181840449571609497e-01
1.181838735938072205e-01
1.181836575269699097e-01
1.181834712624549866e-01
1.181832775473594666e-01
1.181830540299415588e-01
1.181828826665878296e-01
1.181826889514923096e-01
1.181824952363967896e-01
1.181822642683982849e-01
1.181820929050445557e-01
1.181819066405296326e-01
1.181816980242729187e-01
1.181814968585968018e-01
1.181812956929206848e-01
1.181811243295669556e-01
1.181809231638908386e-01
1.181807368993759155e-01
1.181805431842803955e-01
1.181803345680236816e-01
1.181801408529281616e-01
1.181799471378326416e-01
1.181797385215759277e-01
1.181795373558998108e-01
1.181793734431266785e-01
1.181791648268699646e-01
1.181789636611938477e-01
1.181787624955177307e-01
1.181785762310028076e-01
1.181783601641654968e-01
1.181781738996505737e-01
1.181779876351356506e-01
1.181777939200401306e-01
1.181775853037834167e-01
1.181773915886878967e-01
1.181771978735923767e-01
1.181770041584968567e-01
1.181768178939819336e-01
1.181766092777252197e-01
1.181764155626296997e-01
1.181762218475341797e-01
1.181760281324386597e-01
1.181758269667625427e-01
1.181756258010864258e-01
1.181754544377326965e-01
1.181752681732177734e-01
1.181750521063804626e-01
1.181748509407043457e-01
1.181746572256088257e-01
1.181744784116744995e-01
1.181742772459983826e-01
1.181740686297416687e-01
1.181738674640655518e-01
1.181736588478088379e-01
1.181734949350357056e-01
1.181733012199401855e-01
1.181730851531028748e-01
1.181728988885879517e-01
1.181727051734924316e-01
1.181724816560745239e-01
1.181723177433013916e-01
1.181721314787864685e-01
1.181719079613685608e-01
1.181717142462730408e-01
1.181715205311775208e-01
1.181713268160820007e-01
1.181711331009864807e-01
1.181709244847297668e-01
1.181707531213760376e-01
1.181705296039581299e-01
1.181703507900238037e-01
1.181701645255088806e-01
1.181699708104133606e-01
1.181697845458984375e-01
1.181695908308029175e-01
1.181693822145462036e-01
1.181691884994506836e-01
1.181689798831939697e-01
1.181687638163566589e-01
1.181685775518417358e-01
1.181683838367462158e-01
1.181681975722312927e-01
1.181680038571357727e-01
1.181678250432014465e-01
1.181676164269447327e-01
1.181674227118492126e-01
1.181672215461730957e-01
1.181670427322387695e-01
1.181668490171432495e-01
1.181666254997253418e-01
1.181664392352104187e-01
1.181662380695343018e-01
1.181660369038581848e-01
1.181658655405044556e-01
1.181656718254089355e-01
1.181654632091522217e-01
1.181652918457984924e-01
1.181650906801223755e-01
1.181648895144462585e-01
1.181646957993507385e-01
1.181645020842552185e-01
1.181642934679985046e-01
1.181640997529029846e-01
1.181639060378074646e-01
1.181636974215507507e-01
1.181635111570358276e-01
1.181633025407791138e-01
1.181631237268447876e-01
1.181629300117492676e-01
1.181627288460731506e-01
1.181625351309776306e-01
1.181623190641403198e-01
1.181621327996253967e-01
1.181619539856910706e-01
1.181617677211761475e-01
1.181615442037582397e-01
1.181613802909851074e-01
1.181611418724060059e-01
1.181609705090522766e-01
1.181607767939567566e-01
1.181605830788612366e-01
1.181603670120239258e-01
1.181601956486701965e-01
1.181599870324134827e-01
1.181597933173179626e-01
1.181595921516418457e-01
1.181593984365463257e-01
1.181592196226119995e-01
1.181590110063552856e-01
1.181588098406791687e-01
1.181586161255836487e-01
1.181584373116493225e-01
1.181582137942314148e-01
1.181580349802970886e-01
1.181578487157821655e-01
1.181576550006866455e-01
1.181574314832687378e-01
1.181572526693344116e-01
1.181570664048194885e-01
1.181568503379821777e-01
1.181566789746284485e-01
1.181564852595329285e-01
1.181562766432762146e-01
1.181560754776000977e-01
1.181558743119239807e-01
1.181556731462478638e-01
1.181554943323135376e-01
1.181553006172180176e-01
1.181550994515419006e-01
1.181548982858657837e-01
1.181547120213508606e-01
1.181545183062553406e-01
1.181543245911598206e-01
1.181541234254837036e-01
1.181539148092269897e-01
1.181537359952926636e-01
1.181535273790359497e-01
1.181533336639404297e-01
1.181531399488449097e-01
1.181529685854911804e-01
1.181527376174926758e-01
1.181525364518165588e-01
1.181523799896240234e-01
1.181521490216255188e-01
1.181519553065299988e-01
1.181517839431762695e-01
1.181515753269195557e-01
1.181513890624046326e-01
1.181511953473091125e-01
1.181510016322135925e-01
1.181508079171180725e-01
1.181506067514419556e-01
1.181504055857658386e-01
1.181502044200897217e-01
1.181500256061553955e-01
1.181498318910598755e-01
1.181496307253837585e-01
1.181494370102882385e-01
1.181492283940315247e-01
1.181490197777748108e-01
1.181488260626792908e-01
1.181486546993255615e-01
1.181484609842300415e-01
1.181482672691345215e-01
1.181480586528778076e-01
1.181478649377822876e-01
1.181476563215255737e-01
1.181474700570106506e-01
1.181472986936569214e-01
1.181470975279808044e-01
1.181468740105628967e-01
1.181466951966285706e-01
1.181465089321136475e-01
1.181463152170181274e-01
1.181461215019226074e-01
1.181459128856658936e-01
1.181457266211509705e-01
1.181455478072166443e-01
1.181453242897987366e-01
1.181451380252838135e-01
1.181449443101882935e-01
1.181447505950927734e-01
1.181445568799972534e-01
1.181443482637405396e-01
1.181441619992256165e-01
1.181439682841300964e-01
1.181437522172927856e-01
1.181435808539390564e-01
1.181433871388435364e-01
1.181431859731674194e-01
1.181429773569107056e-01
1.181427985429763794e-01
1.181425899267196655e-01
1.181423813104629517e-01
1.181422099471092224e-01
1.181420013308525085e-01
1.181418225169181824e-01
1.181416362524032593e-01
1.181414201855659485e-01
1.181412339210510254e-01
1.181410551071166992e-01
1.181408464908599854e-01
1.181406378746032715e-01
1.181404441595077515e-01
1.181402578949928284e-01
1.181400641798973083e-01
1.181398555636405945e-01
1.181396842002868652e-01
1.181394755840301514e-01
1.181392967700958252e-01
1.181390881538391113e-01
1.181389018893241882e-01
1.181386932730674744e-01
1.181385219097137451e-01
1.181383058428764343e-01
1.181381195783615112e-01
1.181379258632659912e-01
1.181377172470092773e-01
1.181375086307525635e-01
1.181373521685600281e-01
1.181371361017227173e-01
1.181369274854660034e-01
1.181367412209510803e-01
1.181365475058555603e-01
1.181363612413406372e-01
1.181361600756645203e-01
1.181359738111495972e-01
1.181357651948928833e-01
1.181355863809585571e-01
1.181353777647018433e-01
1.181351840496063232e-01
1.181350126862525940e-01
1.181348040699958801e-01
1.181345954537391663e-01
1.181344017386436462e-01
1.181342303752899170e-01
1.181340366601943970e-01
1.181338131427764893e-01
