2.053650319576263428e-01
2.053001224994659424e-01
2.053594291210174561e-01
2.052943557500839233e-01
2.053527086973190308e-01
2.052875012159347534e-01
2.053447216749191284e-01
2.052793949842453003e-01
2.053351998329162598e-01
2.052697539329528809e-01
2.053238749504089355e-01
2.052583694458007812e-01
2.053104192018508911e-01
2.052452415227890015e-01
2.052950412034988403e-01
2.052311003208160400e-01
2.052789330482482910e-01
2.052184045314788818e-01
2.052659839391708374e-01
2.052141129970550537e-01
2.052668184041976929e-01
2.052352279424667358e-01
2.053059339523315430e-01
2.053129673004150391e-01
2.054209709167480469e-01
2.054720222949981689e-01
2.056181132793426514e-01
2.056588828563690186e-01
2.058015167713165283e-01
2.057647258043289185e-01
2.058719545602798462e-01
2.057751268148422241e-01
2.058519721031188965e-01
2.057410180568695068e-01
2.057993710041046143e-01
2.056978493928909302e-01
2.057451903820037842e-01
2.056600153446197510e-01
2.057003676891326904e-01
2.056311070919036865e-01
2.056667208671569824e-01
2.056107223033905029e-01
2.056425064802169800e-01
2.055964320898056030e-01
2.056249976158142090e-01
2.055858671665191650e-01
2.056112587451934814e-01
2.055766284465789795e-01
2.055990993976593018e-01
2.055674791336059570e-01
2.055872976779937744e-01
2.055576592683792114e-01
2.055753618478775024e-01
2.055474668741226196e-01
2.055633515119552612e-01
2.055371403694152832e-01
2.055517584085464478e-01
2.055273652076721191e-01
2.055410146713256836e-01
2.055184990167617798e-01
2.055316716432571411e-01
2.055110037326812744e-01
2.055238783359527588e-01
2.055048793554306030e-01
2.055177539587020874e-01
2.055003196001052856e-01
2.055131345987319946e-01
2.054969966411590576e-01
2.055098563432693481e-01
2.054947763681411743e-01
2.055075913667678833e-01
2.054932862520217896e-01
2.055061459541320801e-01
2.054924070835113525e-01
2.055052220821380615e-01
2.054918408393859863e-01
2.055045366287231445e-01
2.054914236068725586e-01
2.055040746927261353e-01
2.054910957813262939e-01
2.055035829544067383e-01
2.054906934499740601e-01
2.055031210184097290e-01
2.054901570081710815e-01
2.055025696754455566e-01
2.054895758628845215e-01
2.055018246173858643e-01
2.054888010025024414e-01
2.055010050535202026e-01
2.054878175258636475e-01
2.055000960826873779e-01
2.054867893457412720e-01
2.054990231990814209e-01
2.054856717586517334e-01
2.054979205131530762e-01
2.054844945669174194e-01
2.054967582225799561e-01
2.054832577705383301e-01
2.054956108331680298e-01
2.054820507764816284e-01
2.054944336414337158e-01
2.054808288812637329e-01
2.054933607578277588e-01
2.054796814918518066e-01
2.054923027753829956e-01
2.054786086082458496e-01
2.054913640022277832e-01
2.054776549339294434e-01
2.054905295372009277e-01
2.054767757654190063e-01
2.054897993803024292e-01
2.054760009050369263e-01
2.054891586303710938e-01
2.054753154516220093e-01
2.054885476827621460e-01
2.054747045040130615e-01
2.054881155490875244e-01
2.054742127656936646e-01
2.054877430200576782e-01
2.054737061262130737e-01
2.054874002933502197e-01
2.054732441902160645e-01
2.054871618747711182e-01
2.054728567600250244e-01
2.054868936538696289e-01
2.054724544286727905e-01
2.054865658283233643e-01
2.054721117019653320e-01
2.054863572120666504e-01
2.054717093706130981e-01
2.054861336946487427e-01
2.054712921380996704e-01
2.054858654737472534e-01
2.054709047079086304e-01
2.054855972528457642e-01
2.054703831672668457e-01
2.054852545261383057e-01
2.054699659347534180e-01
2.054849117994308472e-01
2.054694592952728271e-01
2.054845988750457764e-01
2.054689675569534302e-01
2.054842710494995117e-01
2.054684609174728394e-01
2.054838836193084717e-01
2.054679393768310547e-01
2.054836004972457886e-01
2.054673582315444946e-01
2.054831981658935547e-01
2.054668217897415161e-01
2.054828554391860962e-01
2.054663300514221191e-01
2.054825127124786377e-01
2.054658383131027222e-01
2.054821997880935669e-01
2.054653763771057129e-01
2.054819017648696899e-01
2.054648995399475098e-01
2.054815888404846191e-01
2.054644525051116943e-01
2.054813057184219360e-01
2.054640352725982666e-01
2.054810822010040283e-01
2.054636031389236450e-01
2.054808139801025391e-01
2.054632008075714111e-01
2.054806202650070190e-01
2.054627984762191772e-01
2.054803669452667236e-01
2.054623961448669434e-01
2.054801285266876221e-01
2.054620087146759033e-01
2.054799497127532959e-01
2.054616659879684448e-01
2.054797410964965820e-01
2.054613083600997925e-01
2.054795920848846436e-01
2.054608911275863647e-01
2.054793983697891235e-01
2.054605185985565186e-01
2.054791301488876343e-01
2.054601311683654785e-01
2.054789811372756958e-01
2.054597884416580200e-01
2.054787576198577881e-01
2.054594010114669800e-01
2.054785937070846558e-01
2.054590135812759399e-01
2.054783403873443604e-01
2.054585963487625122e-01
2.054781019687652588e-01
2.054582238197326660e-01
2.054779082536697388e-01
2.054577916860580444e-01
2.054776847362518311e-01
2.054574489593505859e-01
2.054774910211563110e-01
2.054570317268371582e-01
2.054772228002548218e-01
2.054566144943237305e-01
2.054769843816757202e-01
2.054562270641326904e-01
2.054767608642578125e-01
2.054558545351028442e-01
2.054765075445175171e-01
2.054553925991058350e-01
2.054763138294219971e-01
2.054549753665924072e-01
2.054761052131652832e-01
2.054546177387237549e-01
2.054758965969085693e-01
2.054542452096939087e-01
2.054756581783294678e-01
2.054539024829864502e-01
2.054755091667175293e-01
2.054535448551177979e-01
2.054753452539443970e-01
2.054531723260879517e-01
2.054750919342041016e-01
2.054528146982192993e-01
2.054749280214309692e-01
2.054524719715118408e-01
2.054747492074966431e-01
2.054520994424819946e-01
2.054745554924011230e-01
2.054517120122909546e-01
2.054743915796279907e-01
2.054513692855834961e-01
2.054741233587265015e-01
2.054510265588760376e-01
2.054739445447921753e-01
2.054506838321685791e-01
2.054737508296966553e-01
2.054503113031387329e-01
2.054735869169235229e-01
2.054499536752700806e-01
2.054733633995056152e-01
2.054496109485626221e-01
2.054731994867324829e-01
2.054492384195327759e-01
2.054729908704757690e-01
2.054488807916641235e-01
2.054727971553802490e-01
2.054484933614730835e-01
2.054726034402847290e-01
2.054481655359268188e-01
2.054724544286727905e-01
2.054478079080581665e-01
2.054722458124160767e-01
2.054474651813507080e-01
2.054720222949981689e-01
2.054470926523208618e-01
2.054717987775802612e-01
2.054467797279357910e-01
2.054716050624847412e-01
2.054463922977447510e-01
2.054713666439056396e-01
2.054459899663925171e-01
2.054712176322937012e-01
2.054456472396850586e-01
2.054710239171981812e-01
2.054453194141387939e-01
2.054708302021026611e-01
2.054449468851089478e-01
2.054706364870071411e-01
2.054446041584014893e-01
2.054704129695892334e-01
2.054442912340164185e-01
2.054702341556549072e-01
2.054439187049865723e-01
2.054700404405593872e-01
2.054436057806015015e-01
2.054698169231414795e-01
2.054432630538940430e-01
2.054696828126907349e-01
2.054429203271865845e-01
2.054694890975952148e-01
2.054425776004791260e-01
2.054692655801773071e-01
2.054422348737716675e-01
2.054691165685653687e-01
2.054419219493865967e-01
2.054689228534698486e-01
2.054416537284851074e-01
2.054687291383743286e-01
2.054412662982940674e-01
2.054685354232788086e-01
2.054409235715866089e-01
2.054683566093444824e-01
2.054405808448791504e-01
2.054681628942489624e-01
2.054402530193328857e-01
2.054679691791534424e-01
2.054398953914642334e-01
2.054678201675415039e-01
2.054395973682403564e-01
2.054676562547683716e-01
2.054392397403717041e-01
2.054673880338668823e-01
2.054388970136642456e-01
2.054672390222549438e-01
2.054385691881179810e-01
2.054669857025146484e-01
2.054382264614105225e-01
2.054668217897415161e-01
2.054379135370254517e-01
2.054666280746459961e-01
2.054375708103179932e-01
2.054664045572280884e-01
2.054372578859329224e-01
2.054662108421325684e-01
2.054369598627090454e-01
2.054660171270370483e-01
2.054365277290344238e-01
2.054658383131027222e-01
2.054362297058105469e-01
2.054656744003295898e-01
2.054359614849090576e-01
2.054654806852340698e-01
2.054356187582015991e-01
2.054652571678161621e-01
2.054352611303329468e-01
2.054651081562042236e-01
2.054349631071090698e-01
2.054648697376251221e-01
2.054346501827239990e-01
2.054646760225296021e-01
2.054343223571777344e-01
2.054644972085952759e-01
2.054340392351150513e-01
2.054643332958221436e-01
2.054336965084075928e-01
2.054641544818878174e-01
2.054333686828613281e-01
2.054639905691146851e-01
2.054331004619598389e-01
2.054637968540191650e-01
2.054327875375747681e-01
2.054635733366012573e-01
2.054324448108673096e-01
2.054633796215057373e-01
2.054321318864822388e-01
2.054631859064102173e-01
2.054318189620971680e-01
2.054629921913146973e-01
2.054315209388732910e-01
2.054628431797027588e-01
2.054312229156494141e-01
2.054626494646072388e-01
2.054309099912643433e-01
2.054624259471893311e-01
2.054305970668792725e-01
2.054622620344161987e-01
2.054302692413330078e-01
2.054621130228042603e-01
2.054299563169479370e-01
2.054619193077087402e-01
2.054296433925628662e-01
2.054617404937744141e-01
2.054293453693389893e-01
2.054615169763565063e-01
2.054290324449539185e-01
2.054613083600997925e-01
2.054287344217300415e-01
2.054611146450042725e-01
2.054284214973449707e-01
2.054608911275863647e-01
2.054280936717987061e-01
2.054607719182968140e-01
2.054278105497360229e-01
2.054605484008789062e-01
2.054274976253509521e-01
2.054603099822998047e-01
2.054271996021270752e-01
2.054601609706878662e-01
2.054268866777420044e-01
2.054599821567535400e-01
2.054265588521957397e-01
2.054597884416580200e-01
2.054262906312942505e-01
2.054596245288848877e-01
2.054259479045867920e-01
2.054593712091445923e-01
2.054256647825241089e-01
2.054592221975326538e-01
2.054253369569778442e-01
2.054590284824371338e-01
2.054250538349151611e-01
2.054588198661804199e-01
2.054247856140136719e-01
2.054586708545684814e-01
2.054244875907897949e-01
2.054584175348281860e-01
2.054241895675659180e-01
2.054582536220550537e-01
2.054238766431808472e-01
2.054580599069595337e-01
2.054235786199569702e-01
2.054579108953475952e-01
2.054233103990554810e-01
2.054577320814132690e-01
2.054230272769927979e-01
2.054575383663177490e-01
2.054227590560913086e-01
2.054573297500610352e-01
2.054224610328674316e-01
2.054571509361267090e-01
2.054221481084823608e-01
2.054569870233535767e-01
2.054218500852584839e-01
2.054567933082580566e-01
2.054215818643569946e-01
2.054566442966461182e-01
2.054212391376495361e-01
2.054564207792282104e-01
2.054210007190704346e-01
2.054562270641326904e-01
2.054206728935241699e-01
2.054560780525207520e-01
2.054203897714614868e-01
2.054558545351028442e-01
2.054200917482376099e-01
2.054556906223297119e-01
2.054197937250137329e-01
2.054554671049118042e-01
2.054195255041122437e-01
2.054552733898162842e-01
2.054192125797271729e-01
2.054550498723983765e-01
2.054188996553421021e-01
2.054548561573028564e-01
2.054186314344406128e-01
2.054547071456909180e-01
2.054183334112167358e-01
2.054545134305953979e-01
2.054180353879928589e-01
2.054543495178222656e-01
2.054177671670913696e-01
2.054541260004043579e-01
2.054174840450286865e-01
2.054539024829864502e-01
2.054171860218048096e-01
2.054537385702133179e-01
2.054169178009033203e-01
2.054535448551177979e-01
2.054166197776794434e-01
2.054533511400222778e-01
2.054163068532943726e-01
2.054532021284103394e-01
2.054160684347152710e-01
2.054529488086700439e-01
2.054157704114913940e-01
2.054527848958969116e-01
2.054154723882675171e-01
2.054526060819625854e-01
2.054152637720108032e-01
2.054524719715118408e-01
2.054149955511093140e-01
2.054522633552551270e-01
2.054147273302078247e-01
2.054520696401596069e-01
2.054144293069839478e-01
2.054519057273864746e-01
2.054141610860824585e-01
2.054517120122909546e-01
2.054138928651809692e-01
2.054515331983566284e-01
2.054136246442794800e-01
2.054513692855834961e-01
2.054133862257003784e-01
2.054511904716491699e-01
2.054131031036376953e-01
2.054509967565536499e-01
2.054128199815750122e-01
2.054508030414581299e-01
2.054125517606735229e-01
2.054506093263626099e-01
2.054122388362884521e-01
2.054504454135894775e-01
2.054120153188705444e-01
2.054502367973327637e-01
2.054117172956466675e-01
2.054500728845596313e-01
2.054114043712615967e-01
2.054498791694641113e-01
2.054111063480377197e-01
2.054496854543685913e-01
2.054107934236526489e-01
2.054494917392730713e-01
2.054105401039123535e-01
2.054492682218551636e-01
2.054102569818496704e-01
2.054490745067596436e-01
2.054099887609481812e-01
2.054488807916641235e-01
2.054097205400466919e-01
2.054486274719238281e-01
2.054094225168228149e-01
2.054484635591506958e-01
2.054091095924377441e-01
