7.831121087074279785e-01 -2.761745266616344452e-02 -9.219294786453247070e-01 -5.266095995903015137e-01 -1.319827198982238770e+00 7.606655359268188477e-01 -4.891754314303398132e-02 -5.279158353805541992e-01
-1.983994804322719574e-02 3.816120624542236328e-01 -5.567355751991271973e-01 -3.615480065345764160e-01 -8.280988335609436035e-01 -1.412904709577560425e-01 1.543913632631301880e-01 7.568893432617187500e-01
4.506598785519599915e-02 -6.160434484481811523e-01 5.069413185119628906e-01 4.021252989768981934e-01 -1.640850305557250977e-01 -6.382868885993957520e-01 -1.694192141294479370e-01 9.448126554489135742e-01
7.474735975265502930e-01 -2.798265218734741211e-01 -9.426169395446777344e-01 1.555717289447784424e-01 -3.638390779495239258e+00 -4.354412555694580078e-01 -2.489230871200561523e+00 -2.699406743049621582e-01
1.392185091972351074e-01 1.088341325521469116e-01 3.313758075237274170e-01 1.573739886283874512e+00 -1.106344461441040039e+00 1.382242143154144287e-01 8.272644877433776855e-01 5.183260440826416016e-01
1.212878003716468811e-01 -3.952658176422119141e-02 -4.381341040134429932e-01 1.647470295429229736e-01 -2.721352875232696533e-01 3.728645443916320801e-01 7.533817887306213379e-01 -4.646611213684082031e-01
-8.000203371047973633e-01 6.270594596862792969e-01 -1.418548464775085449e+00 -8.786632120609283447e-02 -1.933834195137023926e+00 2.983927428722381592e-01 -3.671149015426635742e-01 8.776158690452575684e-01
-4.097462296485900879e-01 4.607609272003173828e+00 2.975273370742797852e+00 2.891630887985229492e+00 4.796480536460876465e-01 -4.490436911582946777e-01 3.621111100073903799e-04 -4.043958663940429688e+00
-2.208770275115966797e+00 1.241537809371948242e+00 -2.460106611251831055e-01 -1.353543996810913086e+00 -1.259328573942184448e-01 -6.773902475833892822e-02 5.836911201477050781e-01 3.417406082153320312e+00
-4.573479652404785156e+00 7.398831248283386230e-01 4.441168904304504395e-01 1.547819614410400391e+00 -5.453779101371765137e-01 -1.357256531715393066e+00 -6.281084418296813965e-01 4.653243064880371094e+00
3.473351299762725830e-01 -1.104387998580932617e+00 -1.078221559524536133e+00 4.278249442577362061e-01 -6.485214829444885254e-01 -8.602410089224576950e-04 2.681741476058959961e+00 -3.377969264984130859e-01
1.351502656936645508e+00 -3.060971975326538086e+00 -1.089337229728698730e+00 2.274128675460815430e+00 -1.744726538658142090e+00 -3.226779401302337646e-01 -2.035204887390136719e+00 1.049517512321472168e+00
6.645235419273376465e-02 2.691747844219207764e-01 3.619365096092224121e-01 3.030941486358642578e-01 2.859310626983642578e+00 5.574560165405273438e-01 4.920161724090576172e+00 1.515397667884826660e+00
-1.820280998945236206e-01 1.087949633598327637e+00 -7.151435315608978271e-02 8.314551711082458496e-01 3.775952458381652832e-01 -7.233664393424987793e-01 6.171523034572601318e-02 8.670434951782226562e-01
-3.968263566493988037e-01 -7.451578974723815918e-01 -4.109155178070068359e+00 -1.745127737522125244e-01 1.632093429565429688e+00 1.366936922073364258e+00 6.664171069860458374e-02 -1.955776512622833252e-01
-4.046771049499511719e+00 -2.879089355468750000e+00 -1.265047550201416016e+00 -1.791540145874023438e+00 -1.158238649368286133e+00 -5.332414507865905762e-01 2.838431596755981445e-01 -7.612264752388000488e-01
-1.484210014343261719e+00 -3.108248114585876465e-01 1.066228985786437988e+00 1.449130177497863770e+00 1.030807375907897949e+00 1.005222082138061523e+00 7.122828364372253418e-01 -5.598781108856201172e-01
-4.331782758235931396e-01 -1.194869041442871094e+00 -1.660084724426269531e+00 1.424701809883117676e-01 1.325958132743835449e+00 6.567159891128540039e-01 -7.217258810997009277e-01 3.266238272190093994e-01
1.275525987148284912e-01 1.241336464881896973e+00 2.646741569042205811e-01 -9.589315056800842285e-01 2.484285384416580200e-01 -1.136299848556518555e+00 1.242464184761047363e+00 -1.326660990715026855e+00
1.698170602321624756e-02 -9.677909016609191895e-01 4.960108697414398193e-01 -3.769670426845550537e-02 -3.167879819869995117e+00 1.717765778303146362e-01 -2.291588544845581055e+00 1.725422382354736328e+00
-1.194554492831230164e-01 -9.013136029243469238e-01 -3.154068708419799805e+00 2.261273145675659180e+00 -1.157653480768203735e-01 -6.463081836700439453e-01 -2.910799264907836914e+00 -2.482776403427124023e+00
-6.600885838270187378e-02 -4.073651432991027832e-01 -3.924711644649505615e-01 4.709918498992919922e-01 -2.725102305412292480e-01 -1.548182666301727295e-01 -5.902807712554931641e-01 4.060615062713623047e+00
8.905605673789978027e-01 5.138611793518066406e-01 -2.683785200119018555e+00 1.459691077470779419e-01 2.358745813369750977e+00 2.586647272109985352e+00 1.411671787500381470e-01 1.493631720542907715e+00
-4.865487515926361084e-01 -2.473318725824356079e-01 -3.276548981666564941e-01 1.278501749038696289e-01 5.702413916587829590e-01 -2.159759998321533203e-01 -2.951813936233520508e-01 1.602223664522171021e-01
-2.114425897598266602e-01 -3.726266622543334961e-01 -1.575497537851333618e-01 9.327479600906372070e-01 -5.265368223190307617e-01 1.090698242187500000e+00 -9.099147319793701172e-01 -1.532369256019592285e-01
4.519590854644775391e+00 -3.461530432105064392e-02 4.387709200382232666e-01 9.330805540084838867e-01 5.763890147209167480e-01 1.051733642816543579e-02 1.712198734283447266e+00 1.571421384811401367e+00
2.999950408935546875e+00 2.857468843460083008e+00 -1.633585691452026367e+00 9.419118165969848633e-01 3.542336463928222656e+00 4.762024879455566406e-01 -3.020452857017517090e-01 -1.307213187217712402e+00
-1.725523322820663452e-01 1.215723231434822083e-01 -5.467028617858886719e-01 -1.752627342939376831e-01 -2.756834588944911957e-02 -3.546314537525177002e-01 -2.287162840366363525e-01 -1.303684711456298828e-02
-1.621307283639907837e-01 6.983499526977539062e-01 6.115832328796386719e-01 -1.000164031982421875e+00 1.505249261856079102e+00 -6.282459497451782227e-01 1.291933298110961914e+00 -6.260899901390075684e-01
-6.795051097869873047e-01 -1.402192115783691406e+00 -6.063036918640136719e-01 2.323471456766128540e-01 -1.444774985313415527e+00 1.649915874004364014e-01 9.991286396980285645e-01 2.531114816665649414e+00
-4.091203689575195312e+00 4.484473228454589844e+00 -1.286966681480407715e+00 -4.551484063267707825e-02 6.777161955833435059e-01 -4.527618288993835449e-01 3.648146629333496094e+00 2.486449718475341797e+00
-5.180043578147888184e-01 5.907175540924072266e-01 -3.209663033485412598e-01 -6.548820137977600098e-01 4.328274428844451904e-01 -5.246808528900146484e-01 5.183449983596801758e-01 -1.355834156274795532e-01
-4.309849068522453308e-02 -5.049808621406555176e-01 1.052281633019447327e-01 1.509718038141727448e-02 2.033797025680541992e+00 -4.248752117156982422e+00 -6.393253207206726074e-01 1.741430640220642090e+00
2.438484430313110352e-01 5.036590695381164551e-01 1.310944199562072754e+00 -4.360758513212203979e-02 -3.734026551246643066e-01 1.516137868165969849e-01 5.329938232898712158e-02 -5.579789876937866211e-01
3.790695965290069580e-01 2.477615624666213989e-01 6.012165546417236328e-01 9.352166056632995605e-01 2.179024368524551392e-01 -3.673706650733947754e-01 2.245000153779983521e-01 -1.092116311192512512e-01
1.834770082496106625e-03 -7.746631503105163574e-01 1.231234297156333923e-01 9.076023101806640625e-01 5.013464093208312988e-01 1.757717318832874298e-02 -1.131678931415081024e-02 1.075994491577148438e+00
-2.776193618774414062e-01 5.790699273347854614e-02 -5.746029615402221680e-01 -2.719563059508800507e-02 3.337892293930053711e-01 -2.120073139667510986e-01 -2.229345887899398804e-01 -6.587418317794799805e-01
-6.851366162300109863e-01 -2.756619453430175781e-01 -1.203827261924743652e+00 -6.895169019699096680e-01 -2.676115751266479492e+00 2.699388563632965088e-01 1.113915219902992249e-01 -1.538303494453430176e+00
-2.887121438980102539e-01 -6.726555824279785156e-01 1.111574098467826843e-01 -1.652079820632934570e-01 -2.864370942115783691e-01 3.923813626170158386e-02 -1.429449766874313354e-01 -8.285834193229675293e-01
2.204743027687072754e-01 -8.198444843292236328e-01 1.002227067947387695e+00 -8.013439178466796875e-01 5.875148996710777283e-02 -2.435303211212158203e+00 -5.161858201026916504e-01 4.471633210778236389e-02
6.417574882507324219e-01 -2.471739768981933594e+00 4.429033756256103516e+00 -1.245770812034606934e+00 4.334217071533203125e+00 1.201473832130432129e+00 4.015512466430664062e+00 -3.064932823181152344e-01
-1.651635766029357910e-01 -1.511485576629638672e-01 2.973307967185974121e-01 -9.621665813028812408e-03 -3.845280110836029053e-01 4.125882387161254883e-01 -2.762625813484191895e-01 -2.203340232372283936e-01
4.908250272274017334e-01 6.080337762832641602e-01 -1.226206064224243164e+00 3.280393183231353760e-01 -2.325231790542602539e+00 3.972922861576080322e-01 5.114181637763977051e-01 7.617157101631164551e-01
-9.344366192817687988e-02 5.919317603111267090e-01 -5.709144473075866699e-01 1.747860312461853027e-01 -5.493305325508117676e-01 1.599141120910644531e+00 1.118764162063598633e+00 -4.416895866394042969e+00
2.184630155563354492e+00 1.158845424652099609e+00 3.925775289535522461e-01 -8.157231211662292480e-01 -2.358881756663322449e-02 1.012802347540855408e-01 3.453031301498413086e+00 1.546036481857299805e+00
2.842117249965667725e-01 -7.345131039619445801e-02 -5.881011486053466797e-01 5.070844665169715881e-02 -1.928509473800659180e-01 8.342035114765167236e-02 -2.450995296239852905e-01 -4.904577434062957764e-01
9.063011407852172852e-02 2.617945373058319092e-01 -6.065705791115760803e-02 3.802567422389984131e-01 -1.076168775558471680e+00 1.115002751350402832e+00 -1.926576495170593262e-01 2.425101995468139648e+00
1.732314348220825195e+00 1.035276293754577637e+00 -4.566779613494873047e+00 -3.419361352920532227e+00 4.256517291069030762e-01 9.837110638618469238e-01 3.684016168117523193e-01 -6.740671992301940918e-01
-2.429880499839782715e-01 -1.009213924407958984e-01 -1.154416278004646301e-01 5.110942125320434570e-01 -5.136187672615051270e-01 7.357898354530334473e-01 6.710793077945709229e-02 -1.754051297903060913e-01
-6.652087718248367310e-02 1.944231986999511719e-01 4.186886787414550781e+00 3.809524536132812500e+00 -2.615607380867004395e-01 8.151839971542358398e-01 2.130343198776245117e+00 1.478787899017333984e+00
-2.060172408819198608e-01 4.138990640640258789e-01 -2.007493376731872559e-01 -1.951437145471572876e-01 8.239035010337829590e-01 7.120268791913986206e-02 5.863774418830871582e-01 -2.246943116188049316e-01
2.861451387405395508e+00 9.733316302299499512e-01 -1.196293473243713379e+00 -2.859328031539916992e+00 1.263383328914642334e-01 2.640661299228668213e-01 -4.046487808227539062e+00 -3.251501917839050293e-01
9.106579422950744629e-01 -5.168891906738281250e+00 -4.849052727222442627e-01 -1.021256595849990845e-01 -1.000066399574279785e+00 -1.112179398536682129e+00 8.780630826950073242e-01 -2.385210514068603516e+00
-2.744131684303283691e-01 -3.026755154132843018e-01 -9.512532502412796021e-02 2.624962627887725830e-01 -1.737468600273132324e+00 -6.127974987030029297e-01 -1.820967674255371094e+00 -4.267827570438385010e-01
5.390716791152954102e-01 -9.286497831344604492e-01 2.752688407897949219e+00 -1.016875982284545898e+00 -1.141290068626403809e+00 4.019906520843505859e+00 9.253024458885192871e-01 -2.838086783885955811e-01
-1.617505252361297607e-01 9.036182612180709839e-02 -4.690190404653549194e-02 -5.126773193478584290e-02 -4.072728633880615234e+00 -3.425374329090118408e-01 4.064004719257354736e-01 1.292517304420471191e+00
-3.364431262016296387e-01 8.146923780441284180e-01 2.089550495147705078e+00 -4.260786473751068115e-01 4.901274442672729492e-01 1.024182200431823730e+00 6.747544407844543457e-01 2.514915466308593750e-01
-1.604048162698745728e-01 -2.714283466339111328e-01 -2.173669338226318359e-01 -1.449390202760696411e-01 -3.043228983879089355e-01 -7.572848796844482422e-01 -8.015779852867126465e-01 2.117392793297767639e-02
7.647231817245483398e-01 3.492747843265533447e-01 8.585973978042602539e-01 -6.190535426139831543e-01 -3.938888311386108398e-01 -2.151003599166870117e+00 -2.298159599304199219e-01 -1.845221035182476044e-02
8.764462471008300781e-01 -2.215490490198135376e-01 -1.144236445426940918e+00 -6.294386386871337891e-01 -1.096035018563270569e-01 -1.331486999988555908e-01 1.092825293540954590e+00 1.279768824577331543e+00
-3.953368365764617920e-01 -6.905831694602966309e-01 -4.412014037370681763e-03 -8.414022922515869141e-01 -2.768765687942504883e-01 -8.196159005165100098e-01 -2.322758585214614868e-01 -4.824112653732299805e-01
1.108730912208557129e+00 6.999568939208984375e-01 -1.431430429220199585e-01 2.093696743249893188e-01 3.680858373641967773e+00 1.187837570905685425e-01 8.966972678899765015e-02 -9.262863993644714355e-01
-9.467452764511108398e-01 -4.782491177320480347e-02 4.003389775753021240e-01 -4.871983081102371216e-03 1.409973740577697754e+00 1.145213022828102112e-01 -2.401927262544631958e-01 1.565472334623336792e-01
2.910431623458862305e+00 4.553429126739501953e+00 1.411754339933395386e-01 2.337439298629760742e+00 1.188536405563354492e+00 2.466604262590408325e-01 1.907718181610107422e-01 7.151587009429931641e-01
-3.010309696197509766e+00 4.049275815486907959e-01 -1.448426246643066406e-01 4.581090807914733887e-01 1.224135398864746094e+00 -9.296303987503051758e-01 -1.460801839828491211e+00 1.287499308586120605e+00
-3.640110194683074951e-01 -1.495151996612548828e+00 3.330660104751586914e+00 2.416863590478897095e-01 -3.434558868408203125e+00 -8.355197310447692871e-01 -3.759528160095214844e+00 1.188742280006408691e+00
7.104853987693786621e-01 -1.580493301153182983e-01 1.250655412673950195e+00 -2.212351709604263306e-01 8.256100416183471680e-01 7.811437249183654785e-01 6.858107447624206543e-01 9.890083670616149902e-01
-2.198265343904495239e-01 5.320752039551734924e-02 1.052372574806213379e+00 -3.845133185386657715e-01 -1.915382742881774902e+00 4.397563338279724121e-01 1.619304567575454712e-01 -4.313246011734008789e-01
-3.097076177597045898e+00 -1.162067890167236328e+00 -6.106442809104919434e-01 9.629927277565002441e-01 3.140760660171508789e+00 9.338979721069335938e-01 1.227031573653221130e-01 -1.298535823822021484e+00
-1.164803355932235718e-01 -1.232940331101417542e-01 6.796238422393798828e-01 1.687697052955627441e+00 -5.596231818199157715e-01 4.728422641754150391e+00 -6.771033406257629395e-01 2.861920297145843506e-01
-1.333977222442626953e+00 -4.636510089039802551e-02 2.993066012859344482e-01 1.707219183444976807e-01 -1.342248320579528809e+00 -1.609960079193115234e+00 8.481570482254028320e-01 -2.751209400594234467e-02
-7.938320636749267578e-01 5.028965473175048828e-01 -1.227561473846435547e+00 9.045287966728210449e-01 7.182137370109558105e-01 3.069129288196563721e-01 -4.881829321384429932e-01 -7.801368236541748047e-01
6.709924340248107910e-01 7.690759897232055664e-01 -2.588274776935577393e-01 -2.702042579650878906e+00 1.309283137321472168e+00 2.430027723312377930e+00 -5.479760169982910156e+00 4.291079521179199219e+00
2.246461629867553711e+00 3.806064844131469727e+00 -2.926552772521972656e+00 -1.181536793708801270e+00 5.127186328172683716e-02 -4.687458574771881104e-01 -6.805215477943420410e-01 4.711344838142395020e-01
-4.776025936007499695e-02 8.003160953521728516e-01 6.196463704109191895e-01 1.759265303611755371e+00 1.168999910354614258e+00 -3.801770806312561035e-01 -2.002244740724563599e-01 2.470122426748275757e-01
9.081482142210006714e-02 9.386531710624694824e-01 1.203098177909851074e+00 7.391977310180664062e-02 2.221942424774169922e+00 4.557357430458068848e-01 2.915227599442005157e-02 3.458124995231628418e-01
1.420699119567871094e+00 3.549204673618078232e-03 2.408273458480834961e+00 -1.487185835838317871e+00 6.377615332603454590e-01 8.413166403770446777e-01 -9.353044442832469940e-03 2.794259190559387207e-01
3.741115331649780273e+00 -1.177513957023620605e+00 -8.625733852386474609e-01 -1.677050232887268066e+00 6.624910831451416016e-01 -3.124502301216125488e-02 3.393885374069213867e+00 -1.988998889923095703e+00
-1.009563922882080078e+00 -8.126950860023498535e-01 6.603177636861801147e-02 -1.553523659706115723e+00 3.131355047225952148e-01 5.652208253741264343e-02 7.258982062339782715e-01 3.481560200452804565e-02
1.236572027206420898e+00 4.911119461059570312e+00 7.339842319488525391e-01 -7.515639066696166992e-01 -3.873910427093505859e+00 -2.733499765396118164e+00 -1.368173658847808838e-01 -5.185985565185546875e-01
-8.799514174461364746e-01 5.304562449455261230e-01 1.612101793289184570e-01 -3.219527304172515869e-01 8.872526288032531738e-01 5.228439569473266602e-01 1.329781413078308105e-01 -3.353745341300964355e-01
-3.177923262119293213e-01 5.672030448913574219e-01 8.157631754875183105e-01 -1.058591723442077637e+00 6.994724273681640625e-01 1.134431123733520508e+00 1.462259531021118164e+00 1.299256443977355957e+00
2.056840807199478149e-01 1.232536435127258301e+00 -1.863047957420349121e+00 1.040012836456298828e+00 3.501859605312347412e-01 -9.474149346351623535e-02 -1.144290044903755188e-01 -3.465418517589569092e-01
-1.061255812644958496e+00 -8.380003571510314941e-01 -1.616020679473876953e+00 -4.361770451068878174e-01 -2.463528662919998169e-01 -8.447131514549255371e-02 -3.803398087620735168e-02 7.284392118453979492e-01
-1.867301702499389648e+00 -1.707950234413146973e-01 1.653481483459472656e+00 -1.523919105529785156e+00 1.170710206031799316e+00 -3.347667694091796875e+00 -1.696102023124694824e-01 -2.869403600692749023e+00
1.076605916023254395e-01 -2.013739645481109619e-01 4.458391070365905762e-01 -5.781998038291931152e-01 -3.791007101535797119e-01 2.737653907388448715e-03 -1.500632762908935547e-01 -4.741742312908172607e-01
-7.483386248350143433e-02 -4.821830749511718750e+00 -1.278499245643615723e+00 2.149429321289062500e+00 1.538359045982360840e+00 5.402516722679138184e-01 3.473911523818969727e+00 -1.665185093879699707e-01
4.088781177997589111e-01 -1.239730000495910645e+00 -1.457062125205993652e+00 -4.747197628021240234e-01 2.983174026012420654e-01 1.077150940895080566e+00 1.798889279365539551e+00 -2.026113867759704590e-01
3.040972352027893066e-01 1.206346824765205383e-01 8.796045929193496704e-02 7.793704867362976074e-01 4.350280284881591797e+00 4.712482988834381104e-01 -2.966992557048797607e-01 8.757660984992980957e-01
8.368883132934570312e-01 9.852555990219116211e-01 3.799004554748535156e+00 1.071706295013427734e+00 -3.013354353606700897e-02 -4.980026185512542725e-01 -1.328328609466552734e+00 -1.956930197775363922e-02
-4.503850936889648438e-01 -3.144080936908721924e-01 1.847800165414810181e-01 -2.067993640899658203e+00 7.038245797157287598e-01 -7.135699689388275146e-02 -7.273065447807312012e-01 1.269194483757019043e+00
4.174790978431701660e-01 3.410104513168334961e-01 -1.200834587216377258e-01 -1.928159892559051514e-01 4.180105030536651611e-01 -1.047078743577003479e-01 1.744505316019058228e-01 -1.473682224750518799e-01
3.953725814819335938e+00 4.011401534080505371e-01 -1.299682497978210449e+00 1.418585419654846191e+00 8.698340654373168945e-01 9.691813588142395020e-01 1.158323287963867188e+00 9.240749478340148926e-01
4.994681179523468018e-01 -1.680701524019241333e-01 1.600501090288162231e-01 -7.027660012245178223e-01 -2.237027883529663086e-01 -1.365000128746032715e+00 -2.303471975028514862e-02 -8.427631855010986328e-01
-4.062523543834686279e-01 -3.528307974338531494e-01 1.210879683494567871e+00 3.126087784767150879e-01 -8.946799039840698242e-01 1.116469949483871460e-01 -2.652345001697540283e-01 1.631408631801605225e-01
2.972376048564910889e-01 1.081658005714416504e+00 -1.951621770858764648e+00 4.653413593769073486e-01 2.831046581268310547e+00 1.413375735282897949e-01 1.848762631416320801e+00 1.599004268646240234e-01
-8.778469562530517578e-01 1.136311590671539307e-01 -1.110303997993469238e-01 1.259441138245165348e-03 -2.410376071929931641e-01 6.080933660268783569e-02 -2.149032354354858398e+00 -3.737519025802612305e+00
1.316395401954650879e+00 -8.698218315839767456e-02 3.262745141983032227e-01 -3.498785018920898438e+00 5.426056981086730957e-01 -1.123360276222229004e+00 1.164746999740600586e+00 9.784607589244842529e-02
1.371984720230102539e+00 2.839249372482299805e-01 -4.846183061599731445e-01 2.540078878402709961e+00 1.173131942749023438e+00 1.150721669197082520e+00 1.387304902076721191e+00 2.357285469770431519e-01
-1.270068645477294922e+00 1.321942329406738281e+00 8.938704431056976318e-02 2.145250290632247925e-01 -2.376896589994430542e-01 -2.228183269500732422e+00 1.197539210319519043e+00 -6.913886070251464844e-01
-1.667991757392883301e+00 2.482721954584121704e-01 -1.135716795921325684e+00 -1.551374942064285278e-01 -1.341060280799865723e+00 6.612392067909240723e-01 -7.606696486473083496e-01 -1.277460217475891113e+00
1.308968424797058105e+00 2.866743326187133789e+00 1.240005254745483398e+00 -1.434701085090637207e+00 3.109955489635467529e-01 -1.028503894805908203e+00 1.900235295295715332e+00 1.991020202636718750e+00
-6.158786416053771973e-01 4.406994283199310303e-01 -3.235393166542053223e-01 -6.729419231414794922e-01 2.788358032703399658e-01 1.461986750364303589e-01 -6.365337222814559937e-02 -1.676641702651977539e-01
4.125614166259765625e+00 3.832873702049255371e-01 2.572216093540191650e-01 -1.113752648234367371e-01 -4.744611680507659912e-01 3.006762266159057617e-01 7.334327101707458496e-01 2.198272794485092163e-01
-2.702874243259429932e-01 -4.752686321735382080e-01 -1.204206824302673340e+00 -2.812036514282226562e+00 -8.209164142608642578e-01 4.130607247352600098e-01 3.057246208190917969e-01 2.047443836927413940e-01
-6.492540240287780762e-01 -8.118276596069335938e-01 -1.867354959249496460e-01 2.450172454118728638e-01 -1.377217471599578857e-01 3.189994692802429199e-01 -3.942147195339202881e-01 -2.702127933502197266e+00
9.421482086181640625e-01 -6.860951781272888184e-01 -3.380768895149230957e-01 4.455240726470947266e+00 1.223573565483093262e+00 2.596966922283172607e-01 -8.230898976325988770e-01 4.543738365173339844e-01
1.511950612068176270e+00 1.654221415519714355e-01 1.752624154090881348e+00 -4.962770640850067139e-01 -3.561249971389770508e-01 6.778290867805480957e-01 2.270952463150024414e+00 3.643795549869537354e-01
4.657946527004241943e-02 3.729977607727050781e-01 -2.398753166198730469e+00 -9.748513698577880859e-01 -1.408499360084533691e+00 -1.714874804019927979e-01 2.998635530471801758e+00 -1.918980836868286133e+00
-1.854195445775985718e-01 4.941309094429016113e-01 -1.566840708255767822e-01 -3.560105562210083008e-01 9.994152784347534180e-01 -1.398305743932723999e-01 -6.768919229507446289e-01 -1.005824685096740723e+00
-1.378806084394454956e-01 7.332088947296142578e-01 -1.995241165161132812e+00 5.848092436790466309e-01 1.027864456176757812e+00 2.209808826446533203e+00 -3.057225346565246582e-01 1.610582947731018066e+00
-4.662784337997436523e-01 -7.235680222511291504e-01 3.943189978599548340e-02 -2.905205965042114258e+00 6.687082052230834961e-01 -3.493904769420623779e-01 8.668980002403259277e-01 -2.983801066875457764e-02
-1.462078094482421875e-01 3.924802243709564209e-01 4.138237237930297852e-01 -2.118919134140014648e+00 -2.805876493453979492e+00 1.142624974250793457e+00 -4.519580602645874023e-01 -2.246533930301666260e-01
-1.846396028995513916e-01 -4.100306928157806396e-01 -4.413986682891845703e+00 9.597554802894592285e-01 -1.982060670852661133e-01 -9.289434552192687988e-01 9.561831355094909668e-01 3.258793056011199951e-01
2.285886257886886597e-01 7.487886548042297363e-01 -2.064023464918136597e-01 5.995677709579467773e-01 9.782833456993103027e-01 1.440243244171142578e+00 -6.560100615024566650e-02 1.090340614318847656e+00
-4.372146129608154297e-01 9.223727583885192871e-01 -1.382811963558197021e-01 1.111616194248199463e-01 1.011316537857055664e+00 8.726667761802673340e-01 -3.593046963214874268e-01 4.364330172538757324e-01
8.719570636749267578e-01 -1.651270270347595215e+00 -5.977020263671875000e-01 7.735470533370971680e-01 4.960927069187164307e-01 -3.453603506088256836e+00 5.348775535821914673e-03 -8.524565696716308594e-01
-8.520361185073852539e-01 -4.977556228637695312e+00 1.877061128616333008e+00 -2.156465291976928711e+00 3.077446222305297852e+00 -2.009439021348953247e-01 -5.780712962150573730e-01 -5.308175086975097656e-01
1.325568795204162598e+00 1.125929236412048340e+00 -3.396085798740386963e-01 -1.697780191898345947e-02 4.204950109124183655e-02 2.564014196395874023e-01 2.307709693908691406e+00 1.429811567068099976e-01
1.043532252311706543e+00 6.410072445869445801e-01 -3.592742979526519775e-01 3.820298194885253906e+00 -2.716337680816650391e+00 -5.628345012664794922e-01 6.661257743835449219e-01 -1.335279464721679688e+00
-3.403077721595764160e-01 2.426496595144271851e-01 -1.098690629005432129e+00 -6.536330580711364746e-01 -1.466747999191284180e+00 2.477628588676452637e-01 1.081252574920654297e+00 -2.031458914279937744e-01
8.079568743705749512e-01 2.125471681356430054e-01 -9.649572968482971191e-01 2.836245775222778320e+00 3.081183671951293945e+00 -1.371227622032165527e+00 -2.806481838226318359e+00 -5.634398013353347778e-02
1.460206359624862671e-01 5.955166369676589966e-02 -4.515731334686279297e-01 -4.572008132934570312e+00 6.716946959495544434e-01 1.669211983680725098e-01 -7.930915951728820801e-01 5.160293579101562500e-01
2.300045490264892578e-01 7.483289241790771484e-01 7.327802181243896484e-01 2.864085733890533447e-01 7.393646985292434692e-02 4.405072629451751709e-01 8.356297612190246582e-01 -4.152492880821228027e-01
-4.703001379966735840e-01 2.308217763900756836e+00 9.209979772567749023e-01 -1.689147233963012695e+00 1.073870062828063965e+00 6.701444387435913086e-01 2.411893129348754883e+00 -8.877195119857788086e-01
2.216131210327148438e+00 4.180243492126464844e+00 -2.036209821701049805e+00 -2.486451148986816406e+00 -9.088836312294006348e-01 -1.067093253135681152e+00 -5.043209195137023926e-01 7.085449695587158203e-01
1.921299099922180176e-01 -2.784033715724945068e-01 1.625349074602127075e-01 -1.962030380964279175e-01 -1.705555438995361328e+00 1.200011372566223145e+00 1.214192390441894531e+00 2.918556705117225647e-02
1.688850522041320801e+00 1.290951013565063477e+00 9.186784625053405762e-01 2.239449501037597656e+00 5.201163291931152344e-01 3.026908636093139648e-02 3.433992862701416016e-01 9.708628058433532715e-01
-3.602637290954589844e+00 -8.407391309738159180e-01 1.451743394136428833e-01 1.237809181213378906e+00 -3.662803411483764648e+00 -4.186175823211669922e+00 -9.177531599998474121e-01 -2.212219312787055969e-02
1.328887701034545898e+00 1.045631647109985352e+00 9.922756552696228027e-01 2.843841016292572021e-01 2.954863943159580231e-02 9.726237058639526367e-01 4.208911955356597900e-01 -4.740499258041381836e-01
2.560688555240631104e-01 2.193849235773086548e-01 -1.070602983236312866e-01 -7.523012161254882812e-01 1.100982502102851868e-01 6.609152555465698242e-01 3.417546153068542480e-01 5.995813608169555664e-01
-2.162646353244781494e-01 -5.030723288655281067e-02 6.194861531257629395e-01 -8.819766640663146973e-01 8.134020566940307617e-01 1.916071027517318726e-01 1.104934453964233398e+00 5.497248768806457520e-01
2.096719294786453247e-02 4.945195019245147705e-01 2.675175905227661133e+00 1.274718195199966431e-01 5.890566110610961914e-01 -1.853017657995223999e-01 -5.871616601943969727e-01 4.321391135454177856e-02
-3.622866868972778320e+00 4.006167888641357422e+00 -3.286400079727172852e+00 -8.192651867866516113e-01 -2.989445924758911133e+00 5.320478916168212891e+00 3.383544683456420898e-01 -3.745760202407836914e+00
-2.176986485719680786e-01 -1.663468778133392334e-01 8.454824797809123993e-03 3.892305791378021240e-01 1.718510836362838745e-01 4.344083368778228760e-01 -2.242443524301052094e-02 2.929724752902984619e-01
-1.459613800048828125e+00 -2.705586701631546021e-02 -1.016215562820434570e+00 -1.643621683120727539e+00 1.014795899391174316e+00 3.849988698959350586e+00 -9.820644259452819824e-01 3.321559190750122070e+00
2.183988690376281738e-01 1.327101737260818481e-01 2.228834927082061768e-01 3.798423707485198975e-01 6.127949804067611694e-02 8.327498435974121094e-01 2.086343169212341309e-01 -4.921928793191909790e-02
1.839121878147125244e-01 -6.579068899154663086e-01 -5.278598070144653320e-01 2.471598386764526367e-01 -4.820918142795562744e-01 8.258227109909057617e-01 -2.280880361795425415e-01 -1.090531706809997559e+00
-1.296480059623718262e+00 -7.116383910179138184e-01 -5.630267858505249023e-01 -3.244352340698242188e-01 5.378778576850891113e-01 6.322193741798400879e-01 -9.129109978675842285e-01 -7.339253425598144531e-01
2.091166019439697266e+00 5.054143071174621582e-01 2.234588623046875000e+00 -5.016324520111083984e-01 -1.258805871009826660e+00 8.395228385925292969e-01 3.890520632266998291e-01 -4.694456756114959717e-01
-2.126789093017578125e+00 1.017163693904876709e-01 2.965527296066284180e+00 -4.310385227203369141e+00 -8.168259263038635254e-01 -6.058252602815628052e-02 -1.359056532382965088e-01 7.257993817329406738e-01
1.352235972881317139e-01 8.488594889640808105e-01 9.818297624588012695e-01 -1.797439455986022949e+00 1.042249560356140137e+00 1.283126473426818848e+00 1.608075857162475586e+00 5.224225521087646484e-01
4.560783207416534424e-01 -4.111982583999633789e-01 2.567350864410400391e-01 7.772666215896606445e-01 7.878470420837402344e-01 1.023048162460327148e-02 7.218900918960571289e-01 1.070920154452323914e-01
-4.666044190526008606e-02 6.253078114241361618e-03 -6.316254734992980957e-01 1.376324985176324844e-02 1.184316515922546387e+00 -3.985807895660400391e-01 2.114532589912414551e-01 1.868720501661300659e-01
-1.020635217428207397e-01 -5.231913328170776367e-01 -4.583297967910766602e-01 1.781980097293853760e-01 -1.089174628257751465e+00 1.525622844696044922e+00 3.222989737987518311e-01 9.076738953590393066e-01
-3.728241205215454102e+00 1.685102820396423340e+00 -5.269702672958374023e-01 -2.985152900218963623e-01 -5.980792641639709473e-01 5.707622766494750977e-01 6.271007657051086426e-01 7.856953144073486328e-02
1.698371469974517822e-01 6.234410405158996582e-01 -1.469656378030776978e-01 2.757951915264129639e-01 1.518013000488281250e+00 1.776814311742782593e-01 -3.440417945384979248e-01 1.944081485271453857e-01
2.002648115158081055e+00 -2.596379995346069336e+00 -4.710762202739715576e-01 2.231973171234130859e+00 2.422936409711837769e-01 -1.463871747255325317e-01 -3.692545413970947266e+00 -2.195538394153118134e-02
3.570399999618530273e+00 -6.625850796699523926e-01 1.120559215545654297e+00 9.468210339546203613e-01 -1.335999608039855957e+00 3.710985898971557617e+00 -1.522217839956283569e-01 -2.645452260971069336e+00
-1.843510031700134277e+00 -9.224969148635864258e-01 -1.362696290016174316e+00 -4.877143204212188721e-01 8.015959858894348145e-01 -1.171613812446594238e+00 -8.156018853187561035e-01 -9.781321883201599121e-01
-3.473849296569824219e-01 -2.336054295301437378e-01 -4.002283811569213867e-01 -6.456225514411926270e-01 -2.905746400356292725e-01 4.748163819313049316e-01 -1.153778553009033203e+00 -6.762105226516723633e-01
-2.551565766334533691e-01 2.873480618000030518e-01 3.730657577514648438e+00 3.118381202220916748e-01 -6.072626262903213501e-02 -9.778128862380981445e-01 -7.544104456901550293e-01 -4.372820854187011719e+00
-1.337354302406311035e+00 -9.993575811386108398e-01 -5.372117757797241211e-01 -1.364470005035400391e+00 -1.534415006637573242e+00 -5.020821094512939453e-01 9.977060556411743164e-01 -4.960712045431137085e-02
-5.078730583190917969e+00 1.208534955978393555e+00 -8.712100386619567871e-01 1.042185783386230469e+00 1.018491387367248535e-01 5.606916546821594238e-02 -5.417259335517883301e-01 -2.402157336473464966e-02
-3.087351322174072266e-01 -1.241493225097656250e+00 -1.142045021057128906e+00 -2.047541588544845581e-01 -3.859410881996154785e-01 1.109898686408996582e-01 -1.443003654479980469e+00 -5.810716152191162109e-01
-1.581862330436706543e+00 -8.450970649719238281e-01 -6.553854346275329590e-01 4.564540833234786987e-02 -1.624219119548797607e-02 -1.084147214889526367e+00 -2.632183134555816650e-01 8.208848237991333008e-01
-2.754003107547760010e-01 2.248996347188949585e-01 -5.393549799919128418e-01 9.435791522264480591e-03 1.072471886873245239e-01 -6.724752187728881836e-01 1.558359980583190918e+00 -3.143223226070404053e-01
-1.126054599881172180e-01 3.324293345212936401e-02 3.302447319030761719e+00 -2.939960002899169922e+00 -2.551265001296997070e+00 8.886346220970153809e-02 -3.260039567947387695e+00 4.666380882263183594e+00
6.660404801368713379e-01 1.728457659482955933e-01 -1.872918128967285156e+00 1.409971475601196289e+00 1.650676727294921875e+00 7.258763909339904785e-01 2.273795843124389648e+00 5.251986503601074219e+00
-6.082487702369689941e-01 9.104288369417190552e-02 -3.695451021194458008e-01 -1.827766895294189453e+00 1.036082021892070770e-02 -8.295266628265380859e-01 -3.548829555511474609e-01 2.128079719841480255e-02
-1.303083419799804688e+00 2.462145566940307617e+00 2.562896814197301865e-03 1.414369344711303711e+00 -2.685040950775146484e+00 -8.332386612892150879e-01 -8.541303873062133789e-02 -6.759381294250488281e-01
-2.285929471254348755e-01 6.130836606025695801e-01 -7.257223874330520630e-02 4.387861490249633789e-01 1.350635737180709839e-01 -1.991832703351974487e-01 -3.801547288894653320e-01 -6.844164729118347168e-01
-2.506182491779327393e-01 4.925301969051361084e-01 4.066098928451538086e-01 3.612844467163085938e+00 -5.239369720220565796e-02 1.919763445854187012e+00 -6.892195343971252441e-01 4.783375561237335205e-01
-1.319125741720199585e-01 1.825193405151367188e+00 9.743216633796691895e-01 1.626063138246536255e-01 5.536615848541259766e-01 -1.979881227016448975e-01 7.984796762466430664e-01 -3.819138407707214355e-01
7.669966220855712891e-01 4.372404813766479492e-01 -2.239503383636474609e+00 4.086615085601806641e+00 2.084301471710205078e+00 -6.717462539672851562e-01 1.218453764915466309e+00 6.867997050285339355e-01
7.851627469062805176e-02 2.141329795122146606e-01 4.329162120819091797e+00 5.070789456367492676e-01 1.347820013761520386e-01 1.663392543792724609e+00 1.803744137287139893e-01 5.391414165496826172e-01
-4.748584330081939697e-02 -3.440552055835723877e-01 5.134108066558837891e-01 -2.188510820269584656e-02 -4.253279790282249451e-02 -7.436192631721496582e-01 1.397764325141906738e+00 3.518026590347290039e+00
3.513221979141235352e+00 5.614784732460975647e-02 -2.942588090896606445e+00 -3.940128564834594727e+00 9.560947418212890625e-01 -2.216630458831787109e+00 -4.019587039947509766e+00 -3.213297128677368164e+00
1.116131305694580078e+00 4.797909855842590332e-01 9.551419019699096680e-01 5.122499167919158936e-02 3.647457659244537354e-01 9.972060322761535645e-01 9.447626471519470215e-01 -3.736985921859741211e-01
-3.252002596855163574e-01 -1.895737767219543457e+00 -1.449395418167114258e+00 8.305804729461669922e-01 -9.607795476913452148e-01 -3.911551833152770996e-01 -1.043625831604003906e+00 -3.950379788875579834e-01
-4.866563379764556885e-01 3.585353195667266846e-01 -2.274475395679473877e-01 9.061808139085769653e-02 3.694998100399971008e-02 2.875265479087829590e-01 4.545807838439941406e-01 -7.209046930074691772e-02
-8.423135876655578613e-01 1.931273490190505981e-01 -4.597919285297393799e-01 -9.637031555175781250e-01 -9.081442356109619141e-01 -1.700144052505493164e+00 2.076266109943389893e-01 -5.725530982017517090e-01
2.068216651678085327e-01 3.539082407951354980e-01 -1.989063769578933716e-01 -5.404915213584899902e-01 9.892906546592712402e-01 -1.010330542922019958e-01 5.845083668828010559e-02 2.470631748437881470e-01
-9.492290019989013672e-02 -3.181064844131469727e+00 -1.279081225395202637e+00 9.411670565605163574e-01 -2.472972631454467773e+00 -1.139483809471130371e+00 1.150448620319366455e-02 -2.501859366893768311e-01
-5.746091008186340332e-01 8.518218398094177246e-01 -5.484237670898437500e-01 4.646362066268920898e-01 2.197739481925964355e-01 1.142402291297912598e-01 1.654971241950988770e-01 -4.759720265865325928e-01
2.332997173070907593e-01 -3.577446341514587402e-01 3.895407915115356445e-01 1.073075532913208008e+00 -3.994475364685058594e+00 -1.697543859481811523e-01 -9.160597920417785645e-01 -8.971378207206726074e-01
2.024143934249877930e+00 -1.363557577133178711e+00 -3.143942058086395264e-01 3.028015136718750000e+00 -2.159118503332138062e-01 1.293347477912902832e+00 9.870136976242065430e-01 -1.037737965583801270e+00
6.529552340507507324e-01 1.950789213180541992e+00 -5.284411907196044922e-01 1.995882272720336914e+00 2.523954212665557861e-01 -3.245574951171875000e+00 9.877877682447433472e-02 -1.989023685455322266e+00
5.531669855117797852e-01 8.324638605117797852e-01 4.872568547725677490e-01 6.036366224288940430e-01 -1.555477082729339600e-01 4.675590991973876953e+00 -5.502257347106933594e-01 4.510886669158935547e+00
1.355196118354797363e+00 -6.832507252693176270e-01 2.741127312183380127e-01 -1.878540754318237305e+00 -3.720183372497558594e-01 -1.657258391380310059e+00 5.023156404495239258e-01 -2.437524199485778809e-01
3.283967256546020508e+00 3.509319782257080078e+00 3.253663539886474609e+00 1.218915343284606934e+00 -8.970568180084228516e-01 3.488481640815734863e-01 -1.438617348670959473e+00 3.771041870117187500e+00
-6.237165331840515137e-01 8.097007274627685547e-01 4.317133128643035889e-01 6.893395781517028809e-01 -3.801797330379486084e-02 -3.610974550247192383e-01 2.841239273548126221e-01 6.559809446334838867e-01
9.729967713356018066e-01 1.531670570373535156e+00 -3.352105319499969482e-01 -7.207738161087036133e-01 3.997897505760192871e-01 4.474198818206787109e-01 8.417507410049438477e-01 6.332465410232543945e-01
4.052651226520538330e-01 3.481082320213317871e-01 -2.978340089321136475e-01 2.890943884849548340e-01 -5.927065610885620117e-01 -7.247304916381835938e-02 4.070483744144439697e-01 -3.530428111553192139e-01
-3.542648851871490479e-01 -1.650215312838554382e-02 -9.097936749458312988e-01 9.698682427406311035e-01 3.400993943214416504e-01 -7.463628053665161133e-01 -7.285233139991760254e-01 -1.999595463275909424e-01
2.061815708875656128e-01 -6.250470280647277832e-01 2.386792451143264771e-01 2.825387239456176758e+00 -1.300417542457580566e+00 -6.486389040946960449e-02 -1.110027670860290527e+00 1.110686659812927246e+00
-1.391090869903564453e+00 -8.893946558237075806e-02 -1.389316320419311523e+00 -1.045500278472900391e+00 -3.567083477973937988e-01 -5.799599885940551758e-01 4.125613272190093994e-01 -8.792297840118408203e-01
-1.919722259044647217e-01 3.319443389773368835e-02 4.958753585815429688e-01 -9.512894749641418457e-01 4.244193136692047119e-01 -1.374357491731643677e-01 -8.488112092018127441e-01 -1.828797906637191772e-01
-7.439008951187133789e-01 2.413781881332397461e-01 -3.135789930820465088e-01 -3.747744798660278320e+00 1.120678335428237915e-01 -2.578219175338745117e+00 -3.574669659137725830e-01 -2.670682907104492188e+00
8.300683498382568359e-01 3.078120350837707520e-01 -4.149907827377319336e-02 4.899106323719024658e-01 1.289901375770568848e+00 -2.224642276763916016e+00 2.856288254261016846e-01 4.498400390148162842e-01
1.967798233032226562e+00 2.816337943077087402e-01 1.365958452224731445e+00 -3.523333668708801270e-01 8.237771987915039062e-01 -4.088640689849853516e+00 -5.163063406944274902e-01 7.336786985397338867e-01
1.460282921791076660e+00 4.197715222835540771e-01 8.228585720062255859e-01 4.856094419956207275e-01 2.730594158172607422e+00 -1.256616830825805664e+00 -6.046380400657653809e-01 1.303024649620056152e+00
2.590546570718288422e-02 -1.448814570903778076e-01 -1.200371980667114258e+00 -2.127875536680221558e-01 1.598278999328613281e+00 4.762050807476043701e-01 2.977806568145751953e+00 3.513886332511901855e-01
1.961431145668029785e+00 -2.429823398590087891e+00 1.260207533836364746e+00 -2.307440042495727539e-01 -9.695733338594436646e-02 -3.291838407516479492e+00 -3.608155488967895508e+00 -1.875723481178283691e+00
5.724875330924987793e-01 2.367480039596557617e+00 4.602022647857666016e+00 2.738868951797485352e+00 3.140476703643798828e+00 6.588680148124694824e-01 3.674175500869750977e+00 -1.860519945621490479e-01
-9.026123881340026855e-01 7.225205898284912109e-01 -7.395715266466140747e-02 1.092043519020080566e+00 -1.761307597160339355e+00 -4.997162818908691406e+00 2.347853481769561768e-01 -1.880830645561218262e+00
-4.500329494476318359e+00 -2.164348363876342773e-01 -4.299581944942474365e-01 -1.268517851829528809e+00 -2.070816993713378906e+00 -1.155692860484123230e-01 7.593213021755218506e-02 -5.022750422358512878e-02
-4.678337648510932922e-02 1.002231359481811523e+00 1.706501126289367676e+00 1.028325915336608887e+00 -2.183225631713867188e+00 -1.849888205528259277e+00 1.000832393765449524e-02 -4.205499291419982910e-01
1.902796626091003418e-01 1.151414737105369568e-01 -2.987505495548248291e-01 1.083891987800598145e-01 1.405698210000991821e-01 -1.576028615236282349e-01 -1.612480580806732178e-01 6.609839200973510742e-01
1.564962118864059448e-01 7.526441812515258789e-01 -9.169484972953796387e-01 1.048561453819274902e+00 1.678087115287780762e+00 -2.381658740341663361e-02 2.319023907184600830e-01 3.927271664142608643e-01
