2.418451458215713501e-01
-1.750523895025253296e-01
-3.882249295711517334e-01
-4.414871335029602051e-01
1.527749896049499512e+00
-1.932772994041442871e+00
1.779633611440658569e-01
2.190678147599101067e-03
-1.938375383615493774e-01
-5.536346912384033203e+00
-7.135406732559204102e-01
4.145053029060363770e-01
-5.699846744537353516e-01
-3.208686709403991699e-01
2.453384697437286377e-01
1.619876176118850708e-01
-8.306542038917541504e-01
4.768182754516601562e+00
-1.747650653123855591e-02
5.556629300117492676e-01
-2.653011798858642578e+00
-1.173504948616027832e+00
-1.740312427282333374e-01
5.788142085075378418e-01
-2.648943960666656494e-01
-1.406310081481933594e+00
-9.732506871223449707e-01
4.199369549751281738e-01
1.372029781341552734e+00
-1.798326335847377777e-02
8.996456861495971680e-01
-4.225701466202735901e-02
-9.900619983673095703e-01
5.363264560699462891e+00
-8.115960359573364258e-01
-1.934718132019042969e+00
1.779039025306701660e+00
-1.968337535858154297e+00
1.149810701608657837e-01
-9.789467602968215942e-02
-4.587323665618896484e-01
5.582937598228454590e-02
3.413820564746856689e-01
-6.347410082817077637e-01
-7.576928287744522095e-02
3.834139704704284668e-01
-2.867898643016815186e-01
1.907909750938415527e+00
2.432156085968017578e+00
-7.371812462806701660e-01
-9.226238727569580078e-01
-2.792237997055053711e+00
-6.997371315956115723e-01
-3.048963069915771484e+00
-2.082413673400878906e+00
2.899213135242462158e-01
-7.432410717010498047e-01
-7.494287192821502686e-02
1.487818509340286255e-01
7.056176662445068359e-02
-1.553722739219665527e+00
-1.617596030235290527e+00
5.081281065940856934e-01
-1.509997434914112091e-02
6.366096138954162598e-01
-1.825260519981384277e-01
-3.732289075851440430e+00
5.014032721519470215e-01
2.695888094604015350e-02
-2.790428102016448975e-01
-6.432741880416870117e-02
-9.645739197731018066e-01
-3.108395338058471680e-01
-2.925048768520355225e-01
-5.675055384635925293e-01
3.015935420989990234e-01
7.784314155578613281e-01
-3.864708900451660156e+00
6.379191875457763672e-01
-5.551815032958984375e-01
7.195265889167785645e-01
-1.964331716299057007e-01
4.360850334167480469e+00
1.808408796787261963e-01
-2.805773258209228516e+00
8.005399256944656372e-02
4.482622146606445312e-01
1.401728391647338867e-01
5.655927062034606934e-01
1.005058065056800842e-01
9.186005592346191406e-01
-1.416677981615066528e-01
3.056507706642150879e-01
6.806547194719314575e-02
1.298241853713989258e+00
3.176055848598480225e-01
-2.882736921310424805e-01
6.448320150375366211e-01
-6.218079328536987305e-01
5.214912295341491699e-01
