2.125757373869419098e-02
-1.047925129532814026e-01
-8.936878293752670288e-02
1.608199775218963623e-01
6.888990849256515503e-02
3.050783872604370117e-01
1.325448304414749146e-01
-3.594397753477096558e-02
-4.328088834881782532e-02
7.719703018665313721e-02
1.727553009986877441e-01
-7.123259454965591431e-02
2.693761140108108521e-02
-1.497527807950973511e-01
1.170774400234222412e-01
1.779489964246749878e-02
-6.989730754867196083e-04
-2.237578332424163818e-01
7.610337436199188232e-02
7.338347285985946655e-02
5.673461779952049255e-02
8.648194372653961182e-03
9.960352629423141479e-02
2.830870077013969421e-02
1.460331678390502930e-01
1.552104651927947998e-01
1.108471080660820007e-01
1.504148542881011963e-01
1.380508672446012497e-02
-4.187779873609542847e-02
1.877843439579010010e-01
7.256128359586000443e-03
1.359684765338897705e-01
3.838223591446876526e-02
5.217389203608036041e-03
-6.176719442009925842e-02
1.498033106327056885e-01
8.712375909090042114e-02
1.267471313476562500e-01
8.299516141414642334e-02
2.199770212173461914e-01
-3.277725726366043091e-02
8.024322241544723511e-02
2.813361398875713348e-02
-1.275189500302076340e-02
7.008981704711914062e-02
-5.500204861164093018e-02
3.678822144865989685e-02
1.210599690675735474e-01
-1.081329807639122009e-01
