-2.630563080310821533e-01
-3.214809894561767578e-01
-2.254604101181030273e-01
-9.231741726398468018e-02
-3.132520318031311035e-01
-3.706363141536712646e-01
-3.188533484935760498e-01
-3.375705778598785400e-01
-2.717962861061096191e-01
-2.920840978622436523e-01
-2.211678624153137207e-01
-1.117590144276618958e-01
-2.911663353443145752e-01
-2.300771325826644897e-01
-2.236869186162948608e-01
-3.587483167648315430e-01
-3.537952303886413574e-01
-2.048578560352325439e-01
-2.951862215995788574e-01
-1.802950650453567505e-01
-2.492547780275344849e-01
-4.567992389202117920e-01
-2.878068089485168457e-01
-1.939015090465545654e-01
-2.968824505805969238e-01
-3.277101516723632812e-01
-3.213135898113250732e-01
-4.476755559444427490e-01
-1.154892593622207642e-01
-2.931779026985168457e-01
-4.226053655147552490e-01
-1.792291104793548584e-01
-3.726317882537841797e-01
-2.848858237266540527e-01
-2.787210643291473389e-01
-2.393683344125747681e-01
-2.617859244346618652e-01
-1.223840937018394470e-01
-1.950841248035430908e-01
-2.503590285778045654e-01
-3.398429155349731445e-01
-4.632942080497741699e-01
-2.739069163799285889e-01
-1.273494511842727661e-01
-1.832330375909805298e-01
-2.137342691421508789e-01
-2.921467721462249756e-01
-3.883678317070007324e-01
-2.156901657581329346e-01
-2.443273365497589111e-01
-2.349581271409988403e-01
-2.764126658439636230e-01
-2.154303491115570068e-01
-3.966203927993774414e-01
-1.373478472232818604e-01
-2.171406298875808716e-01
-3.256909549236297607e-01
-4.153362512588500977e-01
-4.001514911651611328e-01
-2.575409412384033203e-01
-3.232108652591705322e-01
-4.832043647766113281e-01
-1.959744840860366821e-01
-3.261888921260833740e-01
-2.379843592643737793e-01
-3.158197999000549316e-01
-2.416290640830993652e-01
-2.502234280109405518e-01
-8.997280150651931763e-02
-1.455109268426895142e-01
-3.719802498817443848e-01
-1.234413757920265198e-01
-3.323259651660919189e-01
-2.084154784679412842e-01
-2.848100662231445312e-01
-2.959338724613189697e-01
-1.647957712411880493e-01
-1.620310097932815552e-01
-3.470210433006286621e-01
-1.876656264066696167e-01
-3.895040452480316162e-01
-3.918818831443786621e-01
-2.450728118419647217e-01
-4.085039496421813965e-01
-4.195524752140045166e-01
-3.638917803764343262e-01
-3.059234917163848877e-01
-3.876580893993377686e-01
-2.049467414617538452e-01
-3.129617273807525635e-01
-1.381006687879562378e-01
-2.630441784858703613e-01
-3.052450716495513916e-01
-2.759218811988830566e-01
-3.695288300514221191e-01
-2.038976252079010010e-01
-2.116922587156295776e-01
-2.715038955211639404e-01
-2.406267076730728149e-01
-2.896577119827270508e-01
-3.435637354850769043e-01
-2.215211838483810425e-01
-2.735518813133239746e-01
-3.482837677001953125e-01
-1.725855022668838501e-01
-2.203513234853744507e-01
-2.587377727031707764e-01
-2.571957111358642578e-01
-3.041678667068481445e-01
-2.627811431884765625e-01
-4.581870138645172119e-01
-3.336826562881469727e-01
-2.328097820281982422e-01
-3.372551500797271729e-01
-2.910237610340118408e-01
-9.746640920639038086e-02
-3.412090539932250977e-01
-3.642399609088897705e-01
-2.487224638462066650e-01
-1.435256302356719971e-01
-2.295219153165817261e-01
-2.576992809772491455e-01
-1.735249012708663940e-01
-2.854083478450775146e-01
-2.890693545341491699e-01
-1.779685318470001221e-01
-2.933897078037261963e-01
-1.214989125728607178e-01
-2.383596748113632202e-01
-2.078101187944412231e-01
-4.103230834007263184e-01
-4.058814346790313721e-01
-2.875773906707763672e-01
-2.934450507164001465e-01
-1.955102235078811646e-01
-2.514585852622985840e-01
-2.642531096935272217e-01
-2.306352704763412476e-01
-3.835338056087493896e-01
-2.787243723869323730e-01
-1.832559257745742798e-01
-3.499709665775299072e-01
-2.768847942352294922e-01
-2.513840794563293457e-01
-1.751351356506347656e-01
-1.230142042040824890e-01
-1.709005534648895264e-01
-1.981149166822433472e-01
-4.409050345420837402e-01
-1.805600076913833618e-01
-2.675337195396423340e-01
-4.415470957756042480e-01
-3.619604110717773438e-01
-4.379621148109436035e-01
-2.309330403804779053e-01
-1.372472494840621948e-01
-1.831804513931274414e-01
-8.621326833963394165e-02
-2.820487022399902344e-01
-1.105875447392463684e-01
-2.756966352462768555e-01
-3.444809317588806152e-01
-3.000440001487731934e-01
-3.905174732208251953e-01
-4.206057190895080566e-01
-1.839547455310821533e-01
-4.175174534320831299e-01
-3.436864912509918213e-01
-2.790743112564086914e-01
-2.562671303749084473e-01
-3.764530420303344727e-01
-3.196236789226531982e-01
-2.850888967514038086e-01
-3.705956041812896729e-01
-2.315574139356613159e-01
-2.606559693813323975e-01
-7.803669571876525879e-02
-2.228106111288070679e-01
-2.703650593757629395e-01
-3.112600743770599365e-01
-1.586843430995941162e-01
6.224618479609489441e-02
-3.849996924400329590e-01
-4.899514615535736084e-01
-3.411571383476257324e-01
-2.091201543807983398e-01
-3.754786849021911621e-01
-2.411822527647018433e-01
-4.473110735416412354e-01
-3.773172497749328613e-01
-2.888797521591186523e-01
-5.141113400459289551e-01
-2.202542424201965332e-01
-3.049017786979675293e-01
-2.970239818096160889e-01
-3.051280081272125244e-01
-5.160529166460037231e-02
-2.423745691776275635e-01
-5.240740776062011719e-01
-3.689971268177032471e-01
