-5.682401061058044434e-01
-3.430520772933959961e+00
-1.094303488731384277e+00
-9.902235865592956543e-01
-6.042671203613281250e-01
-1.970308899879455566e+00
-2.466367483139038086e+00
-1.004963159561157227e+00
-4.396050572395324707e-01
-8.026607632637023926e-01
-1.563098311424255371e+00
-1.265067577362060547e+00
-2.093537807464599609e+00
-6.700614094734191895e-01
-2.342180013656616211e+00
-2.136153936386108398e+00
-4.434958100318908691e-01
-8.613939881324768066e-01
-2.492193222045898438e+00
-2.045524835586547852e+00
-1.710547804832458496e+00
-9.099901914596557617e-01
-8.392186164855957031e-01
-3.503969192504882812e+00
-2.158289194107055664e+00
-7.382923364639282227e-01
-2.024052292108535767e-01
-1.414540290832519531e+00
-1.689637660980224609e+00
-1.906767249107360840e+00
-1.915414482355117798e-01
-2.017187595367431641e+00
-1.513865113258361816e+00
-4.840299487113952637e-01
-1.056176543235778809e+00
-2.438297033309936523e+00
-1.744341135025024414e+00
-1.586454510688781738e+00
5.053427815437316895e-01
-1.611235857009887695e+00
-1.409281849861145020e+00
2.781948447227478027e-01
-2.029328793287277222e-01
-1.128279089927673340e+00
-3.260795772075653076e-01
-3.264897346496582031e+00
-1.713384389877319336e+00
-1.411856532096862793e+00
-1.852655649185180664e+00
-1.265355944633483887e+00
-1.004098773002624512e+00
-3.789381980895996094e-01
-1.967558503150939941e+00
-2.172777652740478516e+00
-2.879409551620483398e+00
-2.548041582107543945e+00
-3.319728136062622070e+00
-9.033348560333251953e-01
-1.395649075508117676e+00
-1.809344530105590820e+00
-7.221702337265014648e-01
-5.690008997917175293e-01
-2.052533626556396484e+00
-3.498457670211791992e+00
-1.331981658935546875e+00
-2.686821222305297852e+00
-1.287557482719421387e+00
-2.527565479278564453e+00
-6.347273588180541992e-01
-3.118413686752319336e+00
-4.960009455680847168e-01
-2.336358308792114258e+00
-8.050962090492248535e-01
6.900449395179748535e-01
-1.464127898216247559e+00
4.358022809028625488e-01
-5.182201862335205078e-01
-8.177241086959838867e-01
-2.076310634613037109e+00
-4.451231360435485840e-01
-8.353115916252136230e-01
8.024938404560089111e-02
-2.623683691024780273e+00
-2.849407494068145752e-01
-9.910615086555480957e-01
-1.283791065216064453e+00
-2.116595983505249023e+00
-1.267883062362670898e+00
-1.636875629425048828e+00
2.919574975967407227e-01
-1.270716190338134766e+00
-1.107521653175354004e+00
-2.176605224609375000e+00
-1.632995128631591797e+00
-1.322906970977783203e+00
-4.429598808288574219e+00
-5.432401895523071289e-01
-9.894417524337768555e-01
-4.529102891683578491e-02
-3.338718712329864502e-01
-2.709954977035522461e+00
-9.043317437171936035e-01
-3.498438000679016113e-01
-2.280204772949218750e+00
-2.548316717147827148e+00
-1.842953681945800781e+00
-1.727979063987731934e+00
-3.971574604511260986e-01
-2.448413133621215820e+00
-2.212941884994506836e+00
-1.886325955390930176e+00
-2.548417568206787109e+00
-2.170238256454467773e+00
-3.514064550399780273e+00
-1.692861080169677734e+00
-1.612228512763977051e+00
-1.413762331008911133e+00
-5.785771608352661133e-01
-1.004048466682434082e+00
-1.847524762153625488e+00
-2.030471324920654297e+00
-7.359884381294250488e-01
-1.658400535583496094e+00
-1.919424057006835938e+00
-3.432911872863769531e+00
-2.073186635971069336e+00
-2.227928876876831055e+00
-2.191271066665649414e+00
-1.567156195640563965e+00
-9.941374063491821289e-01
-2.414351940155029297e+00
-2.294047832489013672e+00
6.879749298095703125e-01
-8.510164618492126465e-01
-3.480045795440673828e+00
-1.954734563827514648e+00
-1.999121189117431641e+00
-1.734536051750183105e+00
-2.012102156877517700e-01
-1.050917148590087891e+00
-2.244575500488281250e+00
-2.939697027206420898e+00
-1.960311383008956909e-01
-8.193845748901367188e-01
-2.163976192474365234e+00
-1.408675789833068848e+00
-2.534536600112915039e+00
-1.676841139793395996e+00
-2.030080080032348633e+00
-2.076987266540527344e+00
-1.166730165481567383e+00
-1.554810762405395508e+00
-3.091144800186157227e+00
1.155044585466384888e-01
2.034567147493362427e-01
2.076068371534347534e-01
-1.633647918701171875e+00
-2.616848945617675781e+00
-9.437831640243530273e-01
-2.098961547017097473e-02
-1.949123859405517578e+00
-3.763995170593261719e+00
-1.728992819786071777e+00
-3.412907719612121582e-01
-2.387218713760375977e+00
-1.450067877769470215e+00
-2.640920162200927734e+00
-2.934414625167846680e+00
-2.963188171386718750e+00
-1.191836357116699219e+00
9.127180576324462891e-01
-2.042023181915283203e+00
-1.700252294540405273e+00
-2.250435352325439453e+00
-9.219056963920593262e-01
-3.291871786117553711e+00
-3.035771608352661133e+00
-1.564721465110778809e+00
-2.006351470947265625e+00
1.671081483364105225e-01
-2.584130525588989258e+00
-1.197105050086975098e+00
-2.193830966949462891e+00
-5.203408002853393555e-01
-6.851624250411987305e-01
-1.016299247741699219e+00
2.715393006801605225e-01
-1.563889741897583008e+00
-1.711669206619262695e+00
2.522123456001281738e-01
-2.547489166259765625e+00
4.398686438798904419e-02
-3.371726036071777344e+00
-1.821472525596618652e+00
-1.898925185203552246e+00
-6.203607320785522461e-01
-2.484399795532226562e+00
-1.238694667816162109e+00
-1.876589775085449219e+00
-1.146467089653015137e+00
-2.141324520111083984e+00
-1.844629794359207153e-01
-1.617364048957824707e+00
-1.857222914695739746e+00
-1.025236368179321289e+00
-1.396660447120666504e+00
-1.350777745246887207e+00
-1.577968239784240723e+00
-1.814986586570739746e+00
-2.158681869506835938e+00
-3.945039510726928711e+00
-3.660345077514648438e-01
-1.810241818428039551e+00
-1.712222456932067871e+00
-2.144879817962646484e+00
-2.877064228057861328e+00
-5.712431669235229492e-01
2.920953631401062012e-01
-2.917179346084594727e+00
-9.610816240310668945e-01
-1.502562522888183594e+00
-2.249890327453613281e+00
-4.618234038352966309e-01
-5.042434930801391602e-01
-2.797457456588745117e+00
-2.070742607116699219e+00
-3.636045753955841064e-01
-2.320855140686035156e+00
-1.650464296340942383e+00
-1.073235273361206055e+00
-1.089363098144531250e+00
-1.692178726196289062e+00
-1.163396596908569336e+00
-2.371515035629272461e+00
-1.731338262557983398e+00
-1.523856639862060547e+00
-2.098611593246459961e+00
-2.355723619461059570e+00
-2.274482488632202148e+00
-2.318941116333007812e+00
-9.094051122665405273e-01
-8.827773332595825195e-01
-1.065547227859497070e+00
-1.666404724121093750e+00
-1.837160468101501465e+00
-1.646055459976196289e+00
-1.537757992744445801e+00
-7.385907769203186035e-01
2.642135601490736008e-03
-1.041570305824279785e+00
-1.130577802658081055e+00
-1.018223047256469727e+00
-3.008871316909790039e+00
-2.071744441986083984e+00
-1.184863805770874023e+00
-1.290378689765930176e+00
-1.054397940635681152e+00
-2.751734733581542969e+00
-1.447718381881713867e+00
-3.479317665100097656e+00
-8.344624638557434082e-01
-9.517580866813659668e-01
-2.343199491500854492e+00
-1.579245209693908691e+00
-9.467685222625732422e-01
-2.132302761077880859e+00
-7.213202714920043945e-01
-1.596119761466979980e+00
-2.388892650604248047e+00
-1.567258715629577637e+00
-1.204662203788757324e+00
-5.898564457893371582e-01
-1.176382422447204590e+00
-9.849267005920410156e-01
-4.234583377838134766e+00
-2.511508941650390625e+00
-2.452567100524902344e+00
-1.900354385375976562e+00
-2.101351737976074219e+00
-2.913623571395874023e+00
-2.852701663970947266e+00
-1.133247852325439453e+00
-2.012232303619384766e+00
-2.248400926589965820e+00
5.423264503479003906e-01
-1.636955022811889648e+00
-3.174561977386474609e+00
-2.671971082687377930e+00
-1.179203867912292480e+00
-3.175241351127624512e-01
-1.541192233562469482e-01
-1.532940119504928589e-01
-6.956472396850585938e-01
-1.954728484153747559e+00
-1.151636600494384766e+00
-2.291284322738647461e+00
-1.152283549308776855e+00
-1.699266791343688965e+00
-1.833071470260620117e+00
-1.505179643630981445e+00
