5.502475053071975708e-02
-6.169466301798820496e-03
-8.265760540962219238e-02
4.743129014968872070e-02
2.633652836084365845e-02
1.071040928363800049e-01
-6.241780519485473633e-02
1.362298727035522461e-01
-2.147371172904968262e-01
-9.710041340440511703e-04
1.595991402864456177e-01
4.442540705204010010e-01
2.034112662076950073e-01
2.009686529636383057e-01
-4.888568818569183350e-02
-1.134247407317161560e-01
-1.148067531175911427e-03
2.888855934143066406e-01
1.497095227241516113e-01
1.933734714984893799e-01
1.577739603817462921e-02
1.574267148971557617e-01
2.247014641761779785e-01
-2.683782577514648438e-02
8.541878312826156616e-02
2.494370043277740479e-01
1.737798154354095459e-01
1.021522209048271179e-01
3.066693805158138275e-02
2.589225769042968750e-01
