-5.403205752372741699e-02
-2.413769066333770752e-02
-5.754392966628074646e-02
-6.244838237762451172e-02
4.521067813038825989e-02
-9.752556681632995605e-03
3.529327735304832458e-02
-7.833151519298553467e-02
1.433556806296110153e-02
8.234730362892150879e-02
1.843642629683017731e-02
4.045262560248374939e-02
-1.639591529965400696e-02
-3.736406192183494568e-02
6.666891276836395264e-02
1.411926560103893280e-02
-3.386293351650238037e-02
-3.986548259854316711e-02
-1.032241154462099075e-02
6.169695407152175903e-03
1.817113161087036133e-02
-3.320451825857162476e-02
8.990585058927536011e-02
8.555477857589721680e-02
1.270168460905551910e-02
1.860780757851898670e-03
8.467261493206024170e-02
4.933292046189308167e-02
-6.680792197585105896e-03
-1.554984226822853088e-02
-4.077935591340065002e-02
-3.738813474774360657e-02
7.894746214151382446e-02
-2.266897447407245636e-02
-7.386291772127151489e-02
5.357358604669570923e-02
2.371061127632856369e-03
-2.400985732674598694e-02
-1.694667711853981018e-02
9.908582083880901337e-03
5.652629956603050232e-02
5.872072279453277588e-02
4.879375547170639038e-02
-1.972622610628604889e-02
4.868305847048759460e-02
-2.907841466367244720e-02
5.309859290719032288e-02
5.705164000391960144e-02
1.448275148868560791e-02
1.357524306513369083e-03
-7.529697567224502563e-02
-2.211700752377510071e-02
9.772449731826782227e-02
-2.283280482515692711e-03
-4.794392734766006470e-03
9.471834450960159302e-02
-4.481745883822441101e-02
-1.100692003965377808e-01
6.239879503846168518e-02
-4.689943417906761169e-02
4.534852877259254456e-02
-6.570836156606674194e-02
3.744490072131156921e-02
6.014801189303398132e-02
7.755503803491592407e-02
4.604304209351539612e-02
2.395058795809745789e-02
-4.677886143326759338e-02
1.141297165304422379e-02
-2.029517665505409241e-02
-6.668449193239212036e-02
-2.110192365944385529e-02
7.742291782051324844e-03
4.686862230300903320e-02
4.577641561627388000e-02
2.812347374856472015e-03
-8.805577643215656281e-03
2.531635574996471405e-02
6.533331423997879028e-02
1.243214495480060577e-02
6.025193631649017334e-02
8.208652585744857788e-02
3.937295451760292053e-02
6.003405526280403137e-02
2.980490215122699738e-02
-2.819445170462131500e-02
9.057155996561050415e-02
4.588567093014717102e-02
8.068421483039855957e-02
1.118261665105819702e-01
-3.491389006376266479e-02
2.784498967230319977e-02
5.643743276596069336e-02
8.633639663457870483e-02
-8.954304456710815430e-02
-4.085872694849967957e-02
2.348562143743038177e-02
1.937866024672985077e-02
6.869641132652759552e-03
3.334633633494377136e-02
4.685266874730587006e-03
5.781028792262077332e-02
2.270374912768602371e-03
1.127735362388193607e-03
3.163900226354598999e-02
7.918010465800762177e-03
-4.879258340224623680e-04
-2.516517415642738342e-02
5.110961198806762695e-02
2.028280496597290039e-02
-2.984747756272554398e-03
6.070278957486152649e-02
-4.860684648156166077e-02
8.033532649278640747e-03
-5.805825069546699524e-02
6.425562500953674316e-02
-9.540377557277679443e-02
2.697809785604476929e-02
2.408852800726890564e-02
-5.445205420255661011e-02
4.929989576339721680e-02
1.016712859272956848e-01
3.634242806583642960e-03
-4.996566474437713623e-02
7.594647258520126343e-02
9.225743263959884644e-02
-8.243878185749053955e-02
-7.611509645357728004e-04
5.760350078344345093e-02
-7.309556752443313599e-02
-3.643655404448509216e-02
1.131671248003840446e-03
-2.359416149556636810e-02
7.536468654870986938e-02
3.130901977419853210e-02
1.005731821060180664e-01
-7.566086947917938232e-03
6.780961155891418457e-02
6.123567372560501099e-02
7.536990195512771606e-02
5.015303567051887512e-02
7.568486779928207397e-02
2.765333838760852814e-02
3.290789434686303139e-03
-8.467556326650083065e-04
3.022094257175922394e-02
-3.165919333696365356e-02
-1.236170604825019836e-01
1.163306087255477905e-02
-5.793863441795110703e-03
