-3.880858048796653748e-02
2.044636942446231842e-02
1.251882966607809067e-02
-3.200065717101097107e-02
9.819931350648403168e-03
9.945474565029144287e-03
1.523588504642248154e-02
1.817112974822521210e-02
-8.370694704353809357e-03
1.574585400521755219e-02
-7.075311616063117981e-03
3.792614117264747620e-02
-1.318070921115577221e-03
7.466116454452276230e-03
-1.615794748067855835e-02
1.135756727308034897e-02
1.215916476212441921e-03
9.160505607724189758e-03
-4.766395315527915955e-02
1.578418724238872528e-02
-4.059669747948646545e-02
9.072951972484588623e-03
8.926527947187423706e-02
1.451614592224359512e-02
-6.528842449188232422e-02
6.153045222163200378e-03
-1.849351916462182999e-03
-3.411247208714485168e-02
5.155711621046066284e-02
-2.877668663859367371e-02
3.841309621930122375e-02
3.914226591587066650e-02
-1.357147237285971642e-03
-4.162782058119773865e-02
-7.835947722196578979e-02
1.131011545658111572e-02
-4.260763898491859436e-02
1.526107080280780792e-02
-8.179217693395912647e-04
2.796014212071895599e-02
-3.999691829085350037e-02
2.914483286440372467e-02
-2.219835482537746429e-02
2.143461443483829498e-02
-1.276202034205198288e-02
2.304975874722003937e-02
4.079163074493408203e-02
2.128673344850540161e-02
-6.205447018146514893e-02
1.480404008179903030e-02
-5.616365000605583191e-02
8.143968880176544189e-02
-4.432829841971397400e-02
-1.001183874905109406e-02
1.857680827379226685e-02
3.489715233445167542e-02
5.284425988793373108e-02
5.519579350948333740e-02
3.517933562397956848e-02
-7.565399166196584702e-03
8.550091832876205444e-02
-3.314783331006765366e-03
1.045345608144998550e-02
2.591065131127834320e-02
1.062274444848299026e-02
3.096389956772327423e-02
3.024479083251208067e-04
-3.032902069389820099e-02
-1.684001646935939789e-02
-1.720485463738441467e-02
-2.480717189610004425e-02
-3.807488083839416504e-02
5.034808441996574402e-02
2.719823829829692841e-02
-2.449282631278038025e-02
-5.482613295316696167e-02
1.143819931894540787e-02
7.130954880267381668e-03
3.849880769848823547e-02
-1.776862889528274536e-02
4.032935574650764465e-02
-5.169285461306571960e-02
2.764762751758098602e-02
9.191716462373733521e-02
-2.915894379839301109e-03
2.525380626320838928e-02
1.131077017635107040e-02
3.810997307300567627e-02
-4.876347258687019348e-03
6.246377527713775635e-02
6.382729113101959229e-02
-5.847963318228721619e-02
5.021060258150100708e-02
7.989636808633804321e-02
2.354617044329643250e-02
-8.619154803454875946e-03
2.390687912702560425e-02
2.314951829612255096e-02
6.645568646490573883e-03
1.391889899969100952e-02
-1.367319282144308090e-02
-5.293245613574981689e-02
5.579006392508745193e-03
-3.823760151863098145e-02
1.444085873663425446e-02
-1.005632337182760239e-02
1.257038395851850510e-02
2.142785117030143738e-02
-5.630515888333320618e-02
-2.820499241352081299e-03
6.063517066650092602e-04
-5.653489381074905396e-03
1.341427583247423172e-02
-2.314901677891612053e-03
1.987579837441444397e-02
5.692077428102493286e-02
-3.767519444227218628e-02
-5.923162214457988739e-03
-1.198727730661630630e-02
1.401716563850641251e-02
-3.648350760340690613e-02
-7.027952373027801514e-02
6.693094223737716675e-02
-2.050064317882061005e-02
-4.508595913648605347e-02
2.122976817190647125e-02
1.333573483861982822e-03
6.435472983866930008e-03
-4.976474493741989136e-02
-3.087252937257289886e-02
-3.209365531802177429e-02
-1.397773064672946930e-02
-6.648052018135786057e-03
1.887736655771732330e-02
1.718181557953357697e-02
-1.870466209948062897e-02
-2.378334291279315948e-02
7.196947187185287476e-02
3.172738477587699890e-02
5.623294506222009659e-03
2.008612733334302902e-03
-4.561530891805887222e-03
2.554373443126678467e-02
1.703574694693088531e-02
-2.810292132198810577e-02
2.219165675342082977e-02
-3.349725157022476196e-02
-6.974105536937713623e-02
1.613671332597732544e-02
-2.413462102413177490e-02
2.259587123990058899e-02
1.133880168199539185e-01
4.262929782271385193e-02
-4.038836807012557983e-02
-8.582221716642379761e-02
1.631898991763591766e-02
-7.598910480737686157e-02
2.063494361937046051e-02
1.007811352610588074e-02
-1.090445648878812790e-02
4.134366288781166077e-03
-2.230662154033780098e-03
2.777186408638954163e-02
7.543855905532836914e-02
7.182738743722438812e-03
2.053252421319484711e-02
-3.413364058360457420e-03
4.288648255169391632e-03
-2.932863496243953705e-02
-3.217129781842231750e-02
5.937534943222999573e-02
4.947056248784065247e-02
-2.282518520951271057e-02
-1.763199828565120697e-02
-1.955169811844825745e-02
6.107057258486747742e-02
1.896588690578937531e-02
6.341983564198017120e-03
2.979700639843940735e-02
-6.899344921112060547e-02
-4.824068769812583923e-02
-4.719009995460510254e-02
3.124277805909514427e-03
1.583089493215084076e-02
1.077759731560945511e-02
8.116845041513442993e-03
1.044694613665342331e-02
-1.807888410985469818e-02
1.436047069728374481e-02
2.636897377669811249e-02
-7.003721594810485840e-02
-2.623593807220458984e-02
6.182146724313497543e-03
-4.445912316441535950e-02
6.756304204463958740e-02
2.325485274195671082e-02
-1.302667148411273956e-02
2.268426306545734406e-02
6.682129204273223877e-02
-9.214743971824645996e-03
-3.310237824916839600e-02
9.420025348663330078e-02
-3.119301609694957733e-02
9.475892409682273865e-03
3.249293938279151917e-02
-4.157206788659095764e-02
2.726669423282146454e-02
-2.351819165050983429e-02
-5.283455247990787029e-04
-4.791922401636838913e-03
-1.470249611884355545e-02
-4.905573092401027679e-03
3.970475867390632629e-02
2.035011164844036102e-02
-4.423112049698829651e-02
3.109411522746086121e-02
-2.372028306126594543e-02
1.419785711914300919e-02
2.180521376430988312e-02
2.523315884172916412e-02
-1.186750549823045731e-02
4.754730034619569778e-03
5.076880333945155144e-04
4.381895437836647034e-02
-8.876096457242965698e-03
4.214630275964736938e-02
-3.215697035193443298e-02
1.407878194004297256e-02
4.688959568738937378e-03
-3.270231187343597412e-02
5.294834822416305542e-02
-3.443460538983345032e-02
-8.969111368060112000e-03
3.538914397358894348e-02
-1.406638771295547485e-01
-3.868334367871284485e-02
-3.010552562773227692e-02
2.106237225234508514e-02
-3.810380026698112488e-02
3.199457377195358276e-02
-4.358349367976188660e-02
-5.354554392397403717e-03
6.043863296508789062e-02
4.144344478845596313e-02
1.183076389133930206e-02
-2.750883344560861588e-03
8.237525075674057007e-02
-3.665806027129292488e-03
2.276911772787570953e-02
-2.477585896849632263e-02
1.565620303153991699e-02
-1.088549941778182983e-02
-6.560613960027694702e-02
1.914812810719013214e-02
-7.494854740798473358e-03
-1.039390219375491142e-03
7.151944935321807861e-02
2.760697528719902039e-02
4.793096333742141724e-02
1.217775121331214905e-01
-5.108582973480224609e-02
5.819129757583141327e-03
-8.873596787452697754e-02
-2.867009025067090988e-03
4.740485921502113342e-03
6.291962414979934692e-02
-2.257867343723773956e-02
4.711311310529708862e-02
-7.307706773281097412e-02
1.788772828876972198e-02
-3.863842692226171494e-03
4.893157258629798889e-02
-3.261212259531021118e-02
-5.488802678883075714e-03
-1.710101962089538574e-02
4.253103956580162048e-02
1.473187934607267380e-02
5.948109179735183716e-02
8.832012116909027100e-02
2.053183875977993011e-02
-3.446251899003982544e-02
2.940331026911735535e-02
-6.926754955202341080e-03
2.813091874122619629e-02
6.662534922361373901e-02
4.384020343422889709e-02
-3.296217694878578186e-02
-1.140882819890975952e-02
7.570397108793258667e-02
3.785530338063836098e-03
3.519282117486000061e-02
-1.591708697378635406e-02
-6.792861968278884888e-02
-1.736465282738208771e-02
2.625955268740653992e-02
1.579721085727214813e-02
4.305336251854896545e-02
1.428094413131475449e-02
2.007124945521354675e-02
-2.308135665953159332e-02
