1.889237314462661743e-01
6.761955469846725464e-02
-1.660029739141464233e-01
-4.401444271206855774e-02
3.551212325692176819e-02
1.231491789221763611e-01
3.060370087623596191e-01
9.994875639677047729e-02
-5.927269533276557922e-02
2.501690387725830078e-01
-6.129829958081245422e-02
-6.979792565107345581e-02
8.846584707498550415e-02
2.303834259510040283e-02
4.491892829537391663e-02
1.249147802591323853e-01
4.968001693487167358e-02
1.784932315349578857e-01
4.395163431763648987e-02
2.055282592773437500e-01
-8.435796946287155151e-02
-2.367666922509670258e-02
2.400444895029067993e-01
7.149805873632431030e-02
2.271136045455932617e-01
1.359226405620574951e-01
1.910160034894943237e-01
-2.541903853416442871e-01
1.991976648569107056e-01
-6.886766105890274048e-02
