7.446290925145149231e-03
2.643826883286237717e-03
6.070514023303985596e-02
-4.137295298278331757e-03
1.459802128374576569e-02
-6.900189071893692017e-02
-4.391708970069885254e-02
6.564185023307800293e-02
-1.905679889023303986e-02
7.575625181198120117e-02
-6.119430810213088989e-02
6.056477501988410950e-02
3.795569017529487610e-02
-1.894503645598888397e-02
4.047130234539508820e-03
1.808130927383899689e-02
-1.211501378566026688e-02
-1.215304210782051086e-01
1.420017890632152557e-02
-1.849376037716865540e-02
-2.402716688811779022e-02
1.472632773220539093e-02
6.991335190832614899e-03
-1.429411489516496658e-02
4.038546700030565262e-03
2.225403673946857452e-02
-2.535334415733814240e-02
7.596407551318407059e-03
-4.162599891424179077e-02
-5.398738384246826172e-02
4.615283757448196411e-02
-3.377841785550117493e-02
1.610966026782989502e-02
9.064318728633224964e-04
3.463634289801120758e-03
1.057596877217292786e-03
-1.268484536558389664e-02
-6.255037616938352585e-03
1.813562773168087006e-02
1.508589368313550949e-02
-8.314277976751327515e-03
3.510806942358613014e-03
-4.747333750128746033e-02
1.357446610927581787e-02
2.371932938694953918e-02
1.319740153849124908e-02
1.919492706656455994e-02
1.722627505660057068e-02
1.158560533076524734e-02
2.365354448556900024e-02
-3.414394333958625793e-02
3.393588587641716003e-02
2.706622180994600058e-04
4.560212418437004089e-02
-2.843708731234073639e-02
-6.180861592292785645e-02
3.118750639259815216e-03
-3.073352761566638947e-02
5.267019569873809814e-02
-4.036576300859451294e-02
2.804706245660781860e-02
6.783378776162862778e-03
1.214704941958189011e-02
5.483449622988700867e-02
1.226588618010282516e-02
-7.838772237300872803e-02
5.030844360589981079e-02
3.188820928335189819e-02
7.715387642383575439e-02
-3.557549789547920227e-02
3.885521739721298218e-02
-3.826270252466201782e-02
1.297956518828868866e-02
3.226106986403465271e-02
-3.006746806204319000e-02
-3.289900347590446472e-02
4.138512164354324341e-02
3.748279809951782227e-02
4.948880895972251892e-02
-7.389789819717407227e-02
5.594617221504449844e-03
-2.808509021997451782e-02
7.056714966893196106e-03
2.296144521096721292e-04
-1.083259377628564835e-02
2.129818871617317200e-02
3.018725896254181862e-03
4.601312056183815002e-02
2.808051928877830505e-02
3.502633050084114075e-02
-3.180403634905815125e-02
5.376974120736122131e-02
3.854351118206977844e-02
7.730823755264282227e-02
-2.304197289049625397e-02
4.111189395189285278e-02
6.150301918387413025e-02
2.609753422439098358e-02
5.740938708186149597e-03
-2.281374065205454826e-03
3.355645015835762024e-02
-1.675779744982719421e-02
5.285172164440155029e-02
-3.740935027599334717e-02
-4.474737122654914856e-02
3.772436827421188354e-02
6.972071528434753418e-02
-1.566872186958789825e-02
1.527763716876506805e-02
-2.641221322119235992e-02
-5.910955369472503662e-02
-9.513562545180320740e-03
-2.657014876604080200e-02
2.057646634057164192e-03
-3.978246077895164490e-02
-2.232411690056324005e-02
1.431615464389324188e-02
5.717540159821510315e-03
-9.416171349585056305e-03
-1.022202707827091217e-02
3.507610037922859192e-02
-1.350000966340303421e-02
-5.521030351519584656e-02
-3.191917762160301208e-02
4.231384955346584320e-03
5.811276659369468689e-02
6.697884760797023773e-03
-2.593530528247356415e-02
4.929270362481474876e-04
4.160601273179054260e-02
-6.892778724431991577e-02
8.364048600196838379e-02
4.620210826396942139e-02
-9.017878770828247070e-02
-1.714936457574367523e-02
7.808037917129695415e-04
-1.262049749493598938e-02
-1.593349874019622803e-02
2.855521161109209061e-03
3.590896725654602051e-02
2.130581997334957123e-02
-3.779257461428642273e-02
7.033722009509801865e-03
4.970913752913475037e-02
1.227539777755737305e-02
2.746687270700931549e-02
8.297546766698360443e-03
-3.670198097825050354e-02
5.453201010823249817e-02
1.718297228217124939e-02
7.035923749208450317e-02
1.861271075904369354e-02
-2.245189249515533447e-02
8.275385946035385132e-03
5.009838566184043884e-02
-6.339758634567260742e-02
-4.165983572602272034e-02
-4.631498083472251892e-02
5.200646817684173584e-02
8.873156621120870113e-04
-3.098754584789276123e-02
-1.812687143683433533e-02
-1.359564345329999924e-02
4.270913079380989075e-02
2.425284497439861298e-02
-4.406475462019443512e-03
-4.331408068537712097e-02
-1.011652685701847076e-02
-6.872738152742385864e-02
2.721581980586051941e-02
1.328029669821262360e-02
-2.408140525221824646e-02
2.496747672557830811e-02
-1.186029091477394104e-01
4.521193727850914001e-02
5.358003079891204834e-03
1.647267863154411316e-02
-4.343721270561218262e-02
-1.110911183059215546e-02
-1.304379198700189590e-02
6.106133759021759033e-02
-2.734547294676303864e-02
-5.079250410199165344e-02
1.198629476130008698e-02
-1.256988383829593658e-02
-7.535596936941146851e-02
-5.142454057931900024e-03
1.130215730518102646e-02
-5.037493631243705750e-02
-8.671512827277183533e-03
1.211877606692723930e-04
-2.572963712736964226e-03
-7.683102786540985107e-02
-1.731033995747566223e-02
-5.505198240280151367e-02
3.845864534378051758e-02
-1.978279277682304382e-02
-3.072268702089786530e-02
1.499808486551046371e-02
-1.521361526101827621e-02
1.120404228568077087e-01
-2.404291369020938873e-02
6.131105870008468628e-02
-4.638970270752906799e-02
-2.570294030010700226e-02
-1.103733386844396591e-02
-2.959329402074217796e-03
9.105655364692211151e-03
-5.964361596852540970e-03
4.756090044975280762e-02
5.318283662199974060e-02
2.197052538394927979e-02
-2.894529700279235840e-02
9.689119644463062286e-03
1.464221999049186707e-02
1.722109131515026093e-02
1.463796105235815048e-02
-4.553180932998657227e-02
1.853988319635391235e-02
1.536201592534780502e-02
7.658071070909500122e-02
1.905075274407863617e-02
-1.345350034534931183e-02
1.157926395535469055e-02
-5.577401816844940186e-02
-3.505502641201019287e-02
1.947911083698272705e-02
-6.128772348165512085e-02
-3.237702697515487671e-02
2.396822907030582428e-02
-9.778530336916446686e-03
-4.170984902884811163e-04
-1.260621473193168640e-02
5.144795030355453491e-02
-1.888046157546341419e-03
-3.412942960858345032e-02
3.668820485472679138e-02
-6.055506318807601929e-02
3.025225736200809479e-02
8.697123266756534576e-03
5.016598850488662720e-02
1.660257577896118164e-02
-8.340799808502197266e-02
-6.774105876684188843e-02
3.083025291562080383e-02
1.961810886859893799e-02
-3.568601235747337341e-02
1.565176248550415039e-02
1.070217136293649673e-02
8.068734407424926758e-02
3.419465944170951843e-02
-8.797257207334041595e-03
2.402052842080593109e-02
2.585680224001407623e-02
1.552574802190065384e-02
3.336430713534355164e-02
-2.166946604847908020e-02
2.699142321944236755e-02
-1.247154921293258667e-02
-2.540300041437149048e-02
2.055051736533641815e-02
6.885958462953567505e-02
-5.730460584163665771e-02
-1.696355268359184265e-02
2.085468173027038574e-02
-1.484549511224031448e-02
2.870160527527332306e-02
-2.994823828339576721e-02
7.870836183428764343e-03
4.978504776954650879e-02
2.049748413264751434e-02
-8.615750819444656372e-03
-5.045231431722640991e-02
1.281363889575004578e-02
2.624188363552093506e-02
2.636981755495071411e-02
4.476653784513473511e-02
-4.290124401450157166e-02
-3.827520087361335754e-02
-6.357263028621673584e-02
2.828247658908367157e-02
-2.889056131243705750e-02
7.900317758321762085e-02
1.652595400810241699e-02
-9.108880534768104553e-03
-5.451341718435287476e-02
-7.470964640378952026e-02
-5.614953115582466125e-04
-1.152813807129859924e-02
-3.639833629131317139e-02
6.238644942641258240e-02
-7.053836435079574585e-02
-5.374019965529441833e-02
4.453989490866661072e-02
-2.813110686838626862e-02
6.059668958187103271e-02
-9.180318564176559448e-03
-2.590272016823291779e-02
-3.824918717145919800e-02
3.305113315582275391e-02
