-1.199296265840530396e-01
-9.109837561845779419e-02
-1.997431516647338867e-01
-6.077003851532936096e-02
-8.992500603199005127e-02
-8.142959326505661011e-02
-1.214140951633453369e-01
-1.332349032163619995e-01
-1.568968594074249268e-01
-9.941863268613815308e-02
-1.536191552877426147e-01
-1.443912386894226074e-01
-1.432873904705047607e-01
-2.027274668216705322e-01
-2.278191298246383667e-01
-1.595781594514846802e-01
-1.962403357028961182e-01
-1.655868291854858398e-01
-1.336893588304519653e-01
-1.700319647789001465e-01
-9.088219702243804932e-02
-1.699025332927703857e-01
-1.021235436201095581e-01
-8.153875917196273804e-02
-5.878514051437377930e-02
-1.064616367220878601e-01
-1.545640081167221069e-01
-1.306041032075881958e-01
-1.028596460819244385e-01
-1.329894214868545532e-01
-5.331540852785110474e-02
-9.093970060348510742e-02
-1.809036880731582642e-01
-7.121562957763671875e-02
-1.277334690093994141e-01
-1.578136086463928223e-01
-1.461417078971862793e-01
-3.845558688044548035e-02
-1.848096996545791626e-01
-1.014259979128837585e-01
-1.032314449548721313e-01
-1.065969094634056091e-01
-1.304432004690170288e-01
-1.066080182790756226e-01
-1.702604591846466064e-01
-1.842491924762725830e-01
-1.411039531230926514e-01
-1.821715831756591797e-01
-1.055558398365974426e-01
-1.967892199754714966e-01
-4.973964393138885498e-02
-1.486032307147979736e-01
-1.127552762627601624e-01
-1.711340099573135376e-01
-3.211705386638641357e-02
-2.129281312227249146e-01
-1.108109205961227417e-01
-2.058420777320861816e-01
-9.641499072313308716e-02
-1.869661062955856323e-01
-1.003698930144309998e-01
-3.471194580197334290e-02
-8.482483029365539551e-02
-7.731025665998458862e-02
-1.796429604291915894e-01
-1.028534695506095886e-01
-6.515817344188690186e-02
-1.952124387025833130e-01
-1.039057075977325439e-01
-1.102401763200759888e-01
-7.269942760467529297e-02
-1.304953396320343018e-01
-7.091816514730453491e-02
-1.354174017906188965e-01
-1.170261800289154053e-01
-1.071145981550216675e-01
-1.307201087474822998e-01
-3.693445771932601929e-02
-1.600947231054306030e-01
-1.578001827001571655e-01
-9.348763525485992432e-02
-7.554697245359420776e-02
-1.317649483680725098e-01
-1.598467230796813965e-01
-1.380123496055603027e-01
-2.600197121500968933e-02
-6.941779702901840210e-02
-1.451520025730133057e-01
-8.757918328046798706e-02
-9.843841195106506348e-02
-5.620992183685302734e-02
-9.829562157392501831e-02
-3.002026677131652832e-02
-7.720567286014556885e-02
-4.365635290741920471e-02
-2.192254960536956787e-01
-1.374551951885223389e-01
-1.515690684318542480e-01
-1.075020581483840942e-01
-8.708539605140686035e-02
-7.582265883684158325e-02
-7.117257267236709595e-02
-1.736018508672714233e-01
-1.246073991060256958e-01
-1.306280642747879028e-01
-4.856345057487487793e-02
-1.730926185846328735e-01
-1.332794129848480225e-01
-1.240669190883636475e-01
-1.561794430017471313e-01
-9.024698287248611450e-02
-1.680585741996765137e-01
-5.679342150688171387e-02
-5.037229880690574646e-02
-1.806984245777130127e-01
-7.282137870788574219e-02
-1.989845037460327148e-01
-5.989281833171844482e-02
-9.257458895444869995e-02
-7.717423886060714722e-02
-6.641317158937454224e-02
-1.577765494585037231e-01
-1.206025183200836182e-01
-6.471357494592666626e-02
-4.403028264641761780e-02
-1.148744374513626099e-01
-2.793417125940322876e-02
-5.415672808885574341e-02
-9.349097311496734619e-02
-1.969309896230697632e-01
-4.424198344349861145e-02
-1.133131012320518494e-01
-4.879283159971237183e-02
-4.649846348911523819e-03
-9.853034466505050659e-02
-2.423495613038539886e-02
-1.432247906923294067e-01
-1.020401045680046082e-01
-1.568513065576553345e-01
-8.758409321308135986e-02
-9.343983232975006104e-02
-1.741067022085189819e-01
-5.006508901715278625e-02
-1.044131070375442505e-01
-1.278615593910217285e-01
-1.765306890010833740e-01
-5.225599184632301331e-02
-1.747150719165802002e-01
-1.278164237737655640e-01
-4.912924021482467651e-02
-1.270516812801361084e-01
-1.170939952135086060e-01
-7.724694162607192993e-02
-9.691365063190460205e-02
-1.001633480191230774e-01
-1.311107426881790161e-01
-1.905938684940338135e-01
-1.010741516947746277e-01
-4.965704306960105896e-02
-1.101221144199371338e-01
-1.812790185213088989e-01
-1.719706505537033081e-01
-1.261966377496719360e-01
-1.481513082981109619e-01
-7.307976484298706055e-02
-1.481221467256546021e-01
-1.358624361455440521e-02
-7.654589414596557617e-02
-4.507844150066375732e-02
-7.023909687995910645e-02
-1.906149685382843018e-01
-1.177255809307098389e-01
-1.876981705427169800e-01
-6.552693992853164673e-02
-1.974550485610961914e-01
-1.357614994049072266e-01
-1.624228060245513916e-01
-7.079693675041198730e-02
-1.753343492746353149e-01
-1.688924431800842285e-01
-7.561624795198440552e-02
-1.301085948944091797e-01
-1.428450047969818115e-01
-8.022883534431457520e-02
-8.818465471267700195e-02
-8.268016576766967773e-02
-3.715938702225685120e-02
-1.064460650086402893e-01
-5.320686846971511841e-02
-7.795020192861557007e-02
-1.347823143005371094e-01
-1.701253950595855713e-01
-9.542350471019744873e-02
-4.306525737047195435e-02
-8.598496019840240479e-02
-1.574468463659286499e-01
-6.067502126097679138e-02
-2.892205305397510529e-02
-8.528558164834976196e-02
-1.647363305091857910e-01
-1.126091703772544861e-01
-8.869189023971557617e-02
-1.676292717456817627e-01
-2.994070202112197876e-02
-8.753126859664916992e-02
-1.250389069318771362e-01
-1.476386785507202148e-01
-8.437299728393554688e-02
-1.512858122587203979e-01
-1.100412607192993164e-01
-1.450914144515991211e-01
-5.181211978197097778e-02
-9.427735954523086548e-02
-7.223031669855117798e-02
-8.270712941884994507e-02
-7.179080694913864136e-02
-1.413850635290145874e-01
-1.023682802915573120e-01
-1.680656522512435913e-01
-1.715002208948135376e-01
-1.291341483592987061e-01
-5.953487753868103027e-02
-1.792401373386383057e-01
-1.208862438797950745e-01
-1.391702741384506226e-01
-5.271946638822555542e-02
-9.961198270320892334e-02
-6.946411728858947754e-02
-1.833781152963638306e-01
-1.079279184341430664e-01
-6.189026683568954468e-02
-1.732702851295471191e-01
-2.395808845758438110e-01
-1.672605425119400024e-01
-5.357131361961364746e-02
-1.658737510442733765e-01
-1.205572485923767090e-01
-9.820673614740371704e-02
-1.974869221448898315e-01
-1.800906956195831299e-01
-6.073895469307899475e-02
-1.010170951485633850e-01
-8.100386708974838257e-02
-1.831559091806411743e-01
-5.142263695597648621e-02
-1.779278665781021118e-01
-1.371599882841110229e-01
-2.016935497522354126e-01
-1.403614729642868042e-01
-1.725822687149047852e-01
-9.306073933839797974e-02
-1.934206038713455200e-01
-1.007114052772521973e-01
-1.100075766444206238e-01
-1.379963308572769165e-01
-1.814603954553604126e-01
-9.296027570962905884e-02
-1.557106673717498779e-01
-1.461002826690673828e-01
-7.939484715461730957e-02
-3.486833721399307251e-02
-9.501674026250839233e-02
-1.217221021652221680e-01
-1.395388692617416382e-01
-1.100429594516754150e-01
-1.883454620838165283e-01
-8.961976319551467896e-02
-1.694332957267761230e-01
-1.951899677515029907e-01
-1.194906607270240784e-01
-4.009269177913665771e-02
-1.403302550315856934e-01
-1.467032581567764282e-01
-1.554932892322540283e-01
-1.988185793161392212e-01
-1.048655286431312561e-01
-1.126857176423072815e-01
-1.060158610343933105e-01
-1.392987519502639771e-01
-1.264987587928771973e-01
-8.626810461282730103e-02
-1.288388073444366455e-01
-1.225541755557060242e-01
-2.357778511941432953e-02
-6.450820714235305786e-02
-1.709038764238357544e-01
-1.993021219968795776e-01
-1.503628194332122803e-01
-8.486950397491455078e-02
-7.031019032001495361e-02
-7.778313755989074707e-02
-8.203374594449996948e-02
-1.414930671453475952e-01
-8.845717459917068481e-02
-1.203692108392715454e-01
-1.460429728031158447e-01
-1.411964744329452515e-01
-7.946842908859252930e-02
-1.453222036361694336e-01
-2.006050944328308105e-01
