3.708218038082122803e-02
3.975490108132362366e-02
-7.320893555879592896e-02
-4.847919940948486328e-02
1.550544518977403641e-02
-1.126618403941392899e-02
2.081284485757350922e-02
-2.626184187829494476e-02
2.285007201135158539e-02
3.198965638875961304e-02
4.352515190839767456e-02
7.039379328489303589e-02
-1.656174100935459137e-02
7.618338614702224731e-02
1.861103251576423645e-02
-1.532957702875137329e-02
-1.978142373263835907e-02
2.256864495575428009e-02
8.396177738904953003e-02
2.283540926873683929e-02
4.153998568654060364e-03
6.280167959630489349e-03
6.242739968001842499e-03
-3.835241869091987610e-02
-3.486172854900360107e-02
1.151223480701446533e-02
-1.178754027932882309e-02
1.930142007768154144e-02
-2.231152169406414032e-02
1.924207061529159546e-02
2.633500285446643829e-02
4.513256251811981201e-02
4.512865853030234575e-04
5.837233737111091614e-03
2.165499515831470490e-02
2.158190868794918060e-02
-1.413318980485200882e-02
3.899186104536056519e-02
-2.747423015534877777e-02
-1.486046891659498215e-02
4.724874347448348999e-02
-1.801606826484203339e-02
2.598929451778531075e-03
-3.111826628446578979e-02
-1.082623675465583801e-01
-5.818413570523262024e-02
-7.086151745170354843e-03
-3.119538165628910065e-02
-2.192311361432075500e-02
-3.475431818515062332e-03
3.851787745952606201e-02
-3.677903860807418823e-02
4.975955933332443237e-02
-3.755155950784683228e-02
1.788995042443275452e-02
3.815323859453201294e-02
2.636206895112991333e-02
6.270630657672882080e-02
2.384763211011886597e-02
-5.816617235541343689e-02
-2.271957322955131531e-02
4.139174148440361023e-02
2.684765495359897614e-03
-1.267396099865436554e-02
-5.863634124398231506e-02
1.295074541121721268e-02
-1.185781788080930710e-02
1.404206501320004463e-03
-2.706659957766532898e-03
-2.037371508777141571e-02
-5.018695723265409470e-03
-2.796903997659683228e-02
-1.729227253235876560e-03
5.663387943059206009e-03
4.105256497859954834e-02
3.376785293221473694e-02
-1.622137427330017090e-02
2.422101981937885284e-02
2.698058262467384338e-03
-4.232155904173851013e-02
2.288788370788097382e-02
-9.192341007292270660e-03
-4.912465345114469528e-03
-2.879324927926063538e-02
7.773174438625574112e-03
-4.129996895790100098e-02
3.181754378601908684e-03
1.302109472453594208e-02
-6.530831567943096161e-03
-1.608678512275218964e-02
6.384820491075515747e-02
6.939637009054422379e-03
-2.009404078125953674e-02
3.564217314124107361e-02
3.176591999363154173e-04
9.843123145401477814e-03
2.444232441484928131e-02
6.477016489952802658e-03
-2.283220179378986359e-02
1.811089809052646160e-03
-8.551357313990592957e-03
1.692430116236209869e-02
3.355886042118072510e-02
3.566741570830345154e-02
-3.485634550452232361e-02
1.308241486549377441e-02
6.055371463298797607e-02
-1.951235905289649963e-02
2.015934512019157410e-02
-1.164510846138000488e-02
-6.544024497270584106e-02
7.932449877262115479e-02
1.834019273519515991e-02
-1.742750965058803558e-02
-3.368001431226730347e-02
6.297442317008972168e-02
5.556316301226615906e-02
-1.893222518265247345e-02
2.449601516127586365e-02
4.245780408382415771e-02
4.720097780227661133e-02
3.241294994950294495e-02
-1.506768539547920227e-02
5.037921946495771408e-03
6.412813812494277954e-02
4.531774297356605530e-02
7.359867542982101440e-02
1.046747993677854538e-02
1.567332819104194641e-02
-4.097854718565940857e-02
4.345733672380447388e-03
1.354217715561389923e-02
-9.717419743537902832e-03
-1.071609742939472198e-02
1.076196506619453430e-02
7.191171497106552124e-02
3.381334990262985229e-02
2.043526992201805115e-02
1.848106458783149719e-02
-1.156799308955669403e-02
-1.945818588137626648e-02
6.277241557836532593e-02
2.920212596654891968e-02
6.088351830840110779e-02
4.776934161782264709e-02
3.156742081046104431e-03
1.198264677077531815e-02
-6.872262060642242432e-02
1.484234258532524109e-02
-1.293230522423982620e-02
-1.180219091475009918e-02
5.920926854014396667e-02
-5.040904879570007324e-02
-9.818646125495433807e-03
8.381924778223037720e-02
1.172189041972160339e-02
1.861399598419666290e-02
-3.922805935144424438e-02
4.965931549668312073e-02
-3.016250394284725189e-02
4.453538358211517334e-02
1.131724193692207336e-02
-9.107589721679687500e-02
1.548844156786799431e-03
-2.459408156573772430e-02
1.918000727891921997e-02
9.352901019155979156e-03
4.574330896139144897e-02
-6.055010948330163956e-03
2.179471403360366821e-02
8.377084881067276001e-02
-9.001935273408889771e-02
-2.882100827991962433e-02
-2.884238027036190033e-02
7.631935924291610718e-02
4.600728675723075867e-02
-6.607031682506203651e-04
2.659167535603046417e-02
-2.750372514128684998e-02
3.267242759466171265e-02
-7.835921645164489746e-02
1.707666739821434021e-02
2.585600502789020538e-02
1.434270478785037994e-02
-4.374030977487564087e-02
7.182777673006057739e-02
3.520009666681289673e-02
4.617663100361824036e-02
-3.828421607613563538e-02
2.447967790067195892e-02
-2.758709527552127838e-02
7.735399156808853149e-02
-2.242766553536057472e-03
-4.481840413063764572e-03
4.533724114298820496e-02
-2.218397334218025208e-02
2.118961326777935028e-02
5.432857573032379150e-02
2.145049534738063812e-02
-7.037717103958129883e-02
-2.745961956679821014e-02
6.891682744026184082e-02
-4.905172623693943024e-03
3.203225135803222656e-02
-7.814243435859680176e-03
1.151408255100250244e-02
-2.912357263267040253e-02
-3.243610262870788574e-02
6.563127972185611725e-03
4.734709486365318298e-02
-4.836840555071830750e-02
4.031152650713920593e-02
-1.595410145819187164e-02
-2.063846029341220856e-02
4.892593249678611755e-02
6.138645485043525696e-02
-1.239618635736405849e-03
-4.989815130829811096e-02
-5.141631234437227249e-03
-1.077361777424812317e-01
3.398921713232994080e-02
-5.005216225981712341e-03
5.310214310884475708e-02
9.802272543311119080e-03
-4.125061631202697754e-02
1.846233196556568146e-02
-7.155549526214599609e-02
-4.479029029607772827e-02
3.153148293495178223e-02
1.814763620495796204e-02
-3.515300527215003967e-02
-1.129623409360647202e-02
-2.237532287836074829e-02
-2.748356573283672333e-02
1.184896007180213928e-02
3.075235150754451752e-02
-2.096435986459255219e-03
-5.026810988783836365e-02
3.694749996066093445e-02
5.543253570795059204e-02
3.604698181152343750e-02
8.634339086711406708e-03
-1.440921518951654434e-02
4.172271117568016052e-02
3.593003004789352417e-02
-4.162788391113281250e-02
-7.550810463726520538e-03
-3.649314492940902710e-02
1.525432057678699493e-02
5.456481501460075378e-02
6.848192214965820312e-02
2.642911858856678009e-02
-1.800819300115108490e-02
-3.121138433925807476e-04
-2.576070278882980347e-02
6.757514923810958862e-02
-2.005387283861637115e-02
9.911842644214630127e-03
-7.461886107921600342e-02
6.824079155921936035e-02
2.162933535873889923e-02
-3.351206704974174500e-02
-1.330867176875472069e-03
6.419920921325683594e-02
-3.838929533958435059e-02
1.332377828657627106e-02
2.212284132838249207e-02
3.791520744562149048e-02
3.991034626960754395e-02
-1.438981667160987854e-02
2.033253014087677002e-02
2.043483406305313110e-02
-7.515359902754426003e-04
-1.644097268581390381e-02
3.505155071616172791e-02
-5.646356195211410522e-02
-1.759993098676204681e-02
4.623255878686904907e-02
3.900992125272750854e-02
-1.563580334186553955e-02
2.354978583753108978e-03
2.640820667147636414e-02
3.507332876324653625e-02
-2.431096695363521576e-02
-4.989657178521156311e-02
-3.151779249310493469e-02
4.247051104903221130e-02
-2.155500464141368866e-02
3.821583837270736694e-02
3.412133455276489258e-02
1.566981524229049683e-02
3.746040537953376770e-02
-2.080021612346172333e-02
-8.045440912246704102e-02
-4.290159046649932861e-02
5.419382080435752869e-02
-2.040280215442180634e-02
-1.007850747555494308e-02
3.620919957756996155e-02
7.940377295017242432e-02
