-1.079370617866516113e+00
3.414227962493896484e-01
-1.879886984825134277e+00
-1.917162775993347168e+00
-2.709747552871704102e+00
-3.262316882610321045e-01
-7.657405734062194824e-01
-1.362247347831726074e+00
-1.513298392295837402e+00
-9.254468083381652832e-01
-3.122108221054077148e+00
-2.191719532012939453e+00
-3.036851286888122559e-01
-2.765166461467742920e-01
-1.811015248298645020e+00
-1.724606275558471680e+00
-2.656209707260131836e+00
-1.446974277496337891e+00
-8.627215027809143066e-01
-3.413401842117309570e-01
-1.596967458724975586e+00
-2.166521787643432617e+00
-1.250850915908813477e+00
-1.431412547826766968e-01
-1.802816033363342285e+00
-1.204943060874938965e+00
-2.065738439559936523e+00
-2.241304636001586914e+00
-1.371285796165466309e+00
-1.168327808380126953e+00
-2.485335350036621094e+00
-2.664784193038940430e+00
-1.687499165534973145e+00
-2.192829847335815430e+00
-8.321423530578613281e-01
-5.333421230316162109e-01
3.240291029214859009e-02
-9.705435037612915039e-01
-2.626047134399414062e+00
-2.111395835876464844e+00
-1.764036178588867188e+00
-1.274972796440124512e+00
-2.317164182662963867e+00
-9.946974515914916992e-01
-2.620092391967773438e+00
-9.450191259384155273e-01
-1.561933398246765137e+00
1.204820990562438965e+00
-7.345553636550903320e-01
-2.783662796020507812e+00
-3.160070896148681641e+00
-1.908592343330383301e+00
-7.818827033042907715e-02
-2.451905727386474609e+00
-1.153876662254333496e+00
-2.594401359558105469e+00
-1.555729031562805176e+00
-1.923192143440246582e+00
-2.434058666229248047e+00
-2.574880838394165039e+00
-3.209626197814941406e+00
-2.591790676116943359e+00
-1.310825109481811523e+00
-2.021664857864379883e+00
-2.663109779357910156e+00
-2.321732282638549805e+00
-1.930029541254043579e-01
-2.309594869613647461e+00
-2.023628503084182739e-01
-4.450244009494781494e-01
-2.549664258956909180e+00
-1.598992586135864258e+00
-8.917082548141479492e-01
-1.607719779014587402e+00
-2.071801900863647461e+00
-9.029106497764587402e-01
1.279623061418533325e-01
-1.761634588241577148e+00
-1.715729594230651855e+00
-6.135243177413940430e-01
-2.346905708312988281e+00
-1.349838852882385254e+00
-7.448897957801818848e-01
-4.146742224693298340e-01
-2.956238985061645508e+00
-2.485275745391845703e+00
-1.993382930755615234e+00
-2.398043394088745117e+00
-6.059629917144775391e-01
-2.959029674530029297e+00
-3.628985404968261719e+00
-8.149759769439697266e-01
-3.443002402782440186e-01
-1.400359630584716797e+00
-5.648150444030761719e-01
-4.671616077423095703e+00
-1.959963679313659668e+00
-1.790643692016601562e+00
-2.587869644165039062e+00
-1.578149914741516113e+00
-1.976943016052246094e+00
-9.824134111404418945e-01
-1.045598864555358887e+00
-2.294560372829437256e-01
-1.521753311157226562e+00
-6.380085349082946777e-01
-3.512996912002563477e+00
-1.856249928474426270e+00
-1.556076288223266602e+00
-9.852985143661499023e-01
-1.051065444946289062e+00
-3.405519008636474609e+00
-1.213729739189147949e+00
-1.657831192016601562e+00
-2.404155969619750977e+00
-8.455238938331604004e-01
-1.128483891487121582e+00
-5.414413213729858398e-01
-2.259957790374755859e+00
-7.059127092361450195e-01
-1.225664854049682617e+00
-8.679212927818298340e-01
-1.008446455001831055e+00
-6.572453975677490234e-01
-1.263103127479553223e+00
-9.104555845260620117e-01
-1.756344795227050781e+00
-2.805257797241210938e+00
-2.881782054901123047e+00
-2.018323898315429688e+00
-1.068749189376831055e+00
-1.524180173873901367e+00
-2.584416627883911133e+00
-2.068361997604370117e+00
-2.197880506515502930e+00
-8.592813611030578613e-01
-4.436686336994171143e-01
-2.772659778594970703e+00
5.874121785163879395e-01
-2.713267564773559570e+00
-4.513576030731201172e-01
-9.934905767440795898e-01
-8.978937268257141113e-01
-2.020187377929687500e+00
-1.467075586318969727e+00
-2.698675632476806641e+00
-4.399817883968353271e-01
-1.687841892242431641e+00
-1.137392878532409668e+00
-3.131861209869384766e+00
4.652815312147140503e-02
-2.886373758316040039e+00
-5.835502743721008301e-01
-9.811249971389770508e-01
-1.699644446372985840e+00
-2.314460277557373047e+00
2.697487473487854004e-01
-8.652006387710571289e-01
1.356770396232604980e+00
-3.317606449127197266e+00
-3.260840177536010742e+00
-1.095999598503112793e+00
-1.284253716468811035e+00
-2.644067525863647461e+00
-6.529370546340942383e-01
-1.337646722793579102e+00
-3.298132419586181641e+00
-1.725512742996215820e+00
-1.379266262054443359e+00
-7.544693350791931152e-01
-1.473426580429077148e+00
-1.420439958572387695e+00
-2.281276464462280273e+00
-8.813009262084960938e-01
-2.809278488159179688e+00
-2.083972215652465820e+00
-6.072232499718666077e-02
-2.444120168685913086e+00
-1.791615724563598633e+00
8.655304312705993652e-01
-2.058604478836059570e+00
-2.943309545516967773e+00
-2.494682312011718750e+00
-2.373700141906738281e+00
-9.919535517692565918e-01
-9.236233234405517578e-01
-1.363284945487976074e+00
-3.283265829086303711e+00
-2.436093330383300781e+00
-3.242996215820312500e+00
2.493619620800018311e-01
-1.734324216842651367e+00
-1.457985997200012207e+00
1.508483737707138062e-01
-1.092617034912109375e+00
-2.389583826065063477e+00
-2.504025220870971680e+00
-1.079447865486145020e+00
-1.875068664550781250e+00
-3.408672094345092773e+00
-3.864246606826782227e+00
-5.509552955627441406e-01
-1.091889142990112305e+00
-1.471417546272277832e+00
-1.860862612724304199e+00
-2.168884992599487305e+00
-9.054458141326904297e-02
-1.860711097717285156e+00
-3.768882453441619873e-01
-1.751099705696105957e+00
-1.418779730796813965e+00
-2.235399961471557617e+00
-3.080782890319824219e-01
-4.376704096794128418e-01
-5.182629227638244629e-01
-5.803878307342529297e-01
6.463869661092758179e-02
-1.472668528556823730e+00
1.251859188079833984e+00
-1.047246694564819336e+00
-1.991166114807128906e+00
-1.899348616600036621e+00
-4.765968024730682373e-01
-1.234785437583923340e+00
-2.416691064834594727e+00
-2.090288400650024414e+00
-2.255991548299789429e-01
-1.078593969345092773e+00
-1.326893210411071777e+00
-7.006542682647705078e-01
-1.712482452392578125e+00
-3.600130558013916016e+00
-2.595051527023315430e+00
-9.159401655197143555e-01
-9.121493697166442871e-01
-9.325534701347351074e-01
-3.760075807571411133e+00
-1.109795689582824707e+00
-8.028311729431152344e-01
-1.676356077194213867e+00
-2.050546169281005859e+00
-2.818111181259155273e+00
-1.101374387741088867e+00
1.358774453401565552e-01
-2.902289628982543945e+00
-3.206616401672363281e+00
-2.385001182556152344e+00
-3.199612855911254883e+00
-2.533618927001953125e+00
-7.481824159622192383e-01
-2.705606222152709961e+00
-6.548855304718017578e-01
-6.450467109680175781e-01
-5.914675593376159668e-01
-2.299123525619506836e+00
-1.210291504859924316e+00
-1.413948893547058105e+00
1.061485409736633301e-01
-1.708900928497314453e+00
-1.009772539138793945e+00
-3.393626451492309570e+00
-8.100717067718505859e-01
-7.507776618003845215e-01
-1.839513659477233887e+00
-4.251933574676513672e+00
-1.662905454635620117e+00
-1.728673815727233887e+00
-2.355473756790161133e+00
-1.991447329521179199e+00
-2.106928586959838867e+00
-9.696464538574218750e-01
-2.266973972320556641e+00
-2.800735473632812500e+00
-1.533599257469177246e+00
-1.096628427505493164e+00
-1.672734975814819336e+00
-1.674996256828308105e+00
-4.475287497043609619e-01
-1.665966153144836426e+00
-2.004704713821411133e+00
-1.388378858566284180e+00
-1.262385368347167969e+00
-6.445688009262084961e-01
-2.612048149108886719e+00
-9.356466531753540039e-01
-2.739842891693115234e+00
5.832436084747314453e-01
7.730551958084106445e-01
-1.365069150924682617e+00
-2.245383977890014648e+00
-2.828064441680908203e+00
-5.986862778663635254e-01
-1.525900244712829590e+00
-2.978854179382324219e+00
-2.528033733367919922e+00
-1.147935390472412109e-01
-1.871152400970458984e+00
-2.278930425643920898e+00
-2.028171777725219727e+00
1.651906251907348633e+00
