1.169567368924617767e-02
-2.812591940164566040e-02
5.598857533186674118e-03
2.018586359918117523e-02
-2.010482549667358398e-02
-5.178848281502723694e-02
-7.764505688101053238e-03
2.397125028073787689e-02
3.222234779968857765e-03
6.671392172574996948e-02
-6.909355986863374710e-03
-6.014984101057052612e-02
-1.962615549564361572e-02
6.598496437072753906e-02
-2.200205437839031219e-02
2.150488644838333130e-02
1.183181535452604294e-02
2.618361450731754303e-02
-5.163613706827163696e-03
-3.624003008008003235e-02
4.410003777593374252e-03
3.915100172162055969e-02
4.981093481183052063e-02
3.341886401176452637e-02
7.946609519422054291e-03
2.516886778175830841e-02
-1.316950097680091858e-02
-3.125584498047828674e-02
-3.132341057062149048e-02
-4.267474636435508728e-02
5.605471134185791016e-02
5.243717692792415619e-03
-2.012578584253787994e-02
3.989399224519729614e-02
-7.092964369803667068e-03
3.586370870471000671e-02
-1.167896296828985214e-02
-1.169692073017358780e-02
-2.803825959563255310e-02
1.928459294140338898e-02
3.931513056159019470e-02
1.155565492808818817e-02
-2.419986017048358917e-02
-4.225125908851623535e-02
4.363448172807693481e-02
-1.502655260264873505e-02
2.679162472486495972e-02
4.106857255101203918e-02
-7.988030090928077698e-03
-1.230464596301317215e-02
4.627948626875877380e-02
-1.505195908248424530e-02
-1.632750965654850006e-02
-2.527784369885921478e-02
6.071291118860244751e-02
3.793661296367645264e-02
-3.347999602556228638e-02
4.690249636769294739e-02
-5.771722644567489624e-02
2.267008880153298378e-03
6.972794979810714722e-02
8.917514234781265259e-02
-6.146173458546400070e-03
-4.250797629356384277e-02
-4.966708645224571228e-02
8.672416210174560547e-02
6.972641497850418091e-02
-1.367349177598953247e-02
2.198583632707595825e-02
1.729063503444194794e-02
-3.185778856277465820e-02
1.054044067859649658e-02
-2.139323763549327850e-02
5.232894048094749451e-02
-1.593167544342577457e-04
4.102961160242557526e-03
-1.809850364224985242e-04
-7.301665842533111572e-02
2.856219187378883362e-02
5.655288323760032654e-02
6.891904026269912720e-02
-1.306366641074419022e-03
-2.103311754763126373e-02
3.219955042004585266e-02
-1.030195225030183792e-02
1.742392778396606445e-02
2.748935297131538391e-02
6.758035626262426376e-03
4.675389826297760010e-02
3.041991963982582092e-03
-1.034087687730789185e-02
1.746020466089248657e-02
-2.145183272659778595e-03
-1.935321278870105743e-02
1.677709072828292847e-02
-1.293679606169462204e-02
-2.223443239927291870e-02
2.512194216251373291e-02
2.889717184007167816e-02
-5.457616597414016724e-02
-6.879512220621109009e-02
-2.385483495891094208e-02
-4.903231933712959290e-02
-8.857735991477966309e-02
4.617128893733024597e-02
-3.966385498642921448e-02
-4.866731539368629456e-02
1.629158481955528259e-02
-5.128749087452888489e-02
8.622945100069046021e-02
4.252909123897552490e-02
8.929929696023464203e-03
4.939172416925430298e-02
3.174192830920219421e-02
-7.119359821081161499e-02
-2.555249817669391632e-02
1.556999050080776215e-02
-2.728815190494060516e-02
3.596755489706993103e-02
-1.196766644716262817e-02
2.174002304673194885e-02
-8.906716830097138882e-04
1.302341930568218231e-02
1.520360447466373444e-02
3.959578648209571838e-02
-1.710004173219203949e-02
-7.623171899467706680e-03
1.771267130970954895e-02
7.936537265777587891e-02
2.225292148068547249e-03
3.843405470252037048e-02
-2.679881639778614044e-02
-1.060852594673633575e-02
-9.616932272911071777e-02
-2.994090504944324493e-02
3.995678573846817017e-02
-1.577919907867908478e-02
3.397266194224357605e-02
-2.327532321214675903e-02
2.847478538751602173e-02
2.464565634727478027e-02
-2.673275768756866455e-02
2.053295448422431946e-02
4.326941072940826416e-02
2.532637119293212891e-02
-1.003481075167655945e-02
-5.012540891766548157e-02
-2.444644644856452942e-02
4.161964729428291321e-02
-3.746015205979347229e-02
2.344822324812412262e-02
3.136110305786132812e-02
1.274769939482212067e-02
3.430346772074699402e-02
2.751480042934417725e-02
5.391870508901774883e-04
-2.016994543373584747e-02
3.195127844810485840e-02
1.894310861825942993e-02
-5.913230404257774353e-02
-8.124736696481704712e-02
-7.211887836456298828e-02
-4.724138602614402771e-02
1.796067133545875549e-02
3.278267011046409607e-02
-3.187990747392177582e-03
1.852864585816860199e-02
5.404792726039886475e-02
1.373633556067943573e-02
-2.843777276575565338e-02
-3.544495906680822372e-03
-2.343047969043254852e-02
-2.111973799765110016e-02
4.140986129641532898e-02
1.783857308328151703e-02
-1.998352818191051483e-02
1.374070532619953156e-02
5.646966770291328430e-02
2.246801275759935379e-03
1.205025706440210342e-03
-9.070483967661857605e-03
3.488368913531303406e-02
-8.472666144371032715e-02
-3.837635973468422890e-03
-2.379598841071128845e-02
3.281791508197784424e-02
-3.809941932559013367e-02
1.511084474623203278e-02
7.248206436634063721e-02
2.940578619018197060e-03
3.783432021737098694e-02
-3.527479246258735657e-03
-4.239654541015625000e-02
6.945994496345520020e-02
4.138905182480812073e-02
-2.664769813418388367e-02
-1.853973977267742157e-02
-3.291138261556625366e-02
3.798570483922958374e-02
1.076292013749480247e-03
2.533188834786415100e-02
-4.690625891089439392e-02
-9.184129536151885986e-02
3.184940293431282043e-02
-2.498719468712806702e-02
-1.572382077574729919e-02
2.562395669519901276e-02
-7.996744476258754730e-03
2.766360342502593994e-02
-2.442945726215839386e-02
3.593463823199272156e-02
-4.520316794514656067e-02
-3.241834789514541626e-02
2.641406469047069550e-02
3.876059129834175110e-02
-5.048720911145210266e-02
5.335566774010658264e-02
-2.531306818127632141e-02
1.801963895559310913e-02
8.489361032843589783e-03
-7.568133994936943054e-03
-6.259167194366455078e-02
4.107044369447976351e-04
-2.111399173736572266e-02
4.090544953942298889e-02
9.334691800177097321e-03
-8.902759291231632233e-03
9.709549136459827423e-03
1.696052588522434235e-02
4.092465341091156006e-02
-1.387649215757846832e-02
-3.437465056777000427e-02
-1.202471437864005566e-03
-2.182848006486892700e-02
1.124743465334177017e-02
8.322653919458389282e-02
3.212400153279304504e-02
2.293675020337104797e-02
4.559589922428131104e-02
-1.268900930881500244e-03
-5.527824163436889648e-02
2.538022398948669434e-02
4.530566930770874023e-02
-9.956785291433334351e-02
-4.526825994253158569e-02
-8.026464283466339111e-02
3.206502879038453102e-03
2.229025820270180702e-03
3.174196928739547729e-02
-5.033446103334426880e-02
-6.727176159620285034e-02
2.305579558014869690e-02
-2.892920188605785370e-02
1.266119442880153656e-02
-3.785504400730133057e-02
7.953777164220809937e-02
2.511390484869480133e-02
1.039460394531488419e-02
-1.045361533761024475e-01
6.988582015037536621e-02
3.066990152001380920e-02
4.290425032377243042e-02
6.593019515275955200e-02
3.505430743098258972e-02
-3.126266226172447205e-02
-3.156889230012893677e-02
3.228146210312843323e-02
-5.978274345397949219e-02
1.636924780905246735e-02
2.650620229542255402e-02
8.246878162026405334e-03
-1.729430630803108215e-02
2.994800917804241180e-02
7.921513915061950684e-02
2.803593501448631287e-02
-7.502432446926832199e-03
9.339196607470512390e-03
-6.686609238386154175e-02
-4.090372100472450256e-02
-4.015531856566667557e-03
-3.669404610991477966e-02
4.928717389702796936e-02
-3.276534378528594971e-02
-2.350623160600662231e-02
-2.254224149510264397e-03
3.752896934747695923e-02
3.031042590737342834e-02
4.838661476969718933e-02
8.012809790670871735e-03
5.575706437230110168e-02
2.434388268738985062e-03
-4.651436209678649902e-02
6.774675846099853516e-02
-5.863672867417335510e-02
-1.230832003057003021e-02
3.195469081401824951e-02
6.673163268715143204e-03
-6.682406365871429443e-02
8.267601579427719116e-02
-1.930710673332214355e-02
