-4.105333983898162842e-02
-1.369794011116027832e-01
-1.025937497615814209e-01
-1.374181658029556274e-01
-1.852964982390403748e-02
-8.757696300745010376e-02
-6.668210774660110474e-02
-5.239230766892433167e-02
-6.597673147916793823e-02
-7.310333847999572754e-02
-8.878912776708602905e-02
-1.398350447416305542e-01
-4.524228721857070923e-02
-1.036401838064193726e-01
-8.402668684720993042e-02
-4.560744762420654297e-02
-6.067913398146629333e-02
-6.568676978349685669e-02
-1.032708212733268738e-01
-6.204922497272491455e-02
-9.336059540510177612e-02
-2.468859218060970306e-02
-1.017974093556404114e-01
-1.311385184526443481e-01
-7.819470763206481934e-02
-8.929912000894546509e-02
-1.353049129247665405e-01
-1.450878083705902100e-01
-7.041910290718078613e-02
-1.339364349842071533e-01
-1.489252150058746338e-01
-9.087898582220077515e-02
-1.355936080217361450e-01
-1.298768669366836548e-01
-4.595151916146278381e-02
-1.398056447505950928e-01
-1.203704625368118286e-01
-1.139998361468315125e-01
-5.818681791424751282e-02
-7.820998132228851318e-02
-1.195069476962089539e-01
-8.013270050287246704e-02
-3.462300077080726624e-02
-1.049118712544441223e-01
-1.249609142541885376e-01
-9.875047206878662109e-02
-7.193965464830398560e-02
-1.520582586526870728e-01
-1.197709217667579651e-01
-1.284492909908294678e-01
-4.408278688788414001e-02
-6.374966353178024292e-02
-1.079743653535842896e-01
-5.304430797696113586e-02
-9.971858561038970947e-02
-1.078518852591514587e-01
-3.997782990336418152e-02
-1.060402244329452515e-01
-9.612189978361129761e-02
-7.713238894939422607e-02
-8.561520278453826904e-02
-5.016434565186500549e-02
-5.894134566187858582e-02
-1.340529769659042358e-01
-1.072469875216484070e-01
-1.368090361356735229e-01
-6.642168760299682617e-02
-9.378113597631454468e-02
-6.963332742452621460e-02
-5.686664581298828125e-02
-4.159811884164810181e-02
-9.698490053415298462e-02
-1.239103823900222778e-01
-6.172213330864906311e-02
-1.806182041764259338e-02
-4.434725642204284668e-02
-2.701762318611145020e-02
-4.816592484712600708e-02
-1.380993574857711792e-01
-1.036521866917610168e-01
-1.364959925413131714e-01
-7.701753079891204834e-02
-1.157044172286987305e-01
-7.257336378097534180e-02
-1.281864196062088013e-01
-1.390659511089324951e-01
-6.426676362752914429e-02
-1.355775892734527588e-01
-1.342998445034027100e-01
-4.007958620786666870e-02
-4.978387057781219482e-02
-4.901428893208503723e-02
-1.327118426561355591e-01
-4.572682827711105347e-02
-6.188380718231201172e-02
-9.085009992122650146e-02
-3.357002139091491699e-02
-1.126511320471763611e-01
-1.432711184024810791e-01
-6.621661037206649780e-02
-7.801817357540130615e-02
-5.016382038593292236e-02
-6.971992552280426025e-02
-9.512358903884887695e-02
-3.635054454207420349e-02
-1.040868833661079407e-01
-1.207746267318725586e-01
-1.015941500663757324e-01
-7.842849940061569214e-02
-1.582128107547760010e-01
-9.522384405136108398e-02
-7.995139062404632568e-02
-5.158549547195434570e-02
-1.235354393720626831e-01
-1.056924238801002502e-01
-1.687507182359695435e-01
-1.122512519359588623e-01
-6.535434722900390625e-02
-2.313978970050811768e-02
-2.167030423879623413e-02
-3.797255456447601318e-02
-1.560502499341964722e-01
-1.697940826416015625e-01
-8.285662531852722168e-02
-8.937455713748931885e-02
-1.088339462876319885e-01
-5.134479701519012451e-02
-7.341549545526504517e-02
-1.275638490915298462e-01
-1.116204708814620972e-01
-7.690338045358657837e-02
-1.204802021384239197e-01
-6.991785019636154175e-02
-5.991138145327568054e-02
-6.319992244243621826e-02
-3.936868533492088318e-02
-1.176243498921394348e-01
-1.239075437188148499e-01
-1.414208561182022095e-01
-1.562983095645904541e-01
-1.267525106668472290e-01
-1.221477016806602478e-01
-9.800505638122558594e-02
-3.350354731082916260e-02
-1.229328289628028870e-01
-7.479799538850784302e-02
-1.224679127335548401e-02
-1.004290357232093811e-01
-8.833239972591400146e-02
-7.142256200313568115e-02
-1.261888891458511353e-01
-1.014005839824676514e-01
-9.602069109678268433e-02
-1.287453323602676392e-01
-1.121599674224853516e-01
-1.154343113303184509e-01
-1.096121370792388916e-01
-1.288656294345855713e-01
-8.976436406373977661e-02
-7.682047784328460693e-02
-9.591211378574371338e-02
-7.205417007207870483e-02
-5.795690417289733887e-02
-4.953049123287200928e-02
-6.001668050885200500e-02
-6.794091314077377319e-02
-9.627135843038558960e-02
-1.025213748216629028e-01
-1.353759020566940308e-01
-7.252388447523117065e-02
-2.748866938054561615e-02
-8.948788046836853027e-02
-9.751153737306594849e-02
-1.245548874139785767e-01
-5.696032941341400146e-02
-1.597641259431838989e-01
-1.097432374954223633e-01
-1.230198219418525696e-01
-1.639154851436614990e-01
-1.416697502136230469e-01
-7.612811028957366943e-02
-1.346918344497680664e-01
-1.356637775897979736e-01
-3.721788525581359863e-02
-1.166677549481391907e-01
-1.542714834213256836e-01
-8.929815888404846191e-02
-3.754629194736480713e-02
-7.887314260005950928e-02
-1.370377745479345322e-02
-9.074831008911132812e-02
-1.016709730029106140e-01
-1.222716718912124634e-01
-1.106794923543930054e-01
-3.352895751595497131e-02
-1.336007863283157349e-01
-5.070318281650543213e-02
-3.366841375827789307e-02
-8.181954920291900635e-02
-9.256388992071151733e-02
-2.877856791019439697e-02
-3.764133527874946594e-02
-1.229397505521774292e-01
-2.125578373670578003e-02
-1.285919845104217529e-01
-1.082531139254570007e-01
-4.811500385403633118e-02
-1.573517173528671265e-01
-6.032775714993476868e-02
-1.378900557756423950e-01
-1.270211637020111084e-01
-1.009628176689147949e-01
-1.077351421117782593e-01
-6.588412076234817505e-02
-1.306814998388290405e-01
-4.106586426496505737e-02
-3.454222902655601501e-02
-1.695656776428222656e-01
-1.354982797056436539e-02
-2.731170132756233215e-02
-1.337210237979888916e-01
-3.126512840390205383e-02
-7.482899725437164307e-02
-1.216908916831016541e-01
-5.948122590780258179e-02
-2.815496735274791718e-02
-1.554026901721954346e-01
-1.181548982858657837e-01
-8.267699182033538818e-02
-7.205565273761749268e-02
-8.588857203722000122e-02
-1.209697201848030090e-01
-4.014926403760910034e-02
-1.431897282600402832e-01
-1.573174148797988892e-01
-2.870831824839115143e-02
-8.795311301946640015e-02
-1.311599016189575195e-01
-5.635732412338256836e-02
-6.637612730264663696e-02
-1.058981120586395264e-01
-1.119225770235061646e-01
-7.533507794141769409e-02
-8.612153120338916779e-03
-1.151800528168678284e-01
-6.874082982540130615e-02
-9.487069398164749146e-02
-1.098039671778678894e-01
-1.034432351589202881e-01
-6.603198498487472534e-02
-8.743791282176971436e-02
-1.039551198482513428e-01
-7.561524212360382080e-02
-9.360872209072113037e-02
-4.732198268175125122e-02
-8.596817404031753540e-02
-1.262970566749572754e-01
-3.940977156162261963e-02
-1.327140033245086670e-01
-9.265569597482681274e-02
-9.249270707368850708e-02
-5.645265057682991028e-02
-7.296369969844818115e-02
-1.049975231289863586e-01
-1.173047050833702087e-01
-1.031986474990844727e-01
-5.925682187080383301e-02
-1.007391735911369324e-01
-1.007297784090042114e-01
-8.354219794273376465e-02
-8.817020058631896973e-02
-9.996470063924789429e-02
-7.437534630298614502e-02
-1.039497256278991699e-01
-1.273981034755706787e-01
-2.934600040316581726e-02
-1.119892969727516174e-01
-8.106580376625061035e-02
-6.875614821910858154e-02
-1.191649958491325378e-01
-9.575869888067245483e-02
-1.183330938220024109e-01
-1.161923334002494812e-01
-8.030740171670913696e-02
-1.192592605948448181e-01
-1.076007261872291565e-01
-1.205876991152763367e-01
-1.197914928197860718e-01
-7.891946285963058472e-02
-5.176759883761405945e-02
-7.011271268129348755e-02
-1.016789302229881287e-01
-5.062074214220046997e-02
-5.254248902201652527e-02
-9.293370693922042847e-02
-5.176104605197906494e-02
-4.644617810845375061e-02
-5.267736315727233887e-02
-8.584271371364593506e-02
-5.088420212268829346e-02
