1.630805060267448425e-02
-7.743348181247711182e-02
8.613676577806472778e-02
1.447145342826843262e-01
4.804629832506179810e-02
-2.151679433882236481e-02
3.897146508097648621e-02
-3.403573110699653625e-02
-1.379042714834213257e-01
4.579258337616920471e-02
4.280048236250877380e-02
-1.398282311856746674e-02
6.217100471258163452e-02
1.241074055433273315e-01
-5.841618031263351440e-02
7.653208076953887939e-02
-4.739670827984809875e-02
-9.159965440630912781e-03
1.961144153028726578e-03
5.342210829257965088e-02
1.831856817007064819e-01
4.451441392302513123e-02
6.638711690902709961e-02
8.004963397979736328e-03
1.285015512257814407e-02
6.614527851343154907e-02
7.822387665510177612e-02
3.756093606352806091e-02
2.623490989208221436e-02
8.471839129924774170e-02
4.036464542150497437e-02
3.496426343917846680e-02
2.229144424200057983e-02
6.702367961406707764e-02
-3.575452417135238647e-02
2.465371042490005493e-02
-3.180299699306488037e-02
4.346796125173568726e-02
1.871857978403568268e-02
7.939211279153823853e-02
5.011795088648796082e-02
1.587455719709396362e-02
1.479459181427955627e-02
1.919739134609699249e-02
-1.813726499676704407e-02
1.386476606130599976e-01
5.824882164597511292e-02
5.681109428405761719e-02
-1.530996244400739670e-02
4.069713130593299866e-02
1.850174814462661743e-01
1.874110661447048187e-02
-2.835830906406044960e-03
1.221002414822578430e-01
1.062014847993850708e-01
1.699337735772132874e-02
7.414824515581130981e-02
-5.399240180850028992e-02
1.343321502208709717e-01
3.174316836521029472e-03
6.171994842588901520e-03
-2.489811973646283150e-03
6.200912967324256897e-02
1.701511256396770477e-02
5.312609300017356873e-02
6.445066630840301514e-02
-1.064130067825317383e-01
-1.528649218380451202e-02
-6.253205239772796631e-02
3.421353548765182495e-02
-9.476830251514911652e-03
7.450880482792854309e-03
4.004147276282310486e-02
-5.861756950616836548e-02
1.487739086151123047e-01
