-2.878444641828536987e-02
7.407402992248535156e-02
3.927290067076683044e-02
9.026871621608734131e-02
1.543055325746536255e-01
-2.846081508323550224e-03
2.364585548639297485e-01
-6.956759840250015259e-03
4.849099367856979370e-02
-4.260433092713356018e-02
1.356026679277420044e-01
-7.322967052459716797e-03
5.321557074785232544e-02
1.022779643535614014e-01
8.873050659894943237e-02
9.429438412189483643e-02
2.253257483243942261e-01
4.845126718282699585e-02
-2.172935754060745239e-01
-9.553098678588867188e-02
1.604057550430297852e-01
1.186423525214195251e-01
1.925150007009506226e-01
3.226509690284729004e-02
1.340646445751190186e-01
3.417189419269561768e-02
-5.687953904271125793e-02
5.067244544625282288e-02
1.550608426332473755e-01
4.412064328789710999e-02
9.432764351367950439e-02
1.598484963178634644e-01
6.529415398836135864e-02
1.056383103132247925e-01
2.341465465724468231e-02
-5.001310631632804871e-02
1.916004568338394165e-01
-1.182873547077178955e-02
1.143561154603958130e-01
1.608547754585742950e-02
2.107290029525756836e-01
2.508569359779357910e-01
1.001392155885696411e-01
1.928658187389373779e-01
2.402538247406482697e-02
