-1.242359653115272522e-01
-7.506694644689559937e-02
-9.676086902618408203e-02
-1.035394743084907532e-01
-9.907934069633483887e-02
-1.850487738847732544e-01
-1.752218753099441528e-01
-2.119506001472473145e-01
-2.169199883937835693e-01
-1.394359320402145386e-01
-1.350994259119033813e-01
-2.095812559127807617e-01
-3.193775713443756104e-01
-2.179380059242248535e-01
-1.840070784091949463e-01
-2.558070421218872070e-01
-2.492058873176574707e-01
-2.108682841062545776e-01
-3.218736648559570312e-01
-2.290675640106201172e-01
-1.593685746192932129e-01
-2.559477388858795166e-01
-7.950358837842941284e-02
-1.641936153173446655e-01
-2.130953073501586914e-01
-2.110804766416549683e-01
-2.268655151128768921e-01
-2.212248444557189941e-01
-2.286308109760284424e-01
-1.986238360404968262e-01
-2.424173057079315186e-01
-1.459248811006546021e-01
-2.432188391685485840e-01
-1.226703226566314697e-01
-2.131602764129638672e-01
-1.287231147289276123e-01
-1.005943417549133301e-01
-2.957558035850524902e-01
-1.967699825763702393e-01
-2.275712937116622925e-01
-1.750943511724472046e-01
-1.026285588741302490e-01
-2.735721766948699951e-01
-2.452866435050964355e-01
-1.867978721857070923e-01
-1.410191655158996582e-01
-9.048848599195480347e-02
-2.396493703126907349e-01
-7.694908231496810913e-02
-1.170751824975013733e-01
-1.841308176517486572e-01
-1.513164192438125610e-01
-1.140431091189384460e-01
-1.949517428874969482e-01
-3.028530478477478027e-01
-1.048485264182090759e-01
-2.199633568525314331e-01
-8.858433365821838379e-02
-2.327615022659301758e-01
-8.577456325292587280e-02
-9.747731685638427734e-02
-2.047885805368423462e-01
-1.033141538500785828e-01
-1.184567660093307495e-01
-2.200474739074707031e-01
-1.475067734718322754e-01
-1.968181431293487549e-01
-1.301442831754684448e-01
-1.381634771823883057e-01
-1.082687973976135254e-01
-2.130327224731445312e-01
-2.712720036506652832e-01
-2.186354249715805054e-01
-2.312817126512527466e-01
-2.260020971298217773e-01
-1.871608197689056396e-01
-2.200526744127273560e-01
-2.090003043413162231e-01
-1.248190402984619141e-01
-1.330643594264984131e-01
-2.189950346946716309e-01
-3.048026859760284424e-01
-1.073329225182533264e-01
-2.633200287818908691e-01
-1.247745901346206665e-01
-1.801066845655441284e-01
-1.854055821895599365e-01
-1.393265873193740845e-01
-1.306651085615158081e-01
-1.807281672954559326e-01
-1.969627290964126587e-01
-7.630604505538940430e-02
-1.716084629297256470e-01
-2.742723524570465088e-01
-1.650176495313644409e-01
-2.486674487590789795e-01
-2.519771754741668701e-01
-2.134864032268524170e-01
-1.679957360029220581e-01
-7.596587389707565308e-02
-1.871658116579055786e-01
-1.131992638111114502e-01
-1.108412817120552063e-01
-2.413760870695114136e-01
-1.999683380126953125e-01
-1.278337538242340088e-01
-2.483440488576889038e-01
-3.086204528808593750e-01
-2.111926823854446411e-01
-1.161287426948547363e-01
-3.937485814094543457e-02
-1.148504838347434998e-01
-1.741614490747451782e-01
-2.011045515537261963e-01
-2.302992641925811768e-01
-1.578612327575683594e-01
-1.387627720832824707e-01
-9.506101161241531372e-02
-2.218878716230392456e-01
-1.927887946367263794e-01
-1.761065274477005005e-01
-9.158386290073394775e-02
-2.432355731725692749e-01
-2.661114633083343506e-01
-2.030398845672607422e-01
-1.953272670507431030e-01
-8.373273164033889771e-02
-1.880172491073608398e-01
-2.339305430650711060e-01
-1.408153176307678223e-01
-1.228070408105850220e-01
-2.134261429309844971e-01
-1.216669678688049316e-01
-1.002084985375404358e-01
-2.296288460493087769e-01
-2.448262274265289307e-01
-1.515897065401077271e-01
-2.152075320482254028e-01
-1.708088666200637817e-01
-1.977953016757965088e-01
-3.020429015159606934e-01
-1.979485005140304565e-01
-1.964859962463378906e-01
-2.330362051725387573e-01
-3.070119321346282959e-01
-1.231714934110641479e-01
-1.953703165054321289e-01
-2.949935495853424072e-01
-1.277371644973754883e-01
-1.304611265659332275e-01
-1.349516510963439941e-01
-1.385175287723541260e-01
-9.895049035549163818e-02
-1.941983401775360107e-01
-1.818821430206298828e-01
-2.214380204677581787e-01
-3.380762338638305664e-01
-2.199319750070571899e-01
-2.245685160160064697e-01
-1.544574052095413208e-01
-1.447810679674148560e-01
-1.492430716753005981e-01
-1.891552507877349854e-01
-1.853083670139312744e-01
-1.252405494451522827e-01
-2.069237381219863892e-01
-1.673870086669921875e-01
-9.857910126447677612e-02
-2.444100379943847656e-01
-1.181334555149078369e-01
-2.300274372100830078e-01
-1.234814003109931946e-01
-2.163248658180236816e-01
-2.247113436460494995e-01
-1.666924208402633667e-01
-4.398271068930625916e-02
-9.946176409721374512e-02
-2.010962665081024170e-01
-1.659533381462097168e-01
-9.832122921943664551e-02
-2.023453712463378906e-01
-1.150581911206245422e-01
-2.016407847404479980e-01
-6.310073286294937134e-02
-7.016651332378387451e-02
-8.455108106136322021e-02
-4.817236214876174927e-02
-1.501907408237457275e-01
-8.379709720611572266e-02
-2.723611593246459961e-01
-2.064804732799530029e-01
-2.199775576591491699e-01
-1.278613507747650146e-01
-2.714650034904479980e-01
-1.368119120597839355e-01
-1.228066980838775635e-01
-1.768520474433898926e-01
-7.027264684438705444e-02
-2.166297435760498047e-01
-2.372724711894989014e-01
-2.703309655189514160e-01
-1.237997561693191528e-01
-2.256098836660385132e-01
-2.200881987810134888e-01
-1.319683790206909180e-01
-2.533485889434814453e-01
-2.067772895097732544e-01
-1.982052773237228394e-01
-1.959811002016067505e-01
-9.600283950567245483e-02
-2.070949822664260864e-01
-1.358955502510070801e-01
-1.593468636274337769e-01
-1.582879424095153809e-01
-2.019015550613403320e-01
-2.481988221406936646e-01
-2.650013566017150879e-01
-1.163409575819969177e-01
-2.275310158729553223e-01
-1.591823548078536987e-01
-1.746566295623779297e-01
-3.190344572067260742e-01
-2.392381429672241211e-01
-1.161090880632400513e-01
-9.768210351467132568e-02
-1.402124017477035522e-01
-1.844397485256195068e-01
-1.555271297693252563e-01
-8.654508739709854126e-02
-1.237886920571327209e-01
-1.374290734529495239e-01
-2.225332558155059814e-01
-2.947607338428497314e-01
-2.678173184394836426e-01
-2.149854898452758789e-01
-2.300904989242553711e-01
-2.666034698486328125e-01
-3.085739314556121826e-01
-1.129580885171890259e-01
-2.181279361248016357e-01
-1.765278577804565430e-01
-2.418686598539352417e-01
-2.209984660148620605e-01
-1.452868431806564331e-01
-2.574916481971740723e-01
-1.537618190050125122e-01
-2.757217586040496826e-01
-1.006141379475593567e-01
-8.357419818639755249e-02
-1.171470582485198975e-01
-2.390627712011337280e-01
-1.356847286224365234e-01
-2.338755875825881958e-01
-1.705602109432220459e-01
-3.095585107803344727e-01
-2.248679995536804199e-01
-2.838042378425598145e-01
-3.351354002952575684e-01
-1.780481934547424316e-01
-1.418854296207427979e-01
-1.746407300233840942e-01
-2.494171410799026489e-01
-2.088706940412521362e-01
-3.359693586826324463e-01
-1.615664958953857422e-01
-2.302392870187759399e-01
-2.192825227975845337e-01
-2.431431412696838379e-01
-1.178143545985221863e-01
-2.057731151580810547e-01
-2.346373945474624634e-01
-2.829566001892089844e-01
-1.108837947249412537e-01
-1.989851295948028564e-01
-2.288151979446411133e-01
-2.373185902833938599e-01
-2.188447862863540649e-01
-2.357523441314697266e-01
-2.346910685300827026e-01
-1.227006539702415466e-01
-2.455002218484878540e-01
-1.906432509422302246e-01
-2.866447865962982178e-01
-1.478645652532577515e-01
-1.480869501829147339e-01
-2.949648797512054443e-01
-8.071155101060867310e-02
-1.280994564294815063e-01
-2.959674298763275146e-01
-1.724068075418472290e-01
-3.026113510131835938e-01
-2.637812495231628418e-01
-2.236769944429397583e-01
-1.768261641263961792e-01
-2.408755123615264893e-01
-2.307451814413070679e-01
-2.697764933109283447e-01
-1.927476227283477783e-01
-2.411061674356460571e-01
-1.867577433586120605e-01
