1.367835551500320435e-01
-1.096093431115150452e-01
-1.977642029523849487e-01
7.156698405742645264e-02
8.076066523790359497e-02
-1.024081483483314514e-01
2.279132902622222900e-01
2.912683784961700439e-02
-3.244361281394958496e-02
5.285108089447021484e-02
3.635899722576141357e-01
-1.011525690555572510e-01
9.936757385730743408e-02
3.158619627356529236e-02
5.837939679622650146e-02
1.240195706486701965e-01
1.916137188673019409e-01
-1.143800765275955200e-01
1.553056985139846802e-01
1.012319996953010559e-01
5.919966474175453186e-02
2.283627726137638092e-02
3.333811834454536438e-02
4.390565678477287292e-02
8.897352963685989380e-02
2.633475661277770996e-01
1.556251794099807739e-01
-7.848721742630004883e-02
1.979447603225708008e-01
-9.858175367116928101e-02
