-4.725696742534637451e-01
-1.326906442642211914e+00
-7.749087214469909668e-01
-1.452499389648437500e+00
-4.373300075531005859e-01
-5.878182649612426758e-01
-8.831133842468261719e-01
-1.133586525917053223e+00
-1.313230872154235840e+00
-7.197629213333129883e-01
-1.041049122810363770e+00
-5.815011262893676758e-01
-6.992688775062561035e-01
-8.405803442001342773e-01
-5.133971571922302246e-01
-6.907991766929626465e-01
-1.056109905242919922e+00
-8.079485297203063965e-01
-4.415474534034729004e-01
-2.501796185970306396e-01
-3.273582756519317627e-01
-1.194129586219787598e+00
-7.098084092140197754e-01
-8.143264651298522949e-01
-5.265978574752807617e-01
-7.109656333923339844e-01
-1.455138444900512695e+00
-1.249849557876586914e+00
-1.280504822731018066e+00
-6.850650906562805176e-01
-1.147232890129089355e+00
-1.033212542533874512e+00
-1.850868612527847290e-01
-8.413310050964355469e-01
-1.090876936912536621e+00
-1.479199290275573730e+00
-1.006119608879089355e+00
-5.139325857162475586e-01
-8.961686491966247559e-01
-1.420877456665039062e+00
-1.175532817840576172e+00
-1.071262001991271973e+00
-8.460618257522583008e-01
-4.649861156940460205e-01
-5.810408592224121094e-01
-6.254136562347412109e-01
-6.873407363891601562e-01
3.311950340867042542e-02
-3.659974634647369385e-01
-8.500133156776428223e-01
-3.786923289299011230e-01
-6.555172204971313477e-01
-9.272812008857727051e-01
-5.545380711555480957e-01
-6.808128356933593750e-01
-8.983357548713684082e-01
-1.223000168800354004e+00
-7.886128425598144531e-01
-7.211691141128540039e-01
-1.259829998016357422e+00
-8.929244875907897949e-01
-1.208273172378540039e+00
-1.026777863502502441e+00
-6.457941532135009766e-01
-1.598756194114685059e+00
-6.400093436241149902e-01
-1.037553071975708008e+00
-8.562694191932678223e-01
-2.410395592451095581e-01
-7.973232865333557129e-01
-1.001888394355773926e+00
-6.461576223373413086e-01
-8.928681612014770508e-01
-4.084301888942718506e-01
-9.437847733497619629e-01
-8.248105049133300781e-01
-6.973232030868530273e-01
8.810120820999145508e-02
-2.396613359451293945e-02
-9.172269701957702637e-01
-9.296873807907104492e-01
-7.304863929748535156e-01
-8.254924416542053223e-01
-7.941707968711853027e-01
-8.133481740951538086e-01
-1.493368744850158691e+00
-7.255337834358215332e-01
-9.816240668296813965e-01
-1.051124811172485352e+00
-6.018609404563903809e-01
-1.068343877792358398e+00
-5.690667033195495605e-01
-1.162256717681884766e+00
-1.254232168197631836e+00
-1.101030826568603516e+00
-9.016392230987548828e-01
-7.305949330329895020e-01
-1.067938089370727539e+00
-1.096919059753417969e+00
-1.113098740577697754e+00
-9.220076799392700195e-01
-4.883988797664642334e-01
-1.144688725471496582e+00
-1.381677985191345215e+00
-8.317993879318237305e-01
-1.193726181983947754e+00
-1.049593806266784668e+00
-6.212529540061950684e-01
-9.170281291007995605e-01
1.310565918684005737e-01
-9.619358777999877930e-01
-3.784753084182739258e-01
-1.683962464332580566e+00
-1.860606074333190918e-01
-8.739494681358337402e-01
-9.695311784744262695e-01
-8.022518754005432129e-01
-1.638489961624145508e+00
-9.279384613037109375e-01
-5.805016756057739258e-01
-1.026066422462463379e+00
-9.455899000167846680e-01
-9.237279295921325684e-01
-1.176822543144226074e+00
-1.763918042182922363e+00
-1.416204690933227539e+00
-1.092175006866455078e+00
-8.997421860694885254e-01
-5.222427845001220703e-01
-8.990243077278137207e-01
-7.856975197792053223e-01
-4.207720160484313965e-01
-8.091707229614257812e-01
-8.164157271385192871e-01
-1.761169731616973877e-02
-9.930741786956787109e-01
-9.403070211410522461e-01
-9.837718605995178223e-01
-8.736142516136169434e-01
-4.857226610183715820e-01
-9.924916028976440430e-01
-7.500661015510559082e-01
-1.075891494750976562e+00
-1.079652786254882812e+00
-1.048388481140136719e+00
-7.806733846664428711e-01
-1.158393263816833496e+00
-7.216556668281555176e-01
-9.165179133415222168e-01
-9.506708979606628418e-01
-7.684975862503051758e-01
-8.257799148559570312e-01
-4.864674508571624756e-01
-6.729101538658142090e-01
-1.196123242378234863e+00
-1.285257339477539062e+00
-8.829975128173828125e-01
-3.295939564704895020e-01
-7.072849869728088379e-01
-8.027593493461608887e-01
-9.163286685943603516e-01
-4.636574089527130127e-01
-1.302480399608612061e-01
-2.955867052078247070e-01
-6.372008919715881348e-01
-7.015053629875183105e-01
-7.443591356277465820e-01
-9.511551856994628906e-01
-1.112662911415100098e+00
-6.752173304557800293e-01
-6.641454100608825684e-01
-7.281267046928405762e-01
-2.625508904457092285e-01
-8.885905742645263672e-01
-7.929969429969787598e-01
-4.686638116836547852e-01
-1.198603510856628418e+00
-1.187155008316040039e+00
-1.072273135185241699e+00
-9.513889551162719727e-01
-8.514714241027832031e-01
-5.727044939994812012e-01
-4.016919434070587158e-01
-5.799666643142700195e-01
-1.385870933532714844e+00
-9.679448604583740234e-01
-1.307259321212768555e+00
-1.254653692245483398e+00
-1.011497497558593750e+00
-8.285700678825378418e-01
-1.457539916038513184e+00
-7.185777425765991211e-01
-7.285100817680358887e-01
-9.415405988693237305e-01
-6.699996590614318848e-01
-1.014020681381225586e+00
-5.211576819419860840e-01
-8.017955422401428223e-01
-3.146554231643676758e-01
-6.526507735252380371e-01
-9.355689883232116699e-01
-8.578851819038391113e-01
-1.362688302993774414e+00
-5.152429342269897461e-01
-2.542931437492370605e-01
-1.117869257926940918e+00
-9.903087019920349121e-01
-8.929368257522583008e-01
-5.813511610031127930e-01
-8.026066422462463379e-01
-9.893513321876525879e-01
-5.243086814880371094e-01
-1.543218374252319336e+00
-1.059459447860717773e+00
-9.749996662139892578e-01
-6.040633916854858398e-01
-6.395855545997619629e-01
-6.160123944282531738e-01
-5.783089399337768555e-01
-5.334827303886413574e-01
-1.106483459472656250e+00
-9.826815724372863770e-01
-1.441374421119689941e+00
-4.905761480331420898e-01
-1.184416413307189941e+00
-1.342987895011901855e+00
-4.418835043907165527e-01
-6.370999217033386230e-01
-6.452148556709289551e-01
-6.074554920196533203e-01
-7.323179841041564941e-01
-1.018946766853332520e+00
-4.880624115467071533e-01
-4.155277311801910400e-01
-1.366178750991821289e+00
-1.119695782661437988e+00
-1.187649130821228027e+00
-1.248223781585693359e+00
-5.593453049659729004e-01
-9.591662287712097168e-01
-8.757464885711669922e-01
-6.030412912368774414e-01
-7.784726023674011230e-01
-7.474011778831481934e-01
-9.157735109329223633e-01
-1.054672598838806152e+00
-8.190714120864868164e-01
-1.304635882377624512e+00
-1.380086779594421387e+00
-1.217565536499023438e+00
-1.018167614936828613e+00
-5.565513372421264648e-01
-9.879900217056274414e-01
-1.059461236000061035e+00
-2.504574656486511230e-01
-6.964814066886901855e-01
-4.623022675514221191e-01
-8.046813607215881348e-01
-1.335326433181762695e+00
-1.036971211433410645e+00
-7.055650949478149414e-01
-9.032115340232849121e-01
-1.060727238655090332e+00
-4.727903902530670166e-01
-7.722914814949035645e-01
-9.236835241317749023e-01
-5.748152136802673340e-01
-7.416244149208068848e-01
-7.161973714828491211e-01
-9.825407862663269043e-01
-1.024180173873901367e+00
-8.524153232574462891e-01
-3.837060332298278809e-01
-1.211341738700866699e+00
-9.776365756988525391e-01
-1.439503550529479980e+00
-1.137884974479675293e+00
-7.649618983268737793e-01
-8.934251666069030762e-01
-6.274729967117309570e-01
-1.179679393768310547e+00
-5.190885663032531738e-01
-7.440086007118225098e-01
-9.470295310020446777e-01
-4.843963086605072021e-01
-1.004291772842407227e+00
-4.721892476081848145e-01
-4.108895659446716309e-01
-3.341834843158721924e-01
-4.981242716312408447e-01
-6.430088281631469727e-01
-1.002388119697570801e+00
-8.143146038055419922e-01
-7.995012402534484863e-01
-8.998089432716369629e-01
-7.071853280067443848e-01
-6.653814911842346191e-01
-1.149599909782409668e+00
-1.194092512130737305e+00
-7.951257824897766113e-01
