-1.081626787781715393e-01
8.418025076389312744e-02
-3.241842612624168396e-03
-4.852878674864768982e-02
-1.403195410966873169e-01
4.310785979032516479e-02
4.367639496922492981e-02
2.263488993048667908e-02
5.426838621497154236e-02
2.206523716449737549e-01
-1.476275268942117691e-02
6.868269760161638260e-03
1.072098538279533386e-01
1.109794676303863525e-01
1.700145564973354340e-02
-1.085784807801246643e-01
1.176442503929138184e-01
2.396668344736099243e-01
2.376462221145629883e-01
1.395334023982286453e-02
1.604976132512092590e-02
2.926744706928730011e-02
1.522905081510543823e-01
7.034886628389358521e-02
1.514049172401428223e-01
-6.057016924023628235e-02
1.395687013864517212e-01
1.425275653600692749e-01
1.904357969760894775e-01
-4.880793392658233643e-02
3.746076300740242004e-02
1.227522790431976318e-01
-2.005214802920818329e-02
5.676688626408576965e-02
1.223978847265243530e-01
1.079341098666191101e-01
6.732092797756195068e-02
2.389263659715652466e-01
2.175501361489295959e-02
2.974528074264526367e-01
3.309891000390052795e-02
1.111951395869255066e-01
8.526537567377090454e-03
-3.985983878374099731e-02
2.719504758715629578e-02
