-3.327921405434608459e-02
7.246877998113632202e-02
1.733090914785861969e-02
9.793232381343841553e-02
-4.852561280131340027e-02
4.528921842575073242e-02
-8.769159764051437378e-02
5.469395965337753296e-02
7.214757800102233887e-02
-5.803275480866432190e-02
4.444625973701477051e-02
2.944078855216503143e-02
-3.421189635992050171e-02
-3.650518879294395447e-02
-9.260869771242141724e-02
-2.049429714679718018e-02
-1.671600900590419769e-02
-6.028050556778907776e-02
1.767680644989013672e-01
2.315352670848369598e-02
-1.082972884178161621e-01
-3.615609928965568542e-02
1.560225039720535278e-01
-2.006560936570167542e-02
8.596754819154739380e-02
1.966506987810134888e-01
1.335443705320358276e-01
-2.413334324955940247e-02
6.259228102862834930e-03
8.541072718799114227e-03
3.120171651244163513e-02
-2.089254744350910187e-02
3.957451134920120239e-02
1.612802152521908283e-03
7.964087277650833130e-02
9.439174830913543701e-02
4.600966349244117737e-02
-1.577341556549072266e-01
8.075056225061416626e-02
3.173574060201644897e-02
-5.440552160143852234e-02
3.698258101940155029e-02
8.748286217451095581e-02
2.062893658876419067e-02
2.746238000690937042e-02
-8.787572383880615234e-02
9.236683696508407593e-02
1.878484897315502167e-02
-7.215946167707443237e-02
9.526465088129043579e-02
-1.166156530380249023e-01
1.451538652181625366e-01
-4.188430681824684143e-02
1.365307867527008057e-01
1.122964099049568176e-01
6.076529994606971741e-02
4.502249509096145630e-02
7.466071099042892456e-02
7.813843339681625366e-02
4.329219460487365723e-02
-1.091473456472158432e-02
1.050196066498756409e-01
8.384284377098083496e-02
-7.773615419864654541e-03
-4.300846159458160400e-02
4.469047859311103821e-02
1.301571726799011230e-01
-5.184863694012165070e-03
1.055929437279701233e-01
-2.674389164894819260e-03
-1.705564558506011963e-01
4.231513664126396179e-02
5.975619703531265259e-02
8.629511296749114990e-02
-4.344766214489936829e-02
