2.599076135084033012e-03
4.598432034254074097e-02
7.471323758363723755e-02
-5.034187063574790955e-02
-1.657014526426792145e-02
6.770736724138259888e-02
1.438651382923126221e-01
-6.887811422348022461e-02
1.045763343572616577e-01
-1.829744875431060791e-02
-9.836023300886154175e-02
1.009204462170600891e-01
8.185203373432159424e-02
-1.302067469805479050e-02
1.479949057102203369e-01
8.030166476964950562e-02
-4.208052530884742737e-02
1.563260108232498169e-01
1.113880425691604614e-01
-9.998261183500289917e-02
8.712084591388702393e-02
-6.743494421243667603e-02
4.615957289934158325e-02
3.231643140316009521e-02
-5.414744466543197632e-02
1.085882931947708130e-01
7.885161042213439941e-02
8.384560793638229370e-02
-7.915556430816650391e-02
-7.203987799584865570e-03
-5.355862900614738464e-02
9.234797954559326172e-02
7.949005812406539917e-02
-4.071031138300895691e-02
3.775977343320846558e-02
-1.534025222063064575e-01
5.115598812699317932e-02
1.260582953691482544e-01
1.630517095327377319e-01
-2.323989197611808777e-02
1.920690946280956268e-02
-4.009903967380523682e-02
6.618015468120574951e-03
-6.194283440709114075e-02
5.574382096529006958e-02
9.144251048564910889e-02
2.104061394929885864e-01
8.355488628149032593e-02
-5.227142199873924255e-02
2.857489697635173798e-02
6.128898635506629944e-02
-5.471482500433921814e-02
2.246856503188610077e-02
-8.161045610904693604e-02
9.832894429564476013e-03
6.853618472814559937e-02
1.200742051005363464e-01
1.144125759601593018e-01
5.043838918209075928e-02
-4.693490639328956604e-02
-3.846976533532142639e-02
-8.785606361925601959e-03
-5.364270415157079697e-03
-8.333692699670791626e-02
6.265192478895187378e-02
1.362511217594146729e-01
1.565603315830230713e-01
4.550397396087646484e-02
5.119561776518821716e-02
4.047614708542823792e-02
2.545044384896755219e-02
7.027816027402877808e-02
-4.728925973176956177e-02
8.808281272649765015e-03
-4.530229140073060989e-03
