1.445741057395935059e-01
-2.241056680679321289e+00
-1.238276958465576172e+00
-4.923300445079803467e-01
-1.141247749328613281e+00
-2.285972595214843750e+00
-2.330126047134399414e+00
-2.717828989028930664e+00
-1.865880489349365234e+00
-3.982759714126586914e-01
-2.574066162109375000e+00
-2.091346740722656250e+00
-2.578452825546264648e+00
-1.294808745384216309e+00
-2.095556497573852539e+00
-1.490837574005126953e+00
-1.448191046714782715e+00
-2.629533290863037109e+00
-5.932053923606872559e-01
-1.173498749732971191e+00
-3.168929576873779297e+00
-2.267600297927856445e+00
-2.396648645401000977e+00
-2.796810150146484375e+00
-2.073897793889045715e-02
-1.138008713722229004e+00
-3.090112686157226562e+00
-1.391177624464035034e-01
-6.175813674926757812e-01
-2.042531013488769531e+00
-1.738031506538391113e+00
-3.026752471923828125e+00
-2.026513099670410156e+00
-1.871800303459167480e+00
-2.240190029144287109e+00
-2.493275880813598633e+00
-2.084607839584350586e+00
-8.609490394592285156e-01
-3.864829838275909424e-01
-7.784690856933593750e-01
-1.790910840034484863e+00
-4.942505061626434326e-01
-2.372687578201293945e+00
-9.646978974342346191e-01
-5.070908665657043457e-01
-1.363798379898071289e+00
-1.800771594047546387e+00
-9.914361238479614258e-01
-2.301210880279541016e+00
-6.115850806236267090e-01
-1.573895812034606934e+00
-1.126488327980041504e+00
5.143953561782836914e-01
-2.479330062866210938e+00
-2.060123682022094727e+00
-2.601346015930175781e+00
-1.951550960540771484e+00
-1.405330538749694824e+00
-1.471188545227050781e+00
-2.409800767898559570e+00
-1.427480816841125488e+00
-2.528249502182006836e+00
-1.707007288932800293e+00
-1.979329824447631836e+00
-1.938966155052185059e+00
-1.011860966682434082e+00
-2.255817651748657227e+00
-1.326827704906463623e-01
-8.039759397506713867e-01
1.530056297779083252e-01
-3.774931669235229492e+00
-1.565412878990173340e+00
-1.671851992607116699e+00
-2.053623676300048828e+00
-2.137262582778930664e+00
-1.898162722587585449e+00
-2.331192255020141602e+00
-1.115104913711547852e+00
-2.018631458282470703e+00
-1.240302562713623047e+00
-1.650568127632141113e+00
-1.428255081176757812e+00
-2.412200212478637695e+00
-3.032403469085693359e+00
9.732844829559326172e-01
-2.490284293889999390e-01
-4.309237599372863770e-01
-1.918443083763122559e+00
-2.259595394134521484e+00
-1.731054425239562988e+00
-3.060013771057128906e+00
-1.951131939888000488e+00
-1.326297521591186523e+00
-1.610978007316589355e+00
-1.861802577972412109e+00
-7.789564728736877441e-01
3.219774365425109863e-01
-1.361252069473266602e+00
-1.322288274765014648e+00
-1.490228533744812012e+00
-1.614532709121704102e+00
-2.138568639755249023e+00
6.115368604660034180e-01
-2.782214641571044922e+00
-3.043736696243286133e+00
-1.987251162528991699e+00
-3.146285772323608398e+00
-9.177622795104980469e-01
-2.300615787506103516e+00
-1.509630918502807617e+00
-8.344708681106567383e-01
-1.074675440788269043e+00
-1.970284342765808105e+00
-9.446576237678527832e-01
-1.972326993942260742e+00
-6.886816024780273438e-01
-1.351392269134521484e+00
-1.197343111038208008e+00
-2.144946813583374023e+00
-1.399605870246887207e+00
-8.269724845886230469e-01
-1.647948384284973145e+00
-1.350015997886657715e+00
-1.109659910202026367e+00
-2.161702156066894531e+00
-2.659413576126098633e+00
-1.542277216911315918e+00
-1.032932043075561523e+00
-1.495619654655456543e+00
-9.619443416595458984e-01
-1.887819170951843262e+00
-6.415130496025085449e-01
-2.912272930145263672e+00
-1.444900870323181152e+00
-1.248787641525268555e+00
-1.777897953987121582e+00
-1.567469954490661621e+00
-1.090155839920043945e+00
-5.636067390441894531e-01
-3.023656368255615234e+00
-3.210087418556213379e-01
2.181669324636459351e-01
-2.079471111297607422e+00
-1.812253713607788086e+00
-3.013652563095092773e+00
3.645554780960083008e-01
-8.947637677192687988e-01
-7.747566103935241699e-01
-1.055402636528015137e+00
-9.571436047554016113e-01
-2.897729158401489258e+00
-2.229834318161010742e+00
-1.013088107109069824e+00
-1.220138907432556152e+00
-2.599575757980346680e+00
-8.888570666313171387e-01
-1.444413661956787109e+00
-8.769386410713195801e-01
-1.134566068649291992e+00
-3.907541275024414062e+00
-1.403046727180480957e+00
-1.455492138862609863e+00
-2.229227066040039062e+00
-4.753208756446838379e-01
-2.898217678070068359e+00
-9.427883625030517578e-01
-2.920891046524047852e+00
-5.301373004913330078e-01
-1.899286627769470215e+00
-4.188766479492187500e+00
-1.009045839309692383e+00
-1.504232764244079590e+00
-1.106339693069458008e+00
6.628070473670959473e-01
-7.624582052230834961e-01
-3.692495822906494141e+00
-2.209780216217041016e+00
-2.329329252243041992e-01
-1.529373526573181152e+00
-1.190057277679443359e+00
-1.512932896614074707e+00
-1.341739892959594727e+00
-9.982520937919616699e-01
-3.122902214527130127e-01
-3.492106497287750244e-01
-2.480667352676391602e+00
-2.068343877792358398e+00
-1.847801804542541504e+00
-5.420601963996887207e-01
-2.113745689392089844e+00
-3.933790445327758789e+00
-2.962989330291748047e+00
-2.846467256546020508e+00
-2.460430383682250977e+00
-8.698027133941650391e-01
-1.400314331054687500e+00
-1.732393383979797363e+00
-1.759630627930164337e-02
-1.899258792400360107e-01
-2.894023656845092773e+00
-1.309989333152770996e+00
-1.276960730552673340e+00
-8.559824824333190918e-01
-2.031383991241455078e+00
-1.971773266792297363e+00
-3.405551612377166748e-01
-1.392163634300231934e+00
-1.174852848052978516e+00
-5.094902515411376953e-01
-8.147580027580261230e-01
-7.977704405784606934e-01
-1.811724662780761719e+00
-2.217248201370239258e+00
-2.385217905044555664e+00
-2.829669713973999023e-01
-1.222198009490966797e+00
-1.618824124336242676e+00
2.741816043853759766e-01
-1.766216874122619629e+00
-8.994127511978149414e-01
-1.741257786750793457e+00
-2.206168889999389648e+00
-1.162254452705383301e+00
-2.186825513839721680e+00
-2.503818273544311523e+00
-8.802997469902038574e-01
-1.391357779502868652e+00
-1.004321932792663574e+00
-1.910078406333923340e+00
-9.979900717735290527e-01
-3.186199426651000977e+00
-1.518842339515686035e+00
-1.152907252311706543e+00
-7.750921249389648438e-01
-4.556045234203338623e-01
-7.666847705841064453e-01
-1.806611776351928711e+00
-2.044804096221923828e+00
-2.633587837219238281e+00
-1.405362844467163086e+00
-8.041180372238159180e-01
-2.855522394180297852e+00
-1.278096199035644531e+00
-1.811972856521606445e+00
-2.782319486141204834e-01
-1.333386778831481934e+00
-4.990715086460113525e-01
-1.637480974197387695e+00
-1.880709171295166016e+00
-1.437743067741394043e+00
-1.631558179855346680e+00
-1.538882255554199219e+00
-1.821870207786560059e+00
-1.564771056175231934e+00
-1.982954621315002441e+00
-1.984218358993530273e+00
-1.189578652381896973e+00
-5.562051758170127869e-02
-1.950056552886962891e+00
-1.630671262741088867e+00
-1.743465662002563477e+00
-1.053850054740905762e+00
-2.194396257400512695e+00
-2.449867486953735352e+00
9.419676661491394043e-02
-9.928715825080871582e-01
-1.592339515686035156e+00
-1.562018871307373047e+00
-3.047220945358276367e+00
-2.408676892518997192e-01
-1.995983570814132690e-01
-1.364933371543884277e+00
-1.946584343910217285e+00
-1.729038506746292114e-01
-3.369586229324340820e+00
-1.184230208396911621e+00
-1.218743205070495605e+00
-1.326116204261779785e+00
-2.390492916107177734e+00
-1.916883349418640137e+00
-1.819304108619689941e+00
-2.487155914306640625e+00
-1.846075654029846191e+00
-2.723953247070312500e+00
-1.587736606597900391e+00
-3.242078304290771484e+00
-2.170207738876342773e+00
-4.188885688781738281e-01
-3.874073028564453125e+00
-2.706120967864990234e+00
-2.810688018798828125e+00
-1.213471055030822754e+00
-1.726779222488403320e+00
-1.325878143310546875e+00
-2.881624937057495117e+00
-8.943486213684082031e-01
4.570360481739044189e-01
-1.816957473754882812e+00
-2.325187444686889648e+00
-1.043815851211547852e+00
