-1.869752109050750732e-01
-1.743408590555191040e-01
-6.092419102787971497e-02
-5.173656344413757324e-02
-6.737862527370452881e-02
-1.235374882817268372e-01
-2.511670626699924469e-02
-7.275748997926712036e-02
-6.607080996036529541e-02
-9.297969937324523926e-02
-1.209982931613922119e-01
-2.045949846506118774e-01
-1.374578773975372314e-01
-7.626931369304656982e-02
-1.141200065612792969e-01
-7.235017418861389160e-02
-1.482644081115722656e-01
-1.567634940147399902e-01
-1.226305365562438965e-01
-1.512747257947921753e-01
-4.511355981230735779e-02
-1.568310409784317017e-01
-8.173102885484695435e-02
-1.062087193131446838e-01
-1.115053147077560425e-01
-7.730083167552947998e-02
-1.295954138040542603e-01
-1.695210635662078857e-01
-8.477289974689483643e-02
-1.568365842103958130e-01
-1.568526029586791992e-01
-5.332254990935325623e-02
-1.735919564962387085e-01
-9.973854571580886841e-02
-8.691939711570739746e-02
-6.868030875921249390e-02
-8.611028641462326050e-02
-1.250417679548263550e-01
-8.674163371324539185e-02
-1.277530491352081299e-01
-1.458529978990554810e-01
-1.304395198822021484e-01
-5.902273207902908325e-02
-1.574264615774154663e-01
-5.028294771909713745e-02
-1.782331317663192749e-01
-1.795183420181274414e-01
-1.807761341333389282e-01
-1.663544028997421265e-01
-1.041499525308609009e-01
-1.749259829521179199e-01
-8.994074165821075439e-02
-6.305302679538726807e-02
-5.525561049580574036e-02
-6.625507026910781860e-02
-1.221422478556632996e-01
-1.518221944570541382e-01
-9.160911291837692261e-02
-4.353659600019454956e-02
-8.603806048631668091e-02
-1.267343312501907349e-01
-1.734702587127685547e-01
-1.484278142452239990e-01
-2.040544301271438599e-01
-1.245727986097335815e-01
-1.268257796764373779e-01
-1.161257401108741760e-01
-1.451589912176132202e-01
-5.544374510645866394e-02
-9.572743624448776245e-02
-1.383692324161529541e-01
-1.077840030193328857e-01
-4.805477336049079895e-02
-1.695399433374404907e-01
-7.922427356243133545e-02
-1.251310855150222778e-01
-2.128655016422271729e-01
-1.214317753911018372e-01
-9.151411056518554688e-02
-5.348110571503639221e-02
-1.062799617648124695e-01
-1.645094454288482666e-01
-1.342749744653701782e-01
-9.107865393161773682e-02
-1.528521180152893066e-01
-1.093189492821693420e-01
-1.676479130983352661e-01
-9.277698397636413574e-02
-1.585997790098190308e-01
-1.788063049316406250e-01
-7.128243148326873779e-02
-1.434686034917831421e-01
-1.422628760337829590e-01
-7.462333142757415771e-02
-5.621077120304107666e-02
-1.027335152029991150e-01
-1.463514864444732666e-01
-9.372486174106597900e-02
-1.197748780250549316e-01
-9.406686574220657349e-02
-9.656590223312377930e-02
-7.706011086702346802e-02
-2.287589162588119507e-01
-1.105545237660408020e-01
-7.061115652322769165e-02
-1.894678622484207153e-01
-1.989528536796569824e-01
-1.756818592548370361e-01
-6.625474989414215088e-02
-1.230555698275566101e-01
-6.143525242805480957e-02
-1.670480221509933472e-01
-1.528062373399734497e-01
-5.814585834741592407e-02
-1.041070893406867981e-01
-1.127747446298599243e-01
-1.783826202154159546e-01
-5.322596058249473572e-02
-1.361020505428314209e-01
-1.132714450359344482e-01
-5.075204372406005859e-02
-1.120217740535736084e-01
-9.291003644466400146e-02
-1.623696535825729370e-01
-6.839065998792648315e-02
-6.222141534090042114e-02
-1.076715365052223206e-01
-1.054064333438873291e-01
-1.124948710203170776e-01
-2.469362504780292511e-02
-1.060703769326210022e-01
-1.827397197484970093e-01
-1.308092623949050903e-01
-1.074612587690353394e-01
-8.953981101512908936e-02
-2.191676348447799683e-01
-1.821694523096084595e-01
-6.757319718599319458e-02
-1.999140083789825439e-01
-1.247560158371925354e-01
-1.386840790510177612e-01
-1.830456554889678955e-01
-1.833831071853637695e-01
-5.947526544332504272e-02
-1.611462086439132690e-01
-8.673413842916488647e-02
-1.023864746093750000e-01
-1.713565289974212646e-01
-1.374261677265167236e-01
-1.747563183307647705e-01
-1.647235006093978882e-01
-1.441323906183242798e-01
-8.144609630107879639e-02
-6.748554855585098267e-02
-1.128944084048271179e-01
-1.210718005895614624e-01
-1.154111847281455994e-01
-1.299772113561630249e-01
-8.404140919446945190e-02
-1.353075355291366577e-01
-1.428851485252380371e-01
-7.842801511287689209e-02
-1.707827746868133545e-01
-1.061289459466934204e-01
-1.374242454767227173e-01
-2.129140198230743408e-01
-1.445921808481216431e-01
-1.664053350687026978e-01
-8.458518236875534058e-02
-1.671976447105407715e-01
-6.909040361642837524e-02
-1.890678107738494873e-01
-1.645216494798660278e-01
-1.316767036914825439e-01
-1.665738672018051147e-01
-1.355477720499038696e-01
-6.036389619112014771e-02
-1.714698970317840576e-01
-1.996144801378250122e-01
-1.019255071878433228e-01
-1.102498546242713928e-01
-8.734664320945739746e-02
-1.357985585927963257e-01
-1.633920967578887939e-01
-1.208339780569076538e-01
-1.178083643317222595e-01
-1.167351379990577698e-01
-1.859282255172729492e-01
-1.267004907131195068e-01
-1.801422685384750366e-01
-7.809795439243316650e-02
-1.805271804332733154e-01
-1.227715834975242615e-01
-6.386187672615051270e-02
-1.438014954328536987e-01
-8.557269722223281860e-02
-1.434276998043060303e-01
-1.537226587533950806e-01
-1.306903064250946045e-01
-1.688854843378067017e-01
-1.545712947845458984e-01
-1.182608455419540405e-01
-1.607450693845748901e-01
-7.480229437351226807e-02
-1.323535740375518799e-01
-1.271302253007888794e-01
-1.562804281711578369e-01
-1.645616590976715088e-01
-1.468411087989807129e-01
-1.462415605783462524e-01
-9.252046793699264526e-02
-9.002531319856643677e-02
-6.382970511913299561e-02
-1.156001538038253784e-01
-1.475418657064437866e-01
-1.161167845129966736e-01
-1.600566804409027100e-01
-1.826530843973159790e-01
-1.566267162561416626e-01
-1.268115043640136719e-01
-2.184127718210220337e-01
-9.283952414989471436e-02
-1.098272949457168579e-01
-1.399625092744827271e-01
-1.089234501123428345e-01
-1.844008415937423706e-01
-1.111337766051292419e-01
-3.127915039658546448e-02
-1.549655944108963013e-01
-1.676740497350692749e-01
-1.449905484914779663e-01
-1.167424991726875305e-01
-9.136082977056503296e-02
-9.583421796560287476e-02
-9.310106933116912842e-02
-6.331533938646316528e-02
-1.425365507602691650e-01
-1.630464047193527222e-01
-1.757798641920089722e-01
-1.345939189195632935e-01
-1.156268343329429626e-01
-4.272410273551940918e-02
-1.013245210051536560e-01
-4.144233837723731995e-02
-9.835869073867797852e-02
-1.527537852525711060e-01
-1.992724537849426270e-01
-2.951264195144176483e-02
-1.350848823785781860e-01
-6.673075258731842041e-02
-6.801008433103561401e-02
-1.758571118116378784e-01
-8.649282902479171753e-02
-1.174138188362121582e-01
-1.161460354924201965e-01
-6.036956235766410828e-02
-1.340832412242889404e-01
-8.437769114971160889e-02
-3.767825290560722351e-02
-3.282952681183815002e-02
-1.574394404888153076e-01
-4.838592559099197388e-02
-4.379413276910781860e-02
-8.234605193138122559e-02
-6.220948696136474609e-02
-1.387096494436264038e-01
-1.768092513084411621e-01
-9.212309122085571289e-02
-8.118981868028640747e-02
-1.498314887285232544e-01
-1.275518387556076050e-01
-1.180829852819442749e-01
-1.594154089689254761e-01
-1.482338309288024902e-01
-1.746188253164291382e-01
-6.730085611343383789e-02
-7.904334366321563721e-02
-2.124789655208587646e-01
-1.693583577871322632e-01
-1.087967753410339355e-01
-5.717784538865089417e-02
-1.561920195817947388e-01
-5.934525653719902039e-02
-1.192711666226387024e-01
-9.953691810369491577e-02
-1.197960153222084045e-01
-1.273750811815261841e-01
-9.053999930620193481e-02
-1.098540127277374268e-01
-9.164987504482269287e-02
-1.540963202714920044e-01
-2.256806753575801849e-02
-6.810167431831359863e-02
-9.756650775671005249e-02
-5.417095869779586792e-02
-1.518033724278211594e-02
-2.610676735639572144e-02
-1.567421406507492065e-01
-1.319368928670883179e-01
-1.446472704410552979e-01
