-1.082548022270202637e+00
-3.737701177597045898e-01
-7.604008913040161133e-01
-5.274109840393066406e-01
-9.381135702133178711e-01
-1.085508584976196289e+00
-5.578696131706237793e-01
-1.075048327445983887e+00
-5.711215138435363770e-01
-1.139374136924743652e+00
-8.638268113136291504e-01
-1.008339047431945801e+00
-7.783842682838439941e-01
-4.133166074752807617e-01
-7.051945328712463379e-01
-1.066828846931457520e+00
-1.023995041847229004e+00
-1.062190413475036621e+00
-3.336981534957885742e-01
-1.389061689376831055e+00
-1.229122996330261230e+00
-6.862792968750000000e-01
-6.304420232772827148e-01
-1.255675435066223145e+00
-3.219415843486785889e-01
-1.078637838363647461e+00
-1.022901773452758789e+00
-6.976180672645568848e-01
-7.129110097885131836e-01
-9.765704274177551270e-01
-3.020301759243011475e-01
-8.137785792350769043e-01
-1.102964520454406738e+00
-8.766486644744873047e-01
-1.601259112358093262e-01
-7.571778893470764160e-01
-9.609425067901611328e-01
-8.302131891250610352e-01
-1.282768845558166504e+00
-6.446551531553268433e-02
-1.124550342559814453e+00
-8.197789192199707031e-01
-8.220893740653991699e-01
-7.673231363296508789e-01
-1.010807037353515625e+00
-1.602140814065933228e-01
-1.162427306175231934e+00
-5.059379935264587402e-01
-1.081325531005859375e+00
-1.107786417007446289e+00
-7.564572691917419434e-01
-6.278403401374816895e-01
-1.061220407485961914e+00
-1.380115270614624023e+00
-1.019145250320434570e+00
-9.856957197189331055e-01
-8.552559614181518555e-01
-1.198515892028808594e+00
-7.433603405952453613e-01
-1.136970043182373047e+00
-3.557215929031372070e-01
-1.250691652297973633e+00
-3.881087303161621094e-01
-6.098898649215698242e-01
-4.520553648471832275e-01
-9.863247275352478027e-01
-9.384801983833312988e-01
-6.843280196189880371e-01
-8.771777749061584473e-01
-5.710947513580322266e-01
-7.679541110992431641e-01
-1.165893554687500000e+00
-1.323037266731262207e+00
-9.104384779930114746e-01
-9.258258938789367676e-01
-9.495846033096313477e-01
-1.210428237915039062e+00
-9.611132740974426270e-01
-6.195927858352661133e-01
-9.482299089431762695e-01
-6.848547458648681641e-01
-1.158394098281860352e+00
-1.293299674987792969e+00
-5.271226763725280762e-01
-9.084036350250244141e-01
-8.241751790046691895e-01
-1.003076672554016113e+00
-4.869992733001708984e-01
-7.622992992401123047e-01
-3.264772891998291016e-01
-9.713953137397766113e-01
-1.769651621580123901e-01
-8.873991370201110840e-01
-1.152496933937072754e+00
-9.311491847038269043e-01
-4.037379026412963867e-01
-1.068896532058715820e+00
-8.602707982063293457e-01
-1.123810410499572754e+00
-8.765846490859985352e-01
-9.210497736930847168e-01
-8.149893283843994141e-01
-1.088490962982177734e+00
-1.123165249824523926e+00
-1.109399914741516113e+00
-1.140668272972106934e+00
-5.220323801040649414e-01
-3.348872363567352295e-01
-1.068315863609313965e+00
-3.638202548027038574e-01
-6.639995574951171875e-01
-1.073722481727600098e+00
-1.018169522285461426e+00
-7.683101892471313477e-01
-1.185303568840026855e+00
-8.849376440048217773e-01
-7.816629409790039062e-01
-7.418761253356933594e-01
-5.784753710031509399e-02
-3.934944570064544678e-01
-6.076962351799011230e-01
-1.250144720077514648e+00
-9.548125863075256348e-01
-6.230044364929199219e-01
-1.046696424484252930e+00
-1.247048497200012207e+00
-7.835881710052490234e-01
-3.846751451492309570e-01
-1.664946675300598145e+00
-1.168144583702087402e+00
-6.295511722564697266e-01
-7.189433574676513672e-01
-4.193077683448791504e-01
-5.991370081901550293e-01
-1.108938813209533691e+00
-1.176766872406005859e+00
-7.996298670768737793e-01
-5.573239922523498535e-01
-3.207553923130035400e-01
-7.645551562309265137e-01
-1.008008837699890137e+00
-1.007983803749084473e+00
-7.454110383987426758e-01
-8.557271361351013184e-01
-5.651791095733642578e-01
-5.731632709503173828e-01
-5.446707606315612793e-01
-8.401953577995300293e-01
-1.189594030380249023e+00
-8.063928484916687012e-01
-8.256655931472778320e-01
-9.049766659736633301e-01
-4.997933208942413330e-01
-7.853106260299682617e-01
-8.673996329307556152e-01
-1.070629954338073730e+00
-1.255720019340515137e+00
-6.485018730163574219e-01
-6.676180362701416016e-01
-5.801483988761901855e-01
-3.659418225288391113e-01
-1.871988177299499512e-01
-6.310936212539672852e-01
-6.369379162788391113e-01
-7.568465471267700195e-01
-8.224938511848449707e-01
-1.599653720855712891e+00
-1.244667053222656250e+00
-5.974517464637756348e-01
-4.373128116130828857e-01
-7.756037712097167969e-01
-3.360228538513183594e-01
-3.879923820495605469e-01
-1.150551676750183105e+00
-1.002511143684387207e+00
-1.011940479278564453e+00
-6.004613637924194336e-01
-1.017260551452636719e+00
-1.062612652778625488e+00
-7.857552766799926758e-01
-1.154420614242553711e+00
-4.890792667865753174e-01
-8.477663248777389526e-02
-5.697692632675170898e-01
-1.186852574348449707e+00
-6.344028115272521973e-01
-5.501672625541687012e-01
-9.132015109062194824e-01
-7.333295345306396484e-01
-1.147135496139526367e+00
-3.851756453514099121e-01
-5.952978134155273438e-01
-2.201314717531204224e-01
-2.066308408975601196e-01
-8.529061079025268555e-01
3.424381837248802185e-02
-8.725515007972717285e-01
-5.944828391075134277e-01
-8.801435232162475586e-01
-1.162987351417541504e+00
-1.073872685432434082e+00
-8.028847575187683105e-01
-8.811948299407958984e-01
-1.215633377432823181e-02
-1.014509320259094238e+00
-1.120636224746704102e+00
-1.453437447547912598e+00
-9.316588640213012695e-01
-1.091103315353393555e+00
-8.088001012802124023e-01
-1.226562619209289551e+00
-6.524727344512939453e-01
-1.210417628288269043e+00
-1.543683886528015137e+00
-1.557480245828628540e-01
-1.463368296623229980e+00
-5.910317301750183105e-01
-1.306921482086181641e+00
-1.371429324150085449e+00
-6.446972489356994629e-01
-1.107322931289672852e+00
-1.073100328445434570e+00
-1.476349949836730957e+00
-8.392211198806762695e-01
-8.101584911346435547e-01
-1.331989169120788574e+00
-4.519724845886230469e-01
-9.386059045791625977e-01
-9.281628727912902832e-01
-1.086734294891357422e+00
-5.453262329101562500e-01
-9.898523092269897461e-01
-2.712635993957519531e-01
-8.576950430870056152e-01
-9.660993218421936035e-01
-8.750694990158081055e-02
-1.180752277374267578e+00
-6.309168934822082520e-01
-1.341632723808288574e+00
-9.209802150726318359e-01
-1.081312656402587891e+00
-8.597891926765441895e-01
-6.449859738349914551e-01
-1.235583543777465820e+00
-7.714831829071044922e-01
-9.373559951782226562e-01
-9.432400465011596680e-01
-1.060211181640625000e+00
-6.140645742416381836e-01
-6.087927222251892090e-01
-1.333484768867492676e+00
-6.560981869697570801e-01
-7.330805063247680664e-01
-1.016513943672180176e+00
-1.285972952842712402e+00
-1.360203266143798828e+00
-1.484609127044677734e+00
-1.336855530738830566e+00
-1.205365300178527832e+00
-9.301321506500244141e-01
-5.916103720664978027e-01
-8.712112307548522949e-01
-1.165867805480957031e+00
-1.648412108421325684e+00
-1.586660593748092651e-01
-3.474601507186889648e-01
-9.048004746437072754e-01
-7.739292383193969727e-01
-6.841927766799926758e-01
-1.000298857688903809e+00
-1.726367324590682983e-01
-9.912760853767395020e-01
-6.196041107177734375e-01
-9.595421552658081055e-01
-3.339919447898864746e-01
-7.296429276466369629e-01
-1.032945156097412109e+00
-4.692175388336181641e-01
-1.888406157493591309e+00
-8.539353013038635254e-01
-6.086693406105041504e-01
-1.013083696365356445e+00
-1.180136561393737793e+00
-9.479597806930541992e-01
-5.099164247512817383e-01
-9.841202497482299805e-01
-1.249826788902282715e+00
-3.262231647968292236e-01
-7.327788472175598145e-01
-7.145028710365295410e-01
-8.875473737716674805e-01
-8.558266758918762207e-01
-6.330932974815368652e-01
-6.838995218276977539e-01
-1.094646215438842773e+00
-1.215296506881713867e+00
4.600459337234497070e-02
-2.747494876384735107e-01
-1.323320508003234863e+00
-9.367467761039733887e-01
