2.698579430580139160e-01
1.131474524736404419e-01
1.842362880706787109e-01
-2.108128517866134644e-01
8.703554049134254456e-03
7.559434324502944946e-02
6.670762598514556885e-02
1.516585946083068848e-01
4.616391286253929138e-02
3.466862738132476807e-01
1.260547488927841187e-01
9.768145531415939331e-02
9.340114146471023560e-02
1.368381679058074951e-01
-1.501746848225593567e-02
6.912488490343093872e-02
8.391824364662170410e-02
-1.117871515452861786e-02
2.254057973623275757e-01
-3.473525494337081909e-02
1.265895664691925049e-01
2.103393673896789551e-01
-1.616568565368652344e-01
-1.122243776917457581e-01
1.612159013748168945e-01
2.295691047038417310e-06
-1.378805935382843018e-01
1.620143651962280273e-01
1.024472936987876892e-01
5.940616503357887268e-02
1.378909647464752197e-01
6.322921812534332275e-02
5.717899650335311890e-02
-2.677465602755546570e-02
-2.676034905016422272e-02
1.115750372409820557e-01
-1.962132751941680908e-02
8.587903529405593872e-02
7.892412692308425903e-02
8.491803705692291260e-02
5.255756527185440063e-02
1.090572103857994080e-01
9.804142266511917114e-02
1.184354647994041443e-01
1.630630195140838623e-01
