-9.028474092483520508e-01
-9.692317843437194824e-01
-9.225564599037170410e-01
-4.998498558998107910e-01
-9.592451453208923340e-01
-1.219736695289611816e+00
-9.245619773864746094e-01
-7.898731827735900879e-01
-9.431640505790710449e-01
-1.450873613357543945e+00
-1.005090713500976562e+00
-1.223665833473205566e+00
-1.283823966979980469e+00
-9.241879582405090332e-01
-6.890970468521118164e-01
-5.658360719680786133e-01
-1.123615026473999023e+00
-9.167109727859497070e-01
-4.832937121391296387e-01
-2.515875995159149170e-01
-9.772906303405761719e-01
-6.567783951759338379e-01
-7.341021299362182617e-01
-8.874245882034301758e-01
-5.638991594314575195e-01
-5.077095031738281250e-01
-1.072108745574951172e+00
-7.927633523941040039e-01
-8.401354551315307617e-01
-4.623112678527832031e-01
-5.822815895080566406e-01
-8.687271475791931152e-01
-1.503108441829681396e-01
-9.226048588752746582e-01
-5.784126520156860352e-01
-8.770341277122497559e-01
-7.894535064697265625e-01
-3.729846179485321045e-01
-7.537051439285278320e-01
-4.843628704547882080e-01
-8.409186005592346191e-01
-1.359166860580444336e+00
-8.378589749336242676e-01
-8.223440647125244141e-01
-1.237122178077697754e+00
-5.014770030975341797e-01
-9.067212939262390137e-01
-8.867382407188415527e-01
-7.586216926574707031e-01
-1.168591737747192383e+00
-8.226386904716491699e-01
-5.710643529891967773e-01
-3.531666100025177002e-01
-8.235032558441162109e-01
-6.779016852378845215e-01
-1.370875477790832520e+00
-1.176285505294799805e+00
-8.855683207511901855e-01
-9.120859503746032715e-01
-7.867910265922546387e-01
-6.665900349617004395e-01
-1.262985587120056152e+00
-9.516700506210327148e-01
-1.172895669937133789e+00
-6.044971942901611328e-01
-2.562449276447296143e-01
-5.848471522331237793e-01
-9.647852182388305664e-01
-2.308762818574905396e-01
-9.782052040100097656e-01
-6.417123675346374512e-01
-5.840694904327392578e-01
-6.959104537963867188e-01
-1.220845818519592285e+00
-1.326345682144165039e+00
-1.271172165870666504e+00
-7.304226756095886230e-01
-6.782217621803283691e-01
-9.719637632369995117e-01
-6.998571753501892090e-01
-6.963912844657897949e-01
-7.597218155860900879e-01
-3.462671339511871338e-01
-1.162389874458312988e+00
-6.811739802360534668e-01
-4.042628109455108643e-01
-1.113406062126159668e+00
-7.973400950431823730e-01
-1.306100726127624512e+00
-1.055981159210205078e+00
-1.078480720520019531e+00
-9.228551387786865234e-01
-6.447230577468872070e-01
-1.177631020545959473e+00
-1.401955604553222656e+00
-1.209108829498291016e+00
-7.341095209121704102e-01
-1.013532280921936035e+00
-1.281222105026245117e+00
-5.545734763145446777e-01
-1.010112643241882324e+00
-1.346075177192687988e+00
-3.063405454158782959e-01
-1.493096232414245605e+00
-6.665575504302978516e-01
-8.874022364616394043e-01
-8.821774721145629883e-01
-1.097919344902038574e+00
-9.017310142517089844e-01
-8.420550823211669922e-01
-5.996438860893249512e-01
-2.357006072998046875e-01
-9.334470033645629883e-01
-1.042919397354125977e+00
-1.132390260696411133e+00
-7.316441535949707031e-01
-1.086441278457641602e+00
-9.506445527076721191e-01
-9.883021712303161621e-01
-8.477771878242492676e-01
-5.783141851425170898e-01
-8.379040360450744629e-01
-3.295826911926269531e-01
-7.164511084556579590e-01
-1.551417112350463867e+00
-7.559439539909362793e-01
-1.185998082160949707e+00
-6.570605635643005371e-01
-9.209814071655273438e-01
-7.195949554443359375e-01
-1.212302684783935547e+00
-1.473286390304565430e+00
-1.137440204620361328e+00
-9.859416484832763672e-01
-4.246355891227722168e-01
-8.506792187690734863e-01
-9.234703183174133301e-01
-1.217062473297119141e+00
-6.500685214996337891e-01
-1.234790325164794922e+00
-9.597883820533752441e-01
-1.131550908088684082e+00
-5.010242462158203125e-01
-1.173374652862548828e+00
-9.197719097137451172e-01
-8.675414919853210449e-01
-3.457389771938323975e-01
-5.305062532424926758e-01
-1.002415060997009277e+00
-6.002736687660217285e-01
-8.745729327201843262e-01
-8.039544820785522461e-01
-1.054269790649414062e+00
-1.244154810905456543e+00
-7.386848926544189453e-01
-9.094672203063964844e-01
-5.117766261100769043e-01
-1.169712901115417480e+00
-6.855700612068176270e-01
-5.271220207214355469e-01
-3.696093261241912842e-01
-2.609609961509704590e-01
-1.269870400428771973e+00
-4.688865840435028076e-01
-8.250553011894226074e-01
-1.068863153457641602e+00
-9.225777983665466309e-01
-1.169795393943786621e+00
-9.833472371101379395e-01
-9.335632920265197754e-01
-6.767106056213378906e-01
-1.654272079467773438e+00
-6.852961182594299316e-01
-4.328486323356628418e-01
-5.977983474731445312e-01
-9.525352120399475098e-01
-9.127605557441711426e-01
-7.523853778839111328e-01
-5.982735753059387207e-01
-7.578820586204528809e-01
-4.627022445201873779e-01
-9.358017444610595703e-01
-1.105293631553649902e+00
-5.391843914985656738e-01
-9.650410413742065430e-01
-4.250852465629577637e-01
-5.819398164749145508e-01
-7.522467374801635742e-01
-8.037267327308654785e-01
-6.914534568786621094e-01
-6.722021698951721191e-01
-6.347710490226745605e-01
-5.542956590652465820e-01
-1.043775439262390137e+00
-6.149436235427856445e-01
-7.666899561882019043e-01
-1.203408718109130859e+00
-1.035516142845153809e+00
-1.065405011177062988e+00
-7.984637022018432617e-01
-1.028836607933044434e+00
-5.786129832267761230e-01
-5.070861577987670898e-01
-4.740990996360778809e-01
-9.601839184761047363e-01
-4.820878803730010986e-01
-1.019187927246093750e+00
-1.011505961418151855e+00
-5.006050467491149902e-01
-3.344040811061859131e-01
5.307356119155883789e-01
-9.975535273551940918e-01
-1.287248134613037109e+00
1.493238508701324463e-01
-5.455486774444580078e-01
-7.279022336006164551e-01
-1.119916677474975586e+00
-8.999783396720886230e-01
-8.509095907211303711e-01
-1.030403017997741699e+00
-5.278669595718383789e-01
-9.763227701187133789e-01
-8.178603649139404297e-01
-7.816059589385986328e-01
-1.189300298690795898e+00
-5.381419062614440918e-01
-6.865507364273071289e-01
-6.475211977958679199e-01
-9.723439216613769531e-01
-8.056156635284423828e-01
-1.019137620925903320e+00
-1.168272256851196289e+00
-9.258458018302917480e-01
-2.901089191436767578e-01
-9.020723104476928711e-01
-1.035248398780822754e+00
-9.794957637786865234e-01
-7.243161201477050781e-01
-1.527165293693542480e+00
-9.700001478195190430e-01
-1.173267245292663574e+00
5.342723056674003601e-02
-6.398326754570007324e-01
-4.676443338394165039e-01
-8.007169514894485474e-02
-3.072789609432220459e-01
-7.551034092903137207e-01
-7.625468373298645020e-01
-1.001747012138366699e+00
-8.748885989189147949e-01
-3.546018898487091064e-01
-1.115164518356323242e+00
-8.567212224006652832e-01
-7.295593619346618652e-01
-8.853739500045776367e-01
-9.946809411048889160e-01
-4.318296909332275391e-01
-8.647691011428833008e-01
-1.248650193214416504e+00
-5.220766663551330566e-01
-1.028394341468811035e+00
-5.453703999519348145e-01
-1.348782539367675781e+00
-6.542034745216369629e-01
-2.581806778907775879e-01
-7.461317181587219238e-01
-5.264366865158081055e-01
-9.458992481231689453e-01
-2.121790349483489990e-01
-1.069219112396240234e+00
-9.215533137321472168e-01
-7.707296609878540039e-01
-6.928368806838989258e-01
-9.375124573707580566e-01
-6.935252547264099121e-01
-2.889589071273803711e-01
-1.155290126800537109e+00
-8.756465911865234375e-01
-5.086125731468200684e-01
-9.294791221618652344e-01
-8.461465835571289062e-01
-1.482671141624450684e+00
-2.423894554376602173e-01
-3.594864308834075928e-01
-7.868510484695434570e-01
-6.345320343971252441e-01
-9.745345115661621094e-01
-6.832554936408996582e-01
-1.111722886562347412e-01
-5.895140767097473145e-01
-9.680058956146240234e-01
-1.362568616867065430e+00
-9.325580596923828125e-01
-8.108641505241394043e-01
-8.868122696876525879e-01
-1.009071350097656250e+00
-1.063988447189331055e+00
-1.043884277343750000e+00
-1.028204083442687988e+00
-3.793513774871826172e-01
