2.482931129634380341e-03
-4.225493595004081726e-02
7.413756684400141239e-04
2.570118568837642670e-02
2.750833705067634583e-02
9.286503493785858154e-02
3.941508475691080093e-03
-1.083286758512258530e-02
3.185486420989036560e-02
4.586616158485412598e-02
1.359492987394332886e-01
1.589875319041311741e-03
-3.556642681360244751e-02
-2.036844938993453979e-02
4.402035102248191833e-02
8.069198578596115112e-02
-1.369988452643156052e-02
-2.337985299527645111e-02
-6.881204247474670410e-02
2.592118270695209503e-02
1.916427724063396454e-02
1.082793623208999634e-02
8.839672803878784180e-02
1.541059613227844238e-01
-4.211762920022010803e-02
4.252731334418058395e-03
-6.752286106348037720e-02
1.531561277806758881e-02
-3.770349174737930298e-02
1.032080035656690598e-02
4.279553890228271484e-02
3.690956532955169678e-02
-2.476092427968978882e-02
-7.859969511628150940e-03
-3.438647836446762085e-02
-3.528063744306564331e-02
-4.172741621732711792e-02
-3.551107365638017654e-03
1.973417773842811584e-02
4.041743278503417969e-02
-2.208498772233724594e-04
-1.576525683049112558e-04
-2.095666155219078064e-02
7.532666623592376709e-02
-1.049348153173923492e-03
-2.303625084459781647e-02
3.717567771673202515e-02
6.823900341987609863e-02
-5.879253149032592773e-03
-1.906490698456764221e-02
-4.667075350880622864e-02
1.058204546570777893e-01
-3.262083232402801514e-02
1.521231830120086670e-01
7.120925188064575195e-02
-3.834389522671699524e-02
-1.307753473520278931e-02
9.132225066423416138e-02
6.899066269397735596e-02
5.501455813646316528e-02
-2.409387752413749695e-02
2.912033349275588989e-02
3.684740886092185974e-02
-8.457237854599952698e-03
-2.404104918241500854e-02
1.377616971731185913e-01
2.918020635843276978e-02
-1.889337599277496338e-02
2.904655784368515015e-02
4.733097925782203674e-02
2.825973927974700928e-02
-7.556357234716415405e-02
-3.869512677192687988e-02
-1.233280450105667114e-02
1.749010942876338959e-02
3.176321974024176598e-03
3.781419247388839722e-02
1.393361110240221024e-02
8.089517056941986084e-02
3.041006624698638916e-02
1.818991452455520630e-02
2.222431264817714691e-02
-9.264785796403884888e-03
-2.732218429446220398e-02
6.089630187489092350e-04
6.640937924385070801e-02
7.570546120405197144e-02
7.751794159412384033e-02
9.874937683343887329e-02
-4.391094669699668884e-02
6.092457473278045654e-02
7.167058438062667847e-02
-7.258847472257912159e-04
-1.278639864176511765e-02
6.389921903610229492e-02
6.112452223896980286e-02
2.934087812900543213e-02
4.282181710004806519e-02
-2.734194137156009674e-02
2.800711244344711304e-02
-4.022926837205886841e-02
-2.885923720896244049e-02
-2.392017282545566559e-02
-2.148209325969219208e-02
3.729470446705818176e-02
8.656288683414459229e-02
6.417769938707351685e-03
-8.964597433805465698e-02
7.723380625247955322e-02
7.060758303850889206e-03
-4.432912915945053101e-02
5.745037272572517395e-02
-4.451529588550329208e-03
2.650317270308732986e-03
3.851666348055005074e-03
2.693002112209796906e-02
5.866179615259170532e-02
-8.851570636034011841e-02
6.504065543413162231e-02
3.646502643823623657e-02
8.512579649686813354e-02
-1.905996724963188171e-02
1.208077445626258850e-01
-1.221851725131273270e-02
-3.418505936861038208e-02
4.783926531672477722e-02
-1.594706438481807709e-02
-3.026704117655754089e-02
4.041934385895729065e-02
6.181794777512550354e-02
7.262651342898607254e-03
6.943829357624053955e-02
-5.378526076674461365e-02
6.447520852088928223e-02
6.916677951812744141e-02
-3.765077097341418266e-03
-1.557865645736455917e-02
7.479348033666610718e-02
7.755474746227264404e-02
1.064929291605949402e-01
2.740318514406681061e-02
-4.328825324773788452e-02
6.250029057264328003e-02
2.504254924133419991e-03
-5.698622763156890869e-02
3.608535602688789368e-02
4.342606291174888611e-02
9.719322621822357178e-02
2.167361974716186523e-02
8.171274326741695404e-03
