-7.154753804206848145e-02
6.562388036400079727e-03
2.837273664772510529e-02
-1.081509441137313843e-01
6.899067014455795288e-02
-1.240241061896085739e-02
7.713938504457473755e-02
-8.478185534477233887e-02
1.128841191530227661e-02
2.071100473403930664e-02
-1.025152876973152161e-01
-7.193432003259658813e-02
-6.505144387483596802e-02
-4.149086028337478638e-02
1.007805205881595612e-02
-9.335689991712570190e-02
1.793001964688301086e-02
-3.695245459675788879e-02
1.320673525333404541e-01
-8.029559254646301270e-02
3.163090907037258148e-03
1.149773448705673218e-01
6.260853260755538940e-02
1.005054190754890442e-01
-1.628274098038673401e-02
9.928861400112509727e-04
6.142476573586463928e-02
5.976024549454450607e-03
-3.985783085227012634e-02
7.338979840278625488e-02
-1.219767238944768906e-02
3.326450660824775696e-02
1.209039613604545593e-01
1.709600836038589478e-01
3.052943013608455658e-02
-7.111936807632446289e-02
1.402720957994461060e-01
-3.598514245823025703e-03
-6.203797087073326111e-02
-1.740380562841892242e-02
9.625731036067008972e-03
1.154842972755432129e-02
-2.802369184792041779e-03
1.227845437824726105e-02
-3.025888465344905853e-02
9.641589224338531494e-02
-1.725603826344013214e-02
7.937375456094741821e-02
1.020151078701019287e-01
9.999777376651763916e-02
7.713335007429122925e-02
-9.246523492038249969e-03
3.425829857587814331e-02
1.449819803237915039e-01
-7.343035191297531128e-03
-5.285404995083808899e-02
3.149830177426338196e-02
2.544892579317092896e-02
1.198774501681327820e-01
8.606572449207305908e-02
3.971875086426734924e-02
-6.596018373966217041e-02
-1.050857007503509521e-01
-2.819046750664710999e-02
1.421808898448944092e-01
-1.899254391901195049e-03
-1.200650259852409363e-01
-8.414276875555515289e-03
1.189341843128204346e-01
-3.081014193594455719e-02
-4.675385355949401855e-02
1.967001259326934814e-01
-5.175296682864427567e-03
-2.054691873490810394e-02
9.934753924608230591e-02
