-1.156262084841728210e-01
-1.159772649407386780e-01
-1.248470991849899292e-01
-1.328708678483963013e-01
-1.342856287956237793e-01
-7.758127152919769287e-02
-2.661079540848731995e-02
-6.921443343162536621e-02
-1.351217478513717651e-01
-7.572206109762191772e-02
-1.205091103911399841e-01
-1.127780377864837646e-01
-4.091160744428634644e-02
-1.117973700165748596e-01
-4.269464686512947083e-02
-1.173844113945960999e-01
-2.497860416769981384e-02
-1.147312819957733154e-01
-1.328154653310775757e-02
-8.804187178611755371e-02
-6.214284151792526245e-02
-4.929145798087120056e-02
-8.255270868539810181e-02
-1.261331588029861450e-01
-4.457268118858337402e-02
-1.523113250732421875e-01
-4.623428732156753540e-02
-9.246982634067535400e-02
-1.457104831933975220e-01
-5.477737635374069214e-02
-8.026342093944549561e-02
-4.196512326598167419e-02
3.427877789363265038e-03
-1.509421169757843018e-01
-9.131706506013870239e-02
-1.329424679279327393e-01
-9.321465343236923218e-02
-2.615981549024581909e-02
-1.344378292560577393e-01
-9.043902158737182617e-02
-1.233583092689514160e-01
-1.085332185029983521e-01
-1.308065056800842285e-01
-1.029548943042755127e-01
-6.727267801761627197e-02
-3.422320261597633362e-02
-9.532625228166580200e-02
-1.482381373643875122e-01
-8.693620562553405762e-02
-6.086150929331779480e-02
-1.314373612403869629e-01
-7.553675770759582520e-02
-5.713132023811340332e-02
-1.313815861940383911e-01
-5.995806306600570679e-02
-1.312995702028274536e-01
-3.198625519871711731e-02
-9.240905195474624634e-02
-7.000429183244705200e-02
-2.244620956480503082e-02
-4.932584241032600403e-02
-1.251475363969802856e-01
-1.039628088474273682e-01
-9.347800165414810181e-02
-3.515384718775749207e-02
-9.055479615926742554e-02
-1.032960936427116394e-01
-1.130499467253684998e-01
-9.857496619224548340e-02
-7.020229101181030273e-02
-9.669163078069686890e-02
-4.883616417646408081e-02
-1.067653894424438477e-01
-2.737448923289775848e-02
-1.384067088365554810e-01
-6.538959592580795288e-02
-4.639890789985656738e-02
-1.319651608355343342e-03
-4.021105915307998657e-02
-2.313428558409214020e-02
-6.710821390151977539e-02
-4.801586270332336426e-02
-4.759671539068222046e-02
-1.652765423059463501e-01
-6.482344865798950195e-02
-9.622724354267120361e-02
-8.866948634386062622e-02
-4.599255695939064026e-02
-1.471049189567565918e-01
-4.812898859381675720e-02
-7.189720124006271362e-02
-4.520972445607185364e-02
-2.465187944471836090e-02
-5.515811592340469360e-02
-1.313872337341308594e-01
-4.913769289851188660e-02
-3.360975161194801331e-02
-1.417987942695617676e-01
-4.488553106784820557e-02
-1.003385111689567566e-01
-1.225025728344917297e-01
-1.095494329929351807e-01
-3.466349467635154724e-02
-1.104846969246864319e-01
-1.222449839115142822e-01
-7.640687376260757446e-02
-1.611099690198898315e-01
-1.325291991233825684e-01
-7.562744617462158203e-02
-1.073894649744033813e-01
-1.046003401279449463e-01
-7.377871870994567871e-02
-1.264241337776184082e-01
-8.053091913461685181e-02
-3.896781057119369507e-02
-5.654092878103256226e-02
-1.198133528232574463e-01
-1.126862540841102600e-01
-7.115226984024047852e-02
-9.748673439025878906e-02
-5.264428257942199707e-02
-9.626872092485427856e-02
-1.255077868700027466e-01
3.729595802724361420e-03
-1.676512807607650757e-01
-4.409075155854225159e-02
-4.121618717908859253e-02
-1.063851565122604370e-01
-5.527247115969657898e-02
-2.018484100699424744e-02
-5.700292438268661499e-02
-1.509656906127929688e-01
-7.265160232782363892e-02
-8.455235511064529419e-02
-7.870251685380935669e-02
-1.032081395387649536e-01
-1.095761656761169434e-01
-1.291771531105041504e-01
-7.864069193601608276e-02
-4.537796229124069214e-02
-8.876515179872512817e-02
-3.869629651308059692e-02
-1.403460353612899780e-01
-9.394809603691101074e-02
-1.346017271280288696e-01
-9.109354764223098755e-02
-1.077845245599746704e-01
-8.203940838575363159e-02
-7.557397335767745972e-02
-1.132612377405166626e-01
1.993580954149365425e-03
-7.060867547988891602e-02
-4.832454398274421692e-02
-6.576028466224670410e-02
-9.949680417776107788e-02
-5.790958926081657410e-02
-1.138647645711898804e-01
-1.292862296104431152e-01
-9.780319035053253174e-02
-4.139430075883865356e-02
-1.536316424608230591e-01
-8.778625726699829102e-02
-9.793695062398910522e-02
-4.689994081854820251e-02
-7.348147779703140259e-02
-1.275436878204345703e-01
-3.525475040078163147e-02
-1.348019838333129883e-01
-6.440719962120056152e-02
-3.946942836046218872e-02
-1.281873434782028198e-01
-1.418073922395706177e-01
-1.199982166290283203e-01
-1.581227779388427734e-02
-8.117448538541793823e-02
-8.092811703681945801e-02
-9.814830124378204346e-02
-2.196914143860340118e-02
-4.166238009929656982e-02
-4.206354543566703796e-02
-3.010615520179271698e-02
-1.038121879100799561e-01
-1.125140637159347534e-01
-8.631659299135208130e-02
-7.180486619472503662e-02
-6.300570070743560791e-02
-4.908883944153785706e-02
-5.568246170878410339e-02
-9.942460805177688599e-02
-1.147376447916030884e-01
-8.941273391246795654e-02
-5.761902406811714172e-02
-9.873570874333381653e-03
-1.081166043877601624e-01
-1.503208726644515991e-01
-1.186123341321945190e-01
-9.402316808700561523e-02
-1.215114071965217590e-01
-7.214213907718658447e-02
-1.020973101258277893e-01
-1.092392578721046448e-01
-1.270894855260848999e-01
-9.855307638645172119e-02
-1.077215075492858887e-01
-1.014872863888740540e-01
-8.387982845306396484e-02
-1.073982566595077515e-01
-9.804680943489074707e-02
-6.417279690504074097e-02
-1.327975988388061523e-01
-1.796811260282993317e-02
-1.761255040764808655e-02
-5.676351115107536316e-02
-1.031121835112571716e-01
-1.399594992399215698e-01
-9.573412686586380005e-02
-9.449186176061630249e-02
-5.450260639190673828e-02
-8.822627365589141846e-02
-1.256025284528732300e-01
-5.277458950877189636e-02
-9.247533231973648071e-02
-1.141812577843666077e-01
-1.363273710012435913e-01
-5.420252680778503418e-02
4.704954568296670914e-03
-5.194564908742904663e-02
-6.098835542798042297e-02
-5.091940984129905701e-02
-1.181241422891616821e-01
-4.104541614651679993e-02
-4.499540850520133972e-02
-6.074209511280059814e-02
-1.745516434311866760e-02
-1.234749406576156616e-01
-9.556660801172256470e-02
-5.698213353753089905e-02
-3.387479856610298157e-02
-1.011175364255905151e-01
-1.460348665714263916e-01
-3.645578026771545410e-02
-4.350417107343673706e-02
-9.741805493831634521e-02
-3.835496678948402405e-02
-3.939403593540191650e-02
-5.178002268075942993e-02
-3.024958446621894836e-02
-2.256356552243232727e-02
-8.114807307720184326e-02
-1.157818362116813660e-01
-1.006221026182174683e-01
-6.004602462053298950e-02
-1.252184808254241943e-01
-1.608153283596038818e-01
-9.133585542440414429e-02
-7.564513385295867920e-02
-1.609181463718414307e-01
-1.006003394722938538e-01
-1.113234013319015503e-01
-4.580096900463104248e-02
-1.483658403158187866e-01
-1.294393688440322876e-01
-1.129001975059509277e-01
-8.485606312751770020e-02
-4.049290344119071960e-02
-1.355831474065780640e-01
-1.369921863079071045e-01
-9.823393821716308594e-02
-1.456084698438644409e-01
-1.198366954922676086e-01
-5.152461677789688110e-02
-5.816571786999702454e-02
-9.941241145133972168e-02
-1.550536304712295532e-01
-5.636683851480484009e-02
-1.198292225599288940e-01
-9.245549142360687256e-02
-7.848761975765228271e-02
-3.431107103824615479e-02
-5.691122263669967651e-02
-1.254480034112930298e-01
-1.282873153686523438e-01
-1.098439395427703857e-01
-1.302081197500228882e-01
-1.050456911325454712e-01
-1.250638216733932495e-01
-9.096777439117431641e-02
-4.951062053442001343e-02
-4.635753482580184937e-02
-9.360828250646591187e-02
-8.247330784797668457e-02
-1.340757012367248535e-01
-8.470760285854339600e-02
-1.262310296297073364e-01
-1.089902818202972412e-01
-7.164725661277770996e-02
-5.569869279861450195e-02
-1.106118261814117432e-01
-6.755150854587554932e-02
-6.316432356834411621e-02
