-3.599292635917663574e-01
-3.075482249259948730e-01
-5.444383621215820312e-01
-6.831958889961242676e-01
-3.383664190769195557e-01
-4.657552540302276611e-01
-5.471178293228149414e-01
-6.351344585418701172e-01
-5.588074326515197754e-01
-5.603540539741516113e-01
-4.634064733982086182e-01
-7.280210852622985840e-01
-4.031611084938049316e-01
-3.303832709789276123e-01
-5.454286336898803711e-01
-2.247485667467117310e-01
-3.855572640895843506e-01
-2.851270139217376709e-01
-3.102164566516876221e-01
-3.731938600540161133e-01
-3.703789114952087402e-01
-6.392124891281127930e-01
-3.937614560127258301e-01
-3.475535511970520020e-01
-4.943724274635314941e-01
-3.070436716079711914e-01
-1.507942080497741699e-01
-5.441413521766662598e-01
-6.221900582313537598e-01
-3.872700035572052002e-01
-4.312748014926910400e-01
-3.686988055706024170e-01
-4.801130294799804688e-01
-5.339799523353576660e-01
-1.301391869783401489e-01
-3.642077445983886719e-01
-2.255248874425888062e-01
-1.443195044994354248e-01
-4.822365641593933105e-01
-4.857188165187835693e-01
-1.973577588796615601e-01
-3.313994109630584717e-01
-5.336064696311950684e-01
-3.461417555809020996e-01
-5.499712228775024414e-01
-4.917797148227691650e-01
-2.780341506004333496e-01
-4.218716025352478027e-01
-5.789237022399902344e-01
-2.402428090572357178e-01
-5.621327757835388184e-01
-6.372313499450683594e-01
-4.944651722908020020e-01
-3.738790154457092285e-01
-5.219845771789550781e-01
-2.362301200628280640e-01
-5.138289332389831543e-01
-4.380730688571929932e-01
-5.360267758369445801e-01
-3.814185857772827148e-01
-5.645170807838439941e-01
-4.390904009342193604e-01
-3.450878858566284180e-01
-4.703589081764221191e-01
-3.740318119525909424e-01
-3.788418471813201904e-01
-4.265511035919189453e-01
-2.342761754989624023e-01
-3.547049164772033691e-01
-4.117715954780578613e-01
-5.983461141586303711e-01
-7.195327281951904297e-01
-5.678947567939758301e-01
-5.033528804779052734e-01
-3.058257997035980225e-01
-4.456873536109924316e-01
-5.682798027992248535e-01
-4.773535430431365967e-01
-2.463739514350891113e-01
-4.370634257793426514e-01
-6.106255054473876953e-01
-4.915368258953094482e-01
-3.681402504444122314e-01
-3.938564658164978027e-01
-5.349819064140319824e-01
-1.555091142654418945e-01
-5.936105251312255859e-01
-5.094719529151916504e-01
-5.422289967536926270e-01
-4.516974389553070068e-01
-4.218887984752655029e-01
-4.199306368827819824e-01
-4.338111579418182373e-01
-4.940824210643768311e-01
-2.452605962753295898e-01
-6.173686385154724121e-01
-2.288757413625717163e-01
-3.734857738018035889e-01
-4.527533352375030518e-01
-4.916088283061981201e-01
-3.691533505916595459e-01
-1.451620906591415405e-01
-5.319426059722900391e-01
-3.411101102828979492e-01
-2.330071777105331421e-01
-5.047926902770996094e-01
-2.173915058374404907e-01
-4.327352046966552734e-01
-3.997979462146759033e-01
-3.436721563339233398e-01
-7.244870662689208984e-01
-4.740619957447052002e-01
-3.479285240173339844e-01
-3.879405260086059570e-01
-4.952413141727447510e-01
-2.125386744737625122e-01
-5.854972600936889648e-01
-5.662900805473327637e-01
-3.580539226531982422e-01
-4.359462559223175049e-01
-6.193997263908386230e-01
-4.411196410655975342e-01
-5.320128798484802246e-01
-3.766078948974609375e-01
-5.899762511253356934e-01
-5.252692103385925293e-01
-2.482394427061080933e-01
-2.077843248844146729e-01
-5.183074474334716797e-01
-3.167791068553924561e-01
-3.877422511577606201e-01
-5.818330049514770508e-01
-4.678886830806732178e-01
-5.379561185836791992e-01
-3.096605837345123291e-01
-3.022628128528594971e-01
-6.430274248123168945e-01
-3.797083199024200439e-01
-3.244420886039733887e-01
-1.544809043407440186e-01
-5.127742290496826172e-01
-2.753994166851043701e-01
-5.277746319770812988e-01
-2.581721544265747070e-01
-2.502903342247009277e-01
-3.257513940334320068e-01
-3.352200984954833984e-01
-5.146238207817077637e-01
-2.943041324615478516e-01
-4.726696014404296875e-01
-4.032581150531768799e-01
-5.364021062850952148e-01
-3.994662463665008545e-01
-4.401984214782714844e-01
-3.688360750675201416e-01
-1.477532237768173218e-01
-3.944982290267944336e-01
-2.893509268760681152e-01
-3.755149543285369873e-01
-3.106898963451385498e-01
-4.966888129711151123e-01
-5.608366727828979492e-01
-2.393381148576736450e-01
-2.917754352092742920e-01
-3.062972128391265869e-01
-3.852711915969848633e-01
-5.804771184921264648e-01
-4.428390562534332275e-01
-4.023502767086029053e-01
-4.113450348377227783e-01
-3.693271279335021973e-01
-3.941221237182617188e-01
-2.496763169765472412e-01
-5.353648066520690918e-01
-4.137103259563446045e-01
-5.504436492919921875e-01
-3.896198272705078125e-01
-4.627162814140319824e-01
-3.571408092975616455e-01
-1.530283391475677490e-01
-4.572911262512207031e-01
-6.088820099830627441e-01
-2.805731296539306641e-01
-2.412192672491073608e-01
-4.396073520183563232e-01
-4.521394670009613037e-01
-5.449164509773254395e-01
-3.147010803222656250e-01
-2.510813176631927490e-01
-3.174255192279815674e-01
-3.163653016090393066e-01
-2.730009257793426514e-01
-2.353502213954925537e-01
-3.705963492393493652e-01
-5.486581325531005859e-01
-8.578241467475891113e-01
-6.150193214416503906e-01
-4.015817940235137939e-01
-4.905320107936859131e-01
-4.335125684738159180e-01
-3.282649517059326172e-01
-4.823375046253204346e-01
-4.703335762023925781e-01
-3.439452052116394043e-01
-7.378827333450317383e-01
-5.399074554443359375e-01
-5.741950869560241699e-01
-5.223875641822814941e-01
-5.780963301658630371e-01
-3.172537684440612793e-01
-5.401324629783630371e-01
-6.156669259071350098e-01
-3.958990275859832764e-01
-2.070594877004623413e-01
-5.311608910560607910e-01
-4.161508679389953613e-01
-6.997039914131164551e-01
-3.059406280517578125e-01
-6.041441559791564941e-01
-4.081496298313140869e-01
-4.848063886165618896e-01
-3.968126773834228516e-01
-3.775774538516998291e-01
-2.176898866891860962e-01
-3.643071949481964111e-01
-3.093398511409759521e-01
-5.060516595840454102e-01
-3.809708952903747559e-01
-3.941958248615264893e-01
-5.405771732330322266e-01
-5.995734930038452148e-01
-6.618411540985107422e-01
-4.035456478595733643e-01
-2.930067181587219238e-01
-2.412934750318527222e-01
-3.842216432094573975e-01
-6.186284422874450684e-01
-6.330418586730957031e-01
-1.890555620193481445e-01
-5.863859057426452637e-01
-4.151642024517059326e-01
-4.523585140705108643e-01
-2.562573924660682678e-02
-3.554740548133850098e-01
-6.282893419265747070e-01
-3.231719434261322021e-01
-2.837586104869842529e-01
-3.500958979129791260e-01
-3.905583620071411133e-01
-2.523230314254760742e-01
-4.303813278675079346e-01
-3.856003880500793457e-01
-3.220590353012084961e-01
-2.888264954090118408e-01
-6.029311418533325195e-01
-3.693273067474365234e-01
-4.087779223918914795e-01
-4.124169647693634033e-01
-4.853543043136596680e-01
-4.759244024753570557e-01
-3.938816487789154053e-01
-5.681581497192382812e-01
-2.726444900035858154e-01
-6.111394166946411133e-01
-1.976664662361145020e-01
-3.973566591739654541e-01
-5.113002061843872070e-01
-5.261641144752502441e-01
-1.141013577580451965e-01
-2.751151919364929199e-01
-5.541980862617492676e-01
-5.167362093925476074e-01
-6.846405267715454102e-01
-5.754534602165222168e-01
-4.707653224468231201e-01
-4.811453521251678467e-01
-5.083763003349304199e-01
-5.426254272460937500e-01
-4.024073779582977295e-01
-6.204966306686401367e-01
-4.663862287998199463e-01
-4.728078842163085938e-01
-1.259517967700958252e-01
-2.321375310420989990e-01
-2.244239300489425659e-01
-2.709527015686035156e-01
-4.226859211921691895e-01
-3.216933012008666992e-01
-4.366626441478729248e-01
-5.048809051513671875e-01
-4.763936400413513184e-01
-4.050782620906829834e-01
-6.072281002998352051e-01
-6.261427998542785645e-01
-4.490383863449096680e-01
-2.174819409847259521e-01
-1.446668952703475952e-01
-1.919581592082977295e-01
-4.004714787006378174e-01
-6.373692750930786133e-01
