9.943075478076934814e-02
1.166347786784172058e-01
1.000648364424705505e-01
2.168465219438076019e-02
1.688534617424011230e-01
3.359731286764144897e-02
1.174928061664104462e-02
6.740737444488331676e-05
-8.141993731260299683e-02
-3.999524563550949097e-02
3.554657474160194397e-02
5.209756270051002502e-02
5.071515962481498718e-02
1.208355426788330078e-01
6.750620156526565552e-02
5.522548034787178040e-02
-5.991470068693161011e-02
1.375856846570968628e-01
2.006306052207946777e-01
-2.549830973148345947e-01
9.352649748325347900e-02
1.495826989412307739e-01
1.840064227581024170e-01
-3.913365676999092102e-02
2.584538757801055908e-01
1.359536591917276382e-02
-7.008118927478790283e-02
1.582994312047958374e-01
1.221558600664138794e-01
1.464345008134841919e-01
