-3.862725570797920227e-02
3.270890563726425171e-02
-2.579984068870544434e-02
9.295445680618286133e-02
4.903790540993213654e-03
9.760542958974838257e-02
1.577445417642593384e-01
-4.140555858612060547e-02
4.253792390227317810e-02
-3.224905580282211304e-02
7.667359709739685059e-02
1.028498113155364990e-01
-9.558537974953651428e-03
9.743125736713409424e-02
1.449294984340667725e-01
3.904853016138076782e-02
-5.652521550655364990e-02
-2.793974243104457855e-02
-9.393684566020965576e-02
6.368155777454376221e-02
-1.405033171176910400e-01
1.086336448788642883e-01
-1.695153117179870605e-02
1.259617507457733154e-01
1.631879806518554688e-01
1.229847297072410583e-01
1.305299699306488037e-01
-1.497876793146133423e-01
8.707485347986221313e-02
4.894506931304931641e-02
-4.998271912336349487e-02
4.689152911305427551e-02
5.852725729346275330e-02
1.044836714863777161e-01
1.436447501182556152e-01
5.727261304855346680e-02
2.950138598680496216e-02
-3.217480704188346863e-02
4.941328242421150208e-02
1.616812348365783691e-01
2.115473449230194092e-01
6.449355185031890869e-02
3.674642369151115417e-02
-5.522450059652328491e-02
-1.281611621379852295e-01
