7.523304224014282227e-02
-4.442140460014343262e-02
-4.345243051648139954e-02
-4.529732745140790939e-03
3.359704464673995972e-02
1.714554242789745331e-02
4.405535012483596802e-02
-2.714723162353038788e-02
-1.068058516830205917e-02
1.231761183589696884e-02
1.999503467231988907e-03
-5.052700638771057129e-02
3.408024320378899574e-03
-5.687781050801277161e-02
-4.625313356518745422e-02
8.930901996791362762e-03
-2.017549052834510803e-02
-3.023248538374900818e-02
-2.074797637760639191e-02
-6.813656538724899292e-02
-2.128273248672485352e-02
4.753372166305780411e-03
1.353712473064661026e-02
5.085959285497665405e-02
-2.747612446546554565e-02
-3.111314587295055389e-02
-1.818829774856567383e-02
-2.712413482367992401e-02
1.310089603066444397e-02
-5.547977983951568604e-02
-1.324119698256254196e-02
-1.944009959697723389e-02
5.164132267236709595e-02
3.892517089843750000e-02
-4.208616446703672409e-03
3.417791426181793213e-02
4.011251032352447510e-02
-2.224015444517135620e-02
-4.665105044841766357e-02
8.984588086605072021e-02
-5.659353453665971756e-03
-1.892757788300514221e-02
-1.335753872990608215e-02
5.741891264915466309e-02
5.225012451410293579e-02
-1.909014768898487091e-02
4.133090004324913025e-02
-1.070800498127937317e-01
-1.531718019396066666e-02
3.329164534807205200e-02
2.701594494283199310e-02
-3.483316674828529358e-02
-1.446890179067850113e-02
-1.984515786170959473e-02
1.051267981529235840e-02
2.451091445982456207e-02
-2.232891507446765900e-02
-1.462558843195438385e-02
-2.928059780970215797e-03
-1.797328516840934753e-02
2.693369612097740173e-02
6.985870003700256348e-02
3.657745569944381714e-02
-6.763261556625366211e-02
1.286313752643764019e-03
1.867898367345333099e-02
3.571350872516632080e-02
-8.454570546746253967e-03
3.942339494824409485e-02
1.133776456117630005e-02
2.519632875919342041e-02
-4.790560342371463776e-03
-3.013403154909610748e-02
6.460756808519363403e-02
-3.128324076533317566e-02
5.868273973464965820e-02
4.570121411234140396e-03
-3.855298832058906555e-02
-2.457805443555116653e-03
7.518521696329116821e-02
-5.937546864151954651e-02
-2.234719321131706238e-02
3.488687425851821899e-02
-4.915988445281982422e-02
3.806136921048164368e-02
-2.018257603049278259e-02
4.019780457019805908e-02
1.013878732919692993e-02
-1.544303447008132935e-02
4.436153918504714966e-03
4.061997309327125549e-02
-1.017351076006889343e-02
4.750974848866462708e-02
7.232944667339324951e-02
5.043638125061988831e-02
-2.196013554930686951e-02
-1.552956737577915192e-02
5.814130883663892746e-03
1.447512302547693253e-02
-6.789466738700866699e-02
-2.391564287245273590e-02
2.605269849300384521e-02
2.825374947860836983e-03
-8.139606565237045288e-02
-5.356388539075851440e-02
5.258732009679079056e-03
3.358875401318073273e-03
2.775218151509761810e-02
7.078118156641721725e-03
-2.015812881290912628e-02
-1.269067544490098953e-02
9.483379125595092773e-02
3.685756027698516846e-02
-4.287553485482931137e-03
4.628351703286170959e-02
-3.153152763843536377e-02
-2.483869716525077820e-02
7.955984212458133698e-03
-4.510123282670974731e-02
-3.149716649204492569e-03
2.685965783894062042e-02
9.568509645760059357e-03
-3.565444052219390869e-02
-2.526633441448211670e-02
1.841181702911853790e-02
2.707093395292758942e-02
5.579378455877304077e-02
3.150183707475662231e-02
-1.858246140182018280e-02
-3.981854766607284546e-02
-4.077587742358446121e-03
-4.370881989598274231e-02
1.054233405739068985e-02
-6.147640291601419449e-03
-5.107653513550758362e-02
2.965568192303180695e-02
4.675539582967758179e-02
-1.650825329124927521e-02
2.775660343468189240e-02
3.585747256875038147e-02
-1.765263825654983521e-02
1.271171640837565064e-04
-1.109152939170598984e-02
2.722198702394962311e-02
3.999023884534835815e-02
1.640337333083152771e-02
3.849972039461135864e-03
2.607875876128673553e-02
2.824055962264537811e-02
7.803707849234342575e-03
-3.818722069263458252e-02
-5.454949662089347839e-02
2.491455338895320892e-02
3.020720323547720909e-03
3.865386173129081726e-02
8.041048049926757812e-02
4.726795945316553116e-03
-3.101411834359169006e-02
-3.896447271108627319e-02
-2.955689653754234314e-02
2.511027827858924866e-02
4.474595561623573303e-02
-1.514462870545685291e-03
-4.238483682274818420e-02
-5.853874981403350830e-02
-4.496580455452203751e-03
-6.350493524223566055e-03
7.971321046352386475e-02
-7.857380062341690063e-02
-1.731974771246314049e-03
3.482668101787567139e-02
-2.635652758181095123e-02
7.680509239435195923e-02
2.717912429943680763e-04
1.417381130158901215e-02
4.407228901982307434e-02
-4.006141424179077148e-02
4.722790792584419250e-02
-5.881099775433540344e-02
-4.980054870247840881e-02
-1.056129764765501022e-02
8.543644100427627563e-03
6.408224254846572876e-02
-5.483214184641838074e-02
-4.111994989216327667e-03
9.143038094043731689e-02
-1.318476628512144089e-02
6.193827092647552490e-02
2.439294569194316864e-02
7.383124530315399170e-02
6.029706448316574097e-03
-2.267427975311875343e-03
-1.377566717565059662e-02
-6.504986435174942017e-02
-3.306573629379272461e-02
-7.513224333524703979e-02
9.953678585588932037e-03
1.721124164760112762e-02
5.523441359400749207e-03
4.802211001515388489e-02
1.768313348293304443e-02
1.910893805325031281e-02
-4.390956088900566101e-02
1.737972348928451538e-02
1.301054935902357101e-02
5.205646902322769165e-02
2.376255206763744354e-02
-9.271765500307083130e-02
-2.224193327128887177e-02
4.215474799275398254e-02
4.255024716258049011e-02
2.038148604333400726e-02
-1.663945615291595459e-02
-2.363348565995693207e-02
1.712761353701353073e-03
2.813757397234439850e-02
-1.687617413699626923e-02
-7.476214319467544556e-02
9.378844872117042542e-03
2.259686216711997986e-02
-2.834935858845710754e-02
4.518956691026687622e-02
-2.948402834590524435e-04
5.364401265978813171e-02
2.207013405859470367e-02
-7.780428975820541382e-02
7.947040721774101257e-03
3.913228213787078857e-02
5.029739346355199814e-03
4.072559997439384460e-02
-9.981939569115638733e-03
-6.789752282202243805e-03
1.471802033483982086e-02
4.250210896134376526e-02
2.349414117634296417e-02
2.859613858163356781e-03
-7.930205902084708214e-04
7.651501800864934921e-04
1.092232540249824524e-01
5.193948000669479370e-02
4.396912455558776855e-02
2.569822594523429871e-02
5.502656102180480957e-02
-7.182743400335311890e-02
-1.342650596052408218e-02
6.085471063852310181e-02
-1.145260594785213470e-02
-5.408455617725849152e-03
6.073548272252082825e-02
8.736975491046905518e-02
-1.623478159308433533e-02
-3.999020904302597046e-02
-3.292801789939403534e-03
4.321145638823509216e-02
-1.413092296570539474e-02
1.820483058691024780e-02
5.243585328571498394e-04
-6.976653356105089188e-03
-1.343552861362695694e-02
4.807154834270477295e-02
5.148506164550781250e-02
-2.673210017383098602e-02
-3.902429714798927307e-02
-1.544993557035923004e-02
8.131380891427397728e-04
-1.495216158218681812e-03
4.544362891465425491e-03
4.460989683866500854e-02
9.082636237144470215e-02
-1.318254973739385605e-02
6.082712113857269287e-02
-7.901079021394252777e-03
4.086858034133911133e-02
2.322774566709995270e-02
-4.550813138484954834e-02
-8.758904039859771729e-02
1.121619530022144318e-02
1.432659383863210678e-02
8.284156210720539093e-04
4.125154390931129456e-02
3.842497244477272034e-02
-8.711192756891250610e-03
3.116933628916740417e-02
-6.569996476173400879e-02
6.515785306692123413e-02
-9.256432764232158661e-03
1.777096651494503021e-02
-8.202669210731983185e-03
1.972980564460158348e-03
-3.622646210715174675e-03
5.641372874379158020e-03
3.319007810205221176e-04
6.324782222509384155e-02
1.719656772911548615e-02
-4.792557656764984131e-02
1.932434178888797760e-02
5.035929381847381592e-02
-1.178779639303684235e-02
7.908344268798828125e-03
3.692794963717460632e-02
