6.071252748370170593e-02
1.950171403586864471e-02
-3.898521140217781067e-02
1.282717436552047729e-01
-9.126992523670196533e-02
1.109412387013435364e-01
-1.065850183367729187e-01
2.728331983089447021e-01
2.091567069292068481e-01
-7.829545438289642334e-02
2.934350371360778809e-01
1.121177803725004196e-03
1.685981266200542450e-02
1.447657346725463867e-01
2.479056119918823242e-01
-1.047325953841209412e-01
7.990206778049468994e-02
1.240576431155204773e-01
2.388184331357479095e-02
-1.435463726520538330e-01
4.244513344019651413e-03
5.276444554328918457e-01
3.160489201545715332e-01
9.233503788709640503e-02
-1.087967678904533386e-01
1.437995731830596924e-01
-1.245415490120649338e-02
1.743524074554443359e-01
1.058180928230285645e-01
1.912830024957656860e-01
