8.302044868469238281e-02
6.893866509199142456e-02
-1.059145480394363403e-02
-6.298471987247467041e-02
7.891619205474853516e-02
-1.458018273115158081e-01
4.642801731824874878e-02
-5.703872069716453552e-02
1.955367811024188995e-02
-2.135753817856311798e-02
1.647414453327655792e-02
-6.938111037015914917e-02
1.305056661367416382e-01
1.418507751077413559e-02
8.678220212459564209e-02
5.724684894084930420e-02
8.752513676881790161e-02
-4.436259157955646515e-03
-4.100010916590690613e-02
-1.835768856108188629e-02
-1.153414882719516754e-02
3.258986771106719971e-02
1.042198166251182556e-01
2.602314352989196777e-01
5.823098868131637573e-02
-4.129673913121223450e-02
-1.586270481348037720e-01
-3.751591220498085022e-02
1.561463624238967896e-01
-2.083020098507404327e-02
3.706333041191101074e-01
5.013087019324302673e-02
-1.792976707220077515e-01
-3.255226649343967438e-03
6.291891634464263916e-02
2.579901833087205887e-03
7.013960927724838257e-02
4.880606755614280701e-02
3.384544700384140015e-02
5.178764462471008301e-02
-4.035131633281707764e-02
-1.105612590909004211e-01
6.918448954820632935e-02
-2.023063972592353821e-02
4.229923710227012634e-02
