-2.448715716600418091e-01
-1.369861066341400146e-01
-1.994854062795639038e-01
-1.047806143760681152e-01
-9.788409620523452759e-02
-2.005008310079574585e-01
-2.078895270824432373e-01
-2.138541936874389648e-01
-2.472507804632186890e-01
-3.132117688655853271e-01
-2.149321287870407104e-01
-2.020581215620040894e-01
-2.030706107616424561e-01
-2.247537374496459961e-01
-1.003683507442474365e-01
-1.966904848814010620e-01
-1.731081008911132812e-01
-1.471715271472930908e-01
-2.396342754364013672e-01
-2.410759925842285156e-01
-9.525549411773681641e-02
-6.387001276016235352e-02
-2.438428550958633423e-01
-1.282437741756439209e-01
-2.752679586410522461e-01
-1.701149046421051025e-01
-2.101433277130126953e-01
-1.057425439357757568e-01
-1.551824957132339478e-01
-1.939357072114944458e-01
-9.885673224925994873e-02
-2.682868242263793945e-01
-1.596589982509613037e-01
-2.184359729290008545e-01
-1.604347676038742065e-01
-1.311547756195068359e-01
-2.035066187381744385e-01
-1.764154136180877686e-01
-1.875672489404678345e-01
-1.244646981358528137e-01
-1.876795887947082520e-01
-2.254572659730911255e-01
-2.298603504896163940e-01
-2.619943022727966309e-01
-2.635171711444854736e-01
-2.114304006099700928e-01
-3.739854693412780762e-01
-4.289071634411811829e-02
-1.894968301057815552e-01
-1.052188649773597717e-01
-2.669554054737091064e-01
-1.087328121066093445e-01
-1.918263286352157593e-01
-2.581155002117156982e-01
-1.907436251640319824e-01
-2.586982250213623047e-01
-1.891310662031173706e-01
-1.472085714340209961e-01
-1.706990897655487061e-01
-1.715391874313354492e-01
-9.997796267271041870e-02
-1.738214194774627686e-01
-1.757552772760391235e-01
-2.790895998477935791e-01
-2.381259351968765259e-01
-1.824830472469329834e-01
-2.255238890647888184e-01
-1.741049587726593018e-01
-1.888387054204940796e-01
-1.415803879499435425e-01
-1.695721894502639771e-01
-1.584805101156234741e-01
-1.784540116786956787e-01
-2.783849835395812988e-01
-3.169260323047637939e-01
-2.345389574766159058e-01
-3.285326659679412842e-01
-1.410608440637588501e-01
-1.716823875904083252e-01
-1.836032420396804810e-01
-8.177872747182846069e-02
-2.296229749917984009e-01
-2.717010118067264557e-02
-1.293292343616485596e-01
-5.566282197833061218e-02
-1.285298615694046021e-01
-1.849409639835357666e-01
-2.004598677158355713e-01
-1.810154020786285400e-01
-2.448044568300247192e-01
-1.103164330124855042e-01
-1.001586169004440308e-01
-2.223022282123565674e-01
-1.357012391090393066e-01
-1.814560145139694214e-01
-2.125202268362045288e-01
-2.832656204700469971e-01
-2.039344757795333862e-01
-2.013081908226013184e-01
-2.036131918430328369e-01
-1.579245924949645996e-01
-2.780055999755859375e-01
-1.813129037618637085e-01
-1.842842251062393188e-01
-2.675317823886871338e-01
-1.714948266744613647e-01
-2.322336435317993164e-01
-1.880935281515121460e-01
-1.352396011352539062e-01
-1.418667137622833252e-01
-1.394684165716171265e-01
-2.902574837207794189e-01
-2.209933102130889893e-01
-6.193749234080314636e-02
-1.698867678642272949e-01
-2.417058199644088745e-01
-2.864637076854705811e-01
-2.404443025588989258e-01
-2.201579660177230835e-01
-2.483616620302200317e-01
-2.397914975881576538e-01
-1.119405999779701233e-01
-2.730549871921539307e-01
-1.538761556148529053e-01
-1.966242790222167969e-01
-2.606600821018218994e-01
-2.697683870792388916e-01
-1.534286588430404663e-01
-5.600518733263015747e-02
-1.557952761650085449e-01
-2.995515763759613037e-01
-7.607430219650268555e-02
-8.640455454587936401e-02
-2.658470571041107178e-01
-7.139770686626434326e-02
-9.066624194383621216e-02
-2.715581059455871582e-01
-1.601176112890243530e-01
-1.754574179649353027e-01
-2.309404909610748291e-01
-2.093924731016159058e-01
-1.996303945779800415e-01
-2.883609533309936523e-01
-1.397988498210906982e-01
-1.163346767425537109e-01
-2.215099632740020752e-01
-2.515452504158020020e-01
-2.854775786399841309e-01
-2.179000526666641235e-01
-1.022496297955513000e-01
-2.785918712615966797e-01
-1.698717623949050903e-01
-2.007715553045272827e-01
-9.856370836496353149e-02
-2.101085335016250610e-02
-1.429880261421203613e-01
-1.918063610792160034e-01
-2.842495739459991455e-01
-1.993438750505447388e-01
-2.491741627454757690e-01
-9.879087656736373901e-02
-2.624549567699432373e-01
-1.899695992469787598e-01
-2.127787619829177856e-01
-2.836106717586517334e-01
-2.593795657157897949e-01
-2.108126729726791382e-01
-1.972813159227371216e-01
-1.407406032085418701e-01
-2.060877680778503418e-01
-2.662008702754974365e-01
-2.552717328071594238e-01
-1.454311907291412354e-01
-2.358331531286239624e-01
-2.040886729955673218e-01
-2.086854577064514160e-01
-1.635496765375137329e-01
-2.458160668611526489e-01
-1.315574944019317627e-01
-1.122203394770622253e-01
-2.841898798942565918e-01
-1.226174607872962952e-01
-1.407604515552520752e-01
-1.979621201753616333e-01
-3.110414147377014160e-01
-2.155522406101226807e-01
-1.924849003553390503e-01
-2.215589284896850586e-01
-2.595977783203125000e-01
-9.732560068368911743e-02
-1.260399967432022095e-01
-1.600158363580703735e-01
-2.594811320304870605e-01
-1.896887868642807007e-01
-1.675232201814651489e-01
-1.561409533023834229e-01
-2.761234641075134277e-01
-7.596679031848907471e-02
-2.121382802724838257e-01
-2.361788153648376465e-01
-1.279641985893249512e-01
-2.479621917009353638e-01
-2.195066958665847778e-01
-1.660151034593582153e-01
-2.948344647884368896e-01
-2.718375027179718018e-01
-1.880424618721008301e-01
-3.202340006828308105e-01
-2.681823968887329102e-01
-2.718358635902404785e-01
-1.641942709684371948e-01
-1.448394656181335449e-01
-2.806889712810516357e-01
-2.475277334451675415e-01
-9.631691128015518188e-02
-3.047913610935211182e-01
-1.469964385032653809e-01
-1.482120454311370850e-01
-1.973857432603836060e-01
-2.722122967243194580e-01
-1.432814002037048340e-01
-1.403792053461074829e-01
-1.776802539825439453e-01
-1.885076612234115601e-01
-3.137031197547912598e-01
-2.038755416870117188e-01
-2.042571604251861572e-01
-2.439150214195251465e-01
-1.612139046192169189e-01
-1.430975645780563354e-01
-2.735989987850189209e-01
-1.979232132434844971e-01
-1.864745616912841797e-01
-1.315829008817672729e-01
-2.950047552585601807e-01
-3.432079851627349854e-01
-8.445794135332107544e-02
-2.683937847614288330e-01
-2.266037464141845703e-01
-2.218211442232131958e-01
-2.487238645553588867e-01
-1.636619269847869873e-01
-2.391714155673980713e-01
-1.963873356580734253e-01
-1.168389543890953064e-01
-2.691561877727508545e-01
-5.749263986945152283e-02
-3.309726715087890625e-01
-1.532110571861267090e-01
-3.260247111320495605e-01
-1.809188723564147949e-01
-2.002327144145965576e-01
-1.164119914174079895e-01
-2.497327327728271484e-01
-1.964411735534667969e-01
-1.418640315532684326e-01
-2.543553113937377930e-01
-1.281524002552032471e-01
-1.337715387344360352e-01
-2.205830514430999756e-01
-7.702923566102981567e-02
-2.711207866668701172e-01
-1.472831517457962036e-01
-1.262105554342269897e-01
-2.428694367408752441e-01
-9.979898482561111450e-02
-1.439412981271743774e-01
-2.915094792842864990e-01
-1.705453097820281982e-01
-1.570693403482437134e-01
-1.498396992683410645e-01
-2.296090573072433472e-01
-1.571976393461227417e-01
-2.815396487712860107e-01
-1.955037415027618408e-01
-2.667489647865295410e-01
-1.087051331996917725e-01
-2.770762443542480469e-01
-1.290445327758789062e-01
-2.780810296535491943e-01
-2.593665421009063721e-01
-1.384664624929428101e-01
-1.894724220037460327e-01
-2.367410063743591309e-01
-1.246567592024803162e-01
-2.791229784488677979e-01
-1.681363731622695923e-01
-7.087236642837524414e-02
-1.815408319234848022e-01
-2.509592473506927490e-01
-1.992905288934707642e-01
-2.437329292297363281e-01
-8.855149149894714355e-02
-8.221227675676345825e-02
-1.367834210395812988e-01
-1.905394792556762695e-01
-1.739598065614700317e-01
-2.890499234199523926e-01
-1.392867714166641235e-01
-2.709696888923645020e-01
