2.685228735208511353e-02
-3.027622215449810028e-02
6.235047429800033569e-02
7.514859735965728760e-02
4.182832315564155579e-02
-8.141967467963695526e-03
2.079737484455108643e-01
3.736359998583793640e-02
5.261393189430236816e-01
5.680614267475903034e-04
1.027559489011764526e-02
1.078690141439437866e-01
-2.982755936682224274e-02
-4.077453911304473877e-02
-1.601519994437694550e-02
4.048906639218330383e-02
3.639825433492660522e-02
3.816429078578948975e-01
7.270810008049011230e-02
1.098124384880065918e-01
2.780597209930419922e-01
1.551380455493927002e-01
1.115928739309310913e-01
1.713797301054000854e-01
1.897916011512279510e-02
2.348098158836364746e-01
1.599135696887969971e-01
2.184077538549900055e-02
9.825510531663894653e-02
4.058117866516113281e-01
