-1.347509920597076416e-01
-1.094407141208648682e-01
-1.233018860220909119e-01
-1.106926053762435913e-01
-1.277701258659362793e-01
-1.420635282993316650e-01
-1.348152756690979004e-01
-2.670087516307830811e-01
-9.626402705907821655e-02
-2.183273285627365112e-01
-3.039203286170959473e-01
-3.479040414094924927e-02
-1.838225275278091431e-01
-8.204922825098037720e-02
-3.028422892093658447e-01
-1.500709652900695801e-01
-8.099768310785293579e-02
-1.357760578393936157e-01
-2.200008630752563477e-01
-1.642237454652786255e-01
-1.601445227861404419e-01
-1.187667399644851685e-01
-2.779664397239685059e-01
-2.835080027580261230e-01
-1.359639316797256470e-01
-2.900395095348358154e-01
-1.897453069686889648e-01
-1.655010133981704712e-01
-1.991768181324005127e-01
-1.989947706460952759e-01
-3.050024509429931641e-01
-7.990239560604095459e-02
-2.499579042196273804e-01
-5.607882142066955566e-02
-1.961106657981872559e-01
-1.169154644012451172e-01
-2.484687268733978271e-01
-1.234224438667297363e-01
-2.892085909843444824e-01
-2.278116196393966675e-01
-2.087238132953643799e-01
-1.156960129737854004e-01
-1.772363781929016113e-01
-2.890105843544006348e-01
-1.200016289949417114e-01
-2.125840038061141968e-01
-1.527930349111557007e-01
-7.111413031816482544e-02
-1.346039772033691406e-01
-1.808861047029495239e-01
-1.349495500326156616e-01
-1.671304702758789062e-01
-9.083723276853561401e-02
-3.149985671043395996e-01
-1.728338599205017090e-01
-1.554574631154537201e-02
-1.331824958324432373e-01
-1.449130773544311523e-01
-2.367506772279739380e-01
-1.702598780393600464e-01
-1.948022842407226562e-01
-1.674109995365142822e-01
-2.104245722293853760e-01
-1.865857541561126709e-01
-3.296730220317840576e-01
-1.462728977203369141e-01
-9.726271033287048340e-02
-4.374871775507926941e-02
-1.023224294185638428e-01
-1.210383400321006775e-01
-1.538201868534088135e-01
-1.096617877483367920e-01
-2.116540074348449707e-01
-1.644681841135025024e-01
-1.513508409261703491e-01
-1.455204188823699951e-01
-7.587317377328872681e-02
-2.712965011596679688e-01
-2.125997543334960938e-01
-3.185544610023498535e-01
-2.054719179868698120e-01
-2.014542520046234131e-01
-2.197205424308776855e-01
-1.735882461071014404e-01
-1.540671885013580322e-01
-2.766998708248138428e-01
-1.243083551526069641e-01
-1.834814697504043579e-01
-2.556716501712799072e-01
-2.280211001634597778e-01
-1.778038591146469116e-01
-2.187132984399795532e-01
-1.146107316017150879e-01
-1.621298789978027344e-01
-1.710458099842071533e-01
-1.115202605724334717e-01
-2.360831648111343384e-01
-2.443883568048477173e-01
-9.713622927665710449e-02
-2.980551123619079590e-01
-2.723035514354705811e-01
-8.556722104549407959e-02
-5.224016308784484863e-02
-1.370675712823867798e-01
-2.706894874572753906e-01
-1.563023179769515991e-01
-1.032461747527122498e-01
-1.884896904230117798e-01
-1.812991201877593994e-01
-1.503731608390808105e-01
-1.197567805647850037e-01
-2.356410324573516846e-01
-2.214014530181884766e-01
-1.741291582584381104e-01
-1.683795154094696045e-01
-3.030328750610351562e-01
-1.989203691482543945e-01
-1.084538027644157410e-01
-2.735743522644042969e-01
-2.826845645904541016e-01
-2.406814396381378174e-01
-2.466330230236053467e-01
-2.536330223083496094e-01
-1.870421469211578369e-01
-9.031339734792709351e-02
-8.890600502490997314e-02
-1.844099014997482300e-01
-2.816354632377624512e-01
-2.383210957050323486e-01
-1.867235749959945679e-01
-2.370983809232711792e-01
-1.344061940908432007e-01
-1.665847301483154297e-01
-2.011642605066299438e-01
-1.948248147964477539e-01
-1.659547537565231323e-01
-2.722016572952270508e-01
-1.851053684949874878e-01
-1.539702862501144409e-01
-1.946014463901519775e-01
-2.004642784595489502e-01
-2.167732268571853638e-01
-1.449203640222549438e-01
-2.463310509920120239e-01
-1.069557070732116699e-01
-9.715122729539871216e-02
-1.863524317741394043e-01
-1.700973361730575562e-01
-1.119458526372909546e-01
-2.654906511306762695e-01
-1.083931997418403625e-01
-2.282789349555969238e-01
-2.853442728519439697e-01
-1.325476616621017456e-01
-1.891212016344070435e-01
-2.502441108226776123e-01
-1.852565556764602661e-01
-2.586526274681091309e-01
-1.408205181360244751e-01
-2.253651022911071777e-01
-2.430550009012222290e-01
-9.088462591171264648e-02
-1.630916148424148560e-01
-9.838765114545822144e-02
-1.371900886297225952e-01
-2.355928122997283936e-01
-1.970940828323364258e-01
-2.661433219909667969e-01
-1.947952657938003540e-01
-2.148905247449874878e-01
-1.170525699853897095e-01
-1.613238453865051270e-01
-1.841915547847747803e-01
-2.142186611890792847e-01
-6.976976990699768066e-02
-2.089428156614303589e-01
-1.741242557764053345e-01
-1.485703736543655396e-01
-2.776702642440795898e-01
-2.123386412858963013e-01
-1.210701614618301392e-01
-2.447698563337326050e-01
-1.741863489151000977e-01
-2.425052076578140259e-01
-2.532504200935363770e-01
-1.532629877328872681e-01
-2.524428963661193848e-01
-7.641900330781936646e-02
-2.447961270809173584e-01
-1.054874584078788757e-01
-1.526010036468505859e-01
-1.709358096122741699e-01
-6.501037627458572388e-02
-1.879893839359283447e-01
-2.459604442119598389e-01
-2.216210216283798218e-01
-1.866468191146850586e-01
-2.265374213457107544e-01
-2.591238617897033691e-01
-2.527797520160675049e-01
-2.219056934118270874e-01
-2.545994222164154053e-01
-2.489408701658248901e-01
-1.888675391674041748e-01
-2.739631533622741699e-01
-8.829639852046966553e-02
-1.355362981557846069e-01
-1.783619225025177002e-01
-2.189609706401824951e-01
-2.985235750675201416e-01
-2.489556670188903809e-01
-1.634214818477630615e-01
-1.778041869401931763e-01
-1.521044075489044189e-01
-2.158696949481964111e-01
-2.574979662895202637e-01
-2.488822340965270996e-01
-8.375906199216842651e-02
-1.098897531628608704e-01
-1.717840433120727539e-01
-1.914864480495452881e-01
-1.457334160804748535e-01
-2.190352529287338257e-01
-1.770616322755813599e-01
-6.333671510219573975e-02
-1.080449372529983521e-01
-1.128310859203338623e-01
-2.569056153297424316e-01
-2.629507780075073242e-01
-1.449145674705505371e-01
-2.731775939464569092e-01
-2.217990607023239136e-01
-2.070902436971664429e-01
-5.832551419734954834e-02
-1.438025981187820435e-01
-2.349230945110321045e-01
-1.853219568729400635e-01
-2.249946445226669312e-01
-1.222431436181068420e-01
-1.802867054939270020e-01
-8.786296844482421875e-02
-2.309771627187728882e-01
-1.331592351198196411e-01
-1.985476464033126831e-01
-1.344924867153167725e-01
-2.258059978485107422e-01
-2.051409333944320679e-01
-1.684940606355667114e-01
-2.128821015357971191e-01
-1.111865863204002380e-01
-1.192525774240493774e-01
-2.475430965423583984e-01
-1.320494711399078369e-01
-2.358860373497009277e-01
-2.023437172174453735e-01
-2.448249161243438721e-01
-1.480952203273773193e-01
-2.288144677877426147e-01
-1.301502585411071777e-01
-1.922406256198883057e-01
-1.127820611000061035e-01
-2.516862750053405762e-01
-1.546082943677902222e-01
-1.016329005360603333e-01
-1.674809008836746216e-01
-2.078325450420379639e-01
-3.098191320896148682e-01
-2.604923546314239502e-01
-2.785455286502838135e-01
-2.325053066015243530e-01
-2.592934072017669678e-01
-2.603116035461425781e-01
-1.237735003232955933e-01
-2.813150286674499512e-01
-2.941076457500457764e-01
-1.801431030035018921e-01
-1.955942958593368530e-01
-1.950602233409881592e-01
-1.319997906684875488e-01
-8.685072511434555054e-02
-1.348290443420410156e-01
-1.685524582862854004e-01
-9.747368842363357544e-02
-2.219293862581253052e-01
-2.629199922084808350e-01
-6.374424695968627930e-02
-1.626668125391006470e-01
-3.233951032161712646e-01
-2.078309953212738037e-01
-1.546027809381484985e-01
-1.069715917110443115e-01
-2.390523105859756470e-01
-1.309881359338760376e-01
-1.741179525852203369e-01
-2.829958498477935791e-01
-1.628514230251312256e-01
-2.293771654367446899e-01
-1.658078581094741821e-01
-2.937099039554595947e-01
-2.093595564365386963e-01
