9.653794020414352417e-02
5.083038657903671265e-02
-3.292000666260719299e-02
3.906340897083282471e-02
5.496586672961711884e-03
3.433328121900558472e-03
6.046860292553901672e-02
9.145081043243408203e-02
4.196880012750625610e-02
9.999992698431015015e-02
4.335845820605754852e-03
8.711425215005874634e-02
3.730657324194908142e-02
-1.082023605704307556e-02
4.857213050127029419e-02
1.710887812077999115e-02
-1.556983441114425659e-01
1.054596826434135437e-01
-6.734056770801544189e-02
-8.021604269742965698e-03
1.431742683053016663e-02
-6.063061580061912537e-02
3.981713950634002686e-02
1.806169375777244568e-02
3.379622101783752441e-02
-4.155881702899932861e-03
6.907506287097930908e-02
-5.111886560916900635e-02
5.123851820826530457e-02
-1.864939182996749878e-02
5.859663709998130798e-02
6.827430427074432373e-02
6.540251523256301880e-02
4.511311650276184082e-02
7.340753450989723206e-03
-2.024380490183830261e-03
-3.771853819489479065e-02
1.025118981488049030e-03
1.702055800706148148e-03
1.991065777838230133e-02
9.745063260197639465e-03
9.624961763620376587e-02
5.701449140906333923e-02
-4.341856762766838074e-02
-6.232979707419872284e-03
1.742803305387496948e-02
-7.032757997512817383e-02
-3.140994161367416382e-02
9.444538503885269165e-03
-5.985355749726295471e-02
-3.706309199333190918e-02
9.755161404609680176e-02
1.540260482579469681e-02
4.145287349820137024e-02
2.095824778079986572e-01
1.299887746572494507e-01
1.087654903531074524e-01
7.295861095190048218e-02
-1.640520803630352020e-02
8.868563920259475708e-02
-5.671644210815429688e-02
1.174179688096046448e-01
2.112611196935176849e-02
3.995130956172943115e-02
1.576916575431823730e-01
-7.482505589723587036e-02
2.258155643939971924e-01
3.182220458984375000e-02
1.486798468977212906e-02
-6.956134736537933350e-02
1.662559360265731812e-01
8.762776106595993042e-02
1.279446035623550415e-01
1.044431924819946289e-01
-2.194891311228275299e-02
