-6.617427349090576172e+00
-4.343079090118408203e+00
-1.777478790283203125e+01
-8.177104949951171875e+00
-4.998061180114746094e+00
-8.321728706359863281e+00
-6.723280429840087891e+00
-5.268667697906494141e+00
8.444144248962402344e+00
-4.429261684417724609e+00
-7.252007961273193359e+00
-1.099438858032226562e+01
1.079917311668395996e+00
1.076354217529296875e+01
-2.887497663497924805e+00
-3.881502628326416016e+00
-1.516958713531494141e+01
-2.514044284820556641e+00
-5.572594642639160156e+00
3.931653261184692383e+00
-9.996114730834960938e+00
-1.093189597129821777e+00
-1.338083839416503906e+01
-9.685428619384765625e+00
-1.000728893280029297e+01
1.308120608329772949e+00
-5.353991508483886719e+00
-8.642660140991210938e+00
3.333159446716308594e+00
4.579392433166503906e+00
-3.508615970611572266e+00
1.299255013465881348e+00
-4.198143482208251953e+00
-9.004999160766601562e+00
4.394581794738769531e+00
2.414723873138427734e+00
-6.856319427490234375e+00
3.916816234588623047e+00
-2.806574106216430664e+00
-1.020812606811523438e+01
-5.353384494781494141e+00
2.389723062515258789e+00
-7.559773921966552734e+00
-5.702226161956787109e+00
-6.267888069152832031e+00
-1.595703601837158203e+00
3.099887967109680176e-01
-5.154448986053466797e+00
-1.989639282226562500e+01
3.373837709426879883e+00
-3.793086767196655273e+00
-4.106903076171875000e+00
-8.084226608276367188e+00
-1.031461811065673828e+01
-4.772691726684570312e+00
-3.635257720947265625e+00
-1.691146850585937500e+01
6.621535301208496094e+00
-1.111456394195556641e+00
-1.554116630554199219e+01
-1.643616080284118652e+00
3.133830070495605469e+00
-8.080735057592391968e-02
-2.658965349197387695e+00
6.228310108184814453e+00
-8.889554023742675781e+00
-1.199509811401367188e+01
-1.030853152275085449e+00
2.032888889312744141e+00
-9.099553108215332031e+00
-7.555702328681945801e-01
2.878260374069213867e+00
-3.435992240905761719e+00
-4.386041641235351562e+00
3.248538494110107422e+00
-7.646354198455810547e+00
-8.460388183593750000e+00
-3.789494037628173828e+00
-7.632928371429443359e+00
-1.139150905609130859e+01
1.714473485946655273e+00
-9.561100959777832031e+00
-2.233795404434204102e+00
-9.795334815979003906e+00
-4.438469409942626953e+00
5.887228488922119141e+00
7.952733993530273438e+00
-1.386361789703369141e+01
-3.280642986297607422e+00
-1.623499870300292969e+00
-7.407390594482421875e+00
-6.781629562377929688e+00
-4.864241600036621094e+00
-5.408018827438354492e-01
-1.158037948608398438e+01
-7.251630306243896484e+00
-6.195091247558593750e+00
3.977237701416015625e+00
-7.165078639984130859e+00
1.490785026550292969e+01
-1.026581764221191406e+01
-2.508840084075927734e+00
-1.228509664535522461e+00
2.866376161575317383e+00
-3.982713937759399414e+00
3.499418735504150391e+00
-5.357041835784912109e+00
-1.146187496185302734e+01
-1.463889312744140625e+01
-3.123819351196289062e+00
-7.114817619323730469e+00
-6.431030273437500000e+00
-3.840084791183471680e+00
-7.777433395385742188e+00
-6.900498867034912109e+00
-8.980414390563964844e+00
-8.348829269409179688e+00
-3.402198851108551025e-01
-7.448620319366455078e+00
-1.048770809173583984e+01
-4.746671676635742188e+00
-1.134834861755371094e+01
-1.796733856201171875e+01
-3.663820505142211914e+00
-5.930369853973388672e+00
-6.682925701141357422e+00
-4.480864524841308594e+00
-1.372601032257080078e+01
-2.736652851104736328e+00
1.115532040596008301e+00
-1.020540332794189453e+01
-5.800791740417480469e+00
-1.033272075653076172e+01
1.312198925018310547e+01
-1.516351342201232910e+00
-8.210800170898437500e+00
-7.262065887451171875e+00
-1.212891638278961182e-01
4.769199371337890625e+00
-3.950825214385986328e+00
1.042201757431030273e+00
5.139951229095458984e+00
-1.290828990936279297e+01
-3.491304159164428711e+00
2.515721559524536133e+00
9.773687124252319336e-01
-2.838109016418457031e+00
-3.089578628540039062e+00
-8.042977452278137207e-01
5.136893987655639648e-01
-2.086982154846191406e+01
-4.670334339141845703e+00
-1.687984764575958252e-01
-1.830806136131286621e+00
-1.104596042633056641e+01
-1.218792343139648438e+01
-1.458623886108398438e+01
-6.823469638824462891e+00
-6.415569782257080078e+00
-4.591679573059082031e+00
-4.401541709899902344e+00
-5.510335445404052734e+00
-4.433892726898193359e+00
-6.812055587768554688e+00
-1.489000129699707031e+01
-1.671601104736328125e+01
-1.262748813629150391e+01
7.478447437286376953e+00
-1.307812333106994629e+00
2.300017327070236206e-01
-2.267977714538574219e+00
-1.309263586997985840e+00
-5.414165496826171875e+00
-1.050568699836730957e+00
-1.618222713470458984e+00
2.846300899982452393e-01
1.030951690673828125e+01
-3.703483343124389648e+00
-9.789889335632324219e+00
2.641428947448730469e+00
-3.242702722549438477e+00
-8.525903701782226562e+00
-1.396818351745605469e+01
-1.032850360870361328e+01
6.797966003417968750e+00
6.292548179626464844e+00
-8.396710395812988281e+00
-1.095417594909667969e+01
2.049135208129882812e+00
-8.266428947448730469e+00
-3.187807559967041016e+00
4.854197978973388672e+00
-2.504402160644531250e+00
2.949928045272827148e+00
5.594713985919952393e-02
-1.327610397338867188e+01
-8.175115585327148438e+00
-9.385500907897949219e+00
9.913284301757812500e+00
8.856642723083496094e+00
-1.287339210510253906e+01
-6.979115486145019531e+00
5.769674777984619141e-01
-1.806060314178466797e+00
-9.705340385437011719e+00
-1.118186950683593750e+01
-7.163511276245117188e+00
-1.959152030944824219e+01
-8.412951469421386719e+00
-1.068185997009277344e+01
-7.560422897338867188e+00
-6.795560836791992188e+00
4.060575962066650391e+00
4.266873836517333984e+00
1.445306658744812012e+00
-1.056874752044677734e+01
-1.479109573364257812e+01
-1.119300651550292969e+01
-1.304367923736572266e+01
-1.332579803466796875e+01
3.492835283279418945e+00
-3.241512298583984375e+00
-5.753124356269836426e-01
-7.413279056549072266e+00
-8.216764450073242188e+00
-1.360004305839538574e+00
-8.167400360107421875e-01
-1.208176612854003906e+01
-3.106907129287719727e+00
-1.081553554534912109e+01
4.171513557434082031e+00
3.169023036956787109e+00
-4.083630084991455078e+00
-7.289356708526611328e+00
-4.163006782531738281e+00
-4.440567970275878906e+00
-9.722373962402343750e+00
-8.632388114929199219e+00
-6.166728019714355469e+00
-1.089398097991943359e+01
6.308428645133972168e-01
-4.030328273773193359e+00
2.339819431304931641e+00
-3.490203022956848145e-01
-1.326287651062011719e+01
-8.409768939018249512e-01
-6.339743137359619141e+00
-2.310534715652465820e+00
-4.010979175567626953e+00
-1.807869791984558105e+00
-1.282583141326904297e+01
1.402700066566467285e+00
-1.683863520622253418e+00
-7.499632835388183594e+00
-9.390701293945312500e+00
-9.745106697082519531e-01
-6.402547836303710938e+00
-5.542591094970703125e+00
3.121556758880615234e+00
-1.214334487915039062e+01
-1.303107261657714844e+01
-1.720617562532424927e-01
-1.149771809577941895e-01
-1.165612697601318359e+01
-3.510414838790893555e+00
-9.012732505798339844e+00
8.949871063232421875e-01
3.859097957611083984e+00
-1.128993606567382812e+01
-9.351249694824218750e+00
3.478230714797973633e+00
-9.662110328674316406e+00
-1.140694904327392578e+01
-1.599986362457275391e+01
-1.325620079040527344e+01
-2.757992029190063477e+00
-7.364338874816894531e+00
-5.730720043182373047e+00
-6.732866764068603516e+00
8.459493517875671387e-02
-6.889475345611572266e+00
-1.217031002044677734e+01
-1.837481689453125000e+01
1.180921435356140137e+00
-6.793985366821289062e+00
-1.337302684783935547e+01
-9.671486854553222656e+00
-1.810530662536621094e+00
-6.085387468338012695e-01
-1.679123193025588989e-01
-6.277775764465332031e+00
-1.453945875167846680e+00
-5.547100543975830078e+00
-8.859501481056213379e-01
-2.784639358520507812e+00
-7.513537406921386719e+00
-1.145845055580139160e+00
1.363446950912475586e+00
-6.723039627075195312e+00
2.111871480941772461e+00
