-3.358381986618041992e-02
-4.826721549034118652e-02
-1.863280497491359711e-02
4.305580258369445801e-02
5.040057376027107239e-02
3.660266473889350891e-02
2.540144883096218109e-02
1.090176962316036224e-02
2.781956689432263374e-03
-5.623338371515274048e-02
7.414410263299942017e-02
3.432738780975341797e-02
-9.036579728126525879e-02
-3.134034108370542526e-03
5.578022077679634094e-02
3.588006831705570221e-03
-1.363559998571872711e-02
7.114547491073608398e-02
7.139807194471359253e-02
1.228035893291234970e-02
-4.273449629545211792e-02
1.048530191183090210e-01
-5.744521692395210266e-02
1.282334513962268829e-02
1.107405051589012146e-01
1.789238676428794861e-02
2.886674366891384125e-02
-2.947868406772613525e-02
3.359434893354773521e-03
4.680128768086433411e-02
6.511984393000602722e-03
2.080661803483963013e-02
1.360987722873687744e-01
5.008633062243461609e-02
2.733192592859268188e-02
-5.774901807308197021e-02
7.897622138261795044e-02
-3.217842429876327515e-02
3.328240709379315376e-03
4.527773708105087280e-03
2.787318453192710876e-02
8.038585633039474487e-02
4.045473784208297729e-02
8.955458551645278931e-02
-3.408807888627052307e-02
2.063067443668842316e-02
-7.206911593675613403e-02
3.946346789598464966e-02
-1.625078544020652771e-02
7.923232018947601318e-02
-4.618265479803085327e-02
3.742657834663987160e-03
6.008733808994293213e-02
9.949737228453159332e-03
-1.868558581918478012e-03
-4.827932640910148621e-02
-2.736509218811988831e-02
-2.557771094143390656e-02
-2.489249687641859055e-03
5.208783596754074097e-02
3.115855716168880463e-02
-2.315959334373474121e-02
1.963512273505330086e-03
4.170458018779754639e-02
7.007386535406112671e-02
-9.724750183522701263e-03
-6.654549390077590942e-02
-4.069687053561210632e-02
1.351165026426315308e-02
1.693752966821193695e-02
1.395976096391677856e-01
6.407421082258224487e-02
2.139058522880077362e-02
5.529147014021873474e-02
7.953123422339558601e-04
4.117523506283760071e-02
1.341359596699476242e-02
6.547909229993820190e-02
4.563723132014274597e-02
5.209439620375633240e-02
-9.267167747020721436e-02
4.696623235940933228e-02
5.086452886462211609e-02
4.211768507957458496e-02
9.664825350046157837e-02
1.065269671380519867e-02
5.220543220639228821e-02
6.019661575555801392e-02
-4.573840647935867310e-03
-2.416681870818138123e-02
1.195105630904436111e-02
-2.106269076466560364e-02
-4.221477359533309937e-02
3.734953701496124268e-02
-1.683691330254077911e-02
-1.227347031235694885e-01
1.238961145281791687e-02
1.109626144170761108e-01
4.570897668600082397e-03
2.456047385931015015e-02
-4.005240276455879211e-02
2.705406630411744118e-03
6.967051886022090912e-03
7.687433063983917236e-02
-5.105453357100486755e-02
1.440106239169836044e-02
1.500071771442890167e-02
7.551033794879913330e-02
-1.683764718472957611e-02
-2.016817405819892883e-02
-2.903303317725658417e-02
8.000131696462631226e-02
2.276737056672573090e-02
5.718182027339935303e-02
8.308325894176959991e-03
5.480238050222396851e-02
2.423605881631374359e-02
-4.808290861546993256e-03
9.303049743175506592e-02
-1.018250659108161926e-01
6.609616428613662720e-02
-2.374263666570186615e-02
3.282616147771477699e-03
-4.331258591264486313e-03
-3.403968643397092819e-03
5.023084580898284912e-02
-4.595568403601646423e-03
-1.893457211554050446e-02
8.350354433059692383e-02
-4.062287975102663040e-03
1.270116269588470459e-01
-2.163865603506565094e-02
-5.837148055434226990e-03
3.489929810166358948e-02
-9.378051757812500000e-02
-1.154721155762672424e-01
7.669243961572647095e-02
3.049766458570957184e-02
7.549238204956054688e-02
6.088593602180480957e-02
7.341437973082065582e-03
5.850931629538536072e-02
-3.247201442718505859e-02
-2.363939769566059113e-02
1.259111426770687103e-02
1.559913903474807739e-02
7.004902698099613190e-03
2.390647120773792267e-02
9.230880439281463623e-02
2.376662380993366241e-02
