-1.230746880173683167e-01
-2.842458486557006836e-01
-1.844609677791595459e-01
-1.670520007610321045e-01
-1.310325264930725098e-01
-1.480748504400253296e-01
-2.394591271877288818e-01
-2.396923899650573730e-01
-1.217742413282394409e-01
-1.422862261533737183e-01
-9.282063692808151245e-02
-1.562868654727935791e-01
-1.627059578895568848e-01
-1.541946232318878174e-01
-1.595436483621597290e-01
-9.038877487182617188e-02
-6.486984342336654663e-02
-2.272750288248062134e-01
-2.333175837993621826e-01
-1.506687551736831665e-01
-1.281354874372482300e-01
-1.138777285814285278e-01
-2.290793955326080322e-01
-1.783856004476547241e-01
-2.373197674751281738e-01
-1.918531358242034912e-01
-1.223104670643806458e-01
-2.935976684093475342e-01
-2.009489983320236206e-01
-1.103459224104881287e-01
-2.826679050922393799e-01
-1.138975769281387329e-01
-1.000372394919395447e-01
-1.614134311676025391e-01
-2.915090918540954590e-01
-2.285746484994888306e-01
-1.990063041448593140e-01
-2.441574931144714355e-01
-1.366923451423645020e-01
-1.844491362571716309e-01
-2.841217815876007080e-01
-2.240675091743469238e-01
-9.480535984039306641e-02
-2.128548026084899902e-01
-2.709114253520965576e-01
-1.601550579071044922e-01
-6.432195007801055908e-02
-2.285059243440628052e-01
-1.472021937370300293e-01
-8.585385233163833618e-02
-7.665696740150451660e-02
-2.867470979690551758e-01
-2.906017303466796875e-01
-1.079785972833633423e-01
-2.027100771665573120e-01
-2.246492356061935425e-01
-2.416434288024902344e-01
-1.300512850284576416e-01
-2.013023495674133301e-01
-1.318345218896865845e-01
-2.019207626581192017e-01
-8.888617157936096191e-02
-8.329057693481445312e-02
-1.889478564262390137e-01
-2.160795181989669800e-01
-2.331828325986862183e-01
-1.431105136871337891e-01
-7.325671613216400146e-02
-3.981135413050651550e-02
-2.220635712146759033e-01
-6.354080140590667725e-02
-1.342575997114181519e-01
-1.554129123687744141e-01
-1.171101927757263184e-01
-1.552062332630157471e-01
-1.705468147993087769e-01
-1.663965880870819092e-01
-2.289593964815139771e-01
-2.711908519268035889e-01
-1.839241832494735718e-01
-2.638239860534667969e-01
-2.711380720138549805e-01
-1.811224669218063354e-01
-1.099148839712142944e-01
-1.844139397144317627e-01
-1.851476132869720459e-01
-3.111239075660705566e-01
-2.075152248144149780e-01
-1.492724716663360596e-01
-1.781375557184219360e-01
-8.944729715585708618e-02
-2.139556109905242920e-01
-2.251430153846740723e-01
-1.725324392318725586e-01
-1.049307137727737427e-01
-1.002486646175384521e-01
-1.591154932975769043e-01
-1.549122035503387451e-01
-1.147835478186607361e-01
-1.649067252874374390e-01
-1.723506748676300049e-01
-7.121552526950836182e-02
-2.084640413522720337e-01
-3.006914258003234863e-01
-1.991097629070281982e-01
-2.407395243644714355e-01
-2.825463116168975830e-01
-2.455717176198959351e-01
-7.161486148834228516e-02
-1.726688742637634277e-01
-1.841510981321334839e-01
-2.064324766397476196e-01
-2.753847241401672363e-01
-1.133097931742668152e-01
-2.301636338233947754e-01
-1.175320297479629517e-01
-2.986504137516021729e-01
-1.351848244667053223e-01
-2.217793166637420654e-01
-1.628886014223098755e-01
-1.936623305082321167e-01
-1.029027104377746582e-01
-1.340050250291824341e-01
-1.760532855987548828e-01
-1.949568688869476318e-01
-1.009923890233039856e-01
-1.486511528491973877e-01
-2.037458866834640503e-01
-2.355311661958694458e-01
-9.343708306550979614e-02
-2.445943057537078857e-01
-2.835666239261627197e-01
-1.973161995410919189e-01
-1.642578393220901489e-01
-1.560989171266555786e-01
-1.376944631338119507e-01
-1.755370944738388062e-01
-2.493661940097808838e-01
-1.321050822734832764e-01
-1.254174858331680298e-01
-2.566293179988861084e-01
-2.906220853328704834e-01
-2.825723886489868164e-01
-1.986703872680664062e-01
-2.209709584712982178e-01
-2.469259351491928101e-01
-4.261963441967964172e-02
-1.814084649085998535e-01
-1.187824532389640808e-01
-1.450960189104080200e-01
-2.300815731287002563e-01
-1.956110745668411255e-01
-1.777271628379821777e-01
-2.138860970735549927e-01
-2.250839620828628540e-01
-2.277788221836090088e-01
-2.772680521011352539e-01
-2.232930511236190796e-01
-2.585557997226715088e-01
-1.981336772441864014e-01
-9.821451455354690552e-02
-2.245166897773742676e-01
-1.626653820276260376e-01
-2.750873565673828125e-01
-1.526791900396347046e-01
-2.757973968982696533e-01
-2.572506964206695557e-01
-1.574780493974685669e-01
-2.257857918739318848e-01
-2.528021931648254395e-01
-1.452071219682693481e-01
-1.218856871128082275e-01
-1.934305578470230103e-01
-1.807005554437637329e-01
-1.559857130050659180e-01
-2.427316308021545410e-01
-1.177439391613006592e-01
-2.069570869207382202e-01
-2.453950494527816772e-01
-1.886958777904510498e-01
-3.271180018782615662e-02
-8.164383471012115479e-02
-5.205837264657020569e-02
-2.196566164493560791e-01
-2.136728465557098389e-01
-1.600276827812194824e-01
-1.663156896829605103e-01
-1.417940557003021240e-01
-1.967908143997192383e-01
-1.919023543596267700e-01
-2.759349346160888672e-01
-2.563368678092956543e-01
-1.157568916678428650e-01
-1.704823970794677734e-01
-1.557587981224060059e-01
-1.220088079571723938e-01
-2.078483700752258301e-01
-1.814497858285903931e-01
-2.502754926681518555e-01
-1.735550463199615479e-01
-2.950100004673004150e-01
-1.868469864130020142e-01
-2.382407933473587036e-01
-1.691380739212036133e-01
-2.326131910085678101e-01
-2.159776538610458374e-01
-1.905840039253234863e-01
-1.170552968978881836e-01
-1.586933284997940063e-01
-1.803328990936279297e-01
-1.207648441195487976e-01
-2.581712305545806885e-01
-2.254518121480941772e-01
-1.187799051403999329e-01
-1.327577680349349976e-01
-1.677155196666717529e-01
-1.479666233062744141e-01
-2.330541051924228668e-02
-1.349831521511077881e-01
-1.716438531875610352e-01
-1.642695516347885132e-01
-1.410480737686157227e-01
-2.143837362527847290e-01
-7.619522511959075928e-02
-2.667113840579986572e-01
-2.187581062316894531e-01
-2.708534598350524902e-01
-1.744547784328460693e-01
-1.584910899400711060e-01
-1.541286706924438477e-01
-2.402266710996627808e-01
-2.302293032407760620e-01
-1.085042804479598999e-01
-2.718597948551177979e-01
-1.222406849265098572e-01
-7.978652417659759521e-02
-2.747074067592620850e-01
-9.428059309720993042e-02
-2.600661218166351318e-01
-9.639488905668258667e-02
-9.606312215328216553e-02
-2.912701070308685303e-01
-8.842782676219940186e-02
-2.368588149547576904e-01
-2.545335292816162109e-01
-6.379934400320053101e-02
-1.360285878181457520e-01
-1.826286613941192627e-01
-1.491865217685699463e-01
-1.181664466857910156e-01
-1.362319141626358032e-01
-1.632179170846939087e-01
-1.923605501651763916e-01
-2.396794110536575317e-01
-5.372173339128494263e-02
-1.525017172098159790e-01
-1.387416720390319824e-01
-2.248779237270355225e-01
-2.586575746536254883e-01
-1.460174471139907837e-01
-5.440970510244369507e-02
-1.879256069660186768e-01
-2.965719699859619141e-01
-1.092387884855270386e-01
-2.026292830705642700e-01
-4.137920215725898743e-02
-1.343915760517120361e-01
-1.519279032945632935e-01
-1.189806163311004639e-01
-1.440707743167877197e-01
-2.574506700038909912e-01
-1.820830255746841431e-01
-1.129165962338447571e-01
-1.184417158365249634e-01
-1.444456130266189575e-01
-2.126997411251068115e-01
-1.390109956264495850e-01
-1.150060370564460754e-01
-1.562929600477218628e-01
-1.137629300355911255e-01
-2.549086809158325195e-01
-2.300915867090225220e-01
-7.851517945528030396e-02
-1.567417681217193604e-01
-2.469925284385681152e-01
-2.594164311885833740e-01
-1.557925790548324585e-01
-1.649653762578964233e-01
-2.761605978012084961e-01
-2.145722061395645142e-01
-1.585547477006912231e-01
-1.479531377553939819e-01
-1.007028296589851379e-01
-2.170653492212295532e-01
-1.692770719528198242e-01
-2.597222924232482910e-01
-2.681145668029785156e-01
-1.950117647647857666e-01
-8.595512062311172485e-02
-2.598739266395568848e-01
