1.098712906241416931e-01
-3.004919970408082008e-03
4.393912479281425476e-02
-1.492941472679376602e-02
5.090838298201560974e-02
2.424026839435100555e-02
-5.130242183804512024e-02
-6.372753065079450607e-03
3.339254111051559448e-02
9.046757966279983521e-02
-1.114302724599838257e-01
1.181657612323760986e-02
5.402000620961189270e-02
6.463817507028579712e-02
1.214229017496109009e-01
-8.317858725786209106e-02
-6.810139864683151245e-02
6.032162904739379883e-02
-6.994693726301193237e-02
1.359160095453262329e-01
1.013292279094457626e-02
-1.583774760365486145e-02
-2.765085734426975250e-02
-7.993574254214763641e-03
1.437746733427047729e-01
1.120791360735893250e-01
-9.134148247539997101e-03
1.051285117864608765e-01
1.023874431848526001e-02
-5.229612067341804504e-02
6.395166367292404175e-02
5.019969865679740906e-02
1.213198993355035782e-02
3.406515344977378845e-02
-6.979823578149080276e-03
9.888634830713272095e-02
3.292662650346755981e-02
6.424687057733535767e-02
-2.504593692719936371e-02
-4.045382142066955566e-02
1.562745422124862671e-01
-1.825240813195705414e-02
6.207273527979850769e-02
9.382407180964946747e-03
2.013902552425861359e-02
-3.031501919031143188e-02
-9.064964950084686279e-02
-1.471626292914152145e-02
-1.234855651855468750e-01
1.503236889839172363e-01
8.942640572786331177e-02
-7.924099266529083252e-02
-9.421025961637496948e-02
5.221386253833770752e-02
5.091585218906402588e-02
-3.775673732161521912e-02
-3.510884940624237061e-03
3.723914921283721924e-02
9.509906172752380371e-02
3.190684691071510315e-02
2.452401071786880493e-02
3.361826390027999878e-02
5.425188317894935608e-02
6.940566748380661011e-02
-1.698985230177640915e-03
4.867778625339269638e-03
2.231111563742160797e-02
1.359058469533920288e-01
-1.288154125213623047e-01
2.964850701391696930e-02
1.419222652912139893e-01
-2.086039260029792786e-02
6.696403026580810547e-02
-1.391226053237915039e-02
3.219676762819290161e-02
