-1.267592072486877441e+00
-1.287164568901062012e+00
-2.874114274978637695e+00
-3.096284389495849609e+00
-2.147154808044433594e+00
6.432219147682189941e-01
-2.026311874389648438e+00
-2.488352060317993164e+00
-3.084195613861083984e+00
-2.942095994949340820e+00
-1.898488163948059082e+00
-7.253612875938415527e-01
-2.504517078399658203e+00
-1.240220069885253906e+00
-1.532878756523132324e+00
-1.200214266777038574e+00
-7.899288535118103027e-01
-1.320835471153259277e+00
-9.068317413330078125e-01
4.668704867362976074e-01
-2.424662590026855469e+00
2.273434847593307495e-01
-1.939889788627624512e+00
-1.010308623313903809e+00
-1.515561461448669434e+00
-1.108107328414916992e+00
-1.353046655654907227e+00
-2.528817653656005859e-01
-7.009749412536621094e-01
-8.931466937065124512e-01
-1.221964716911315918e+00
-2.940676450729370117e+00
-1.273087143898010254e+00
-2.352949619293212891e+00
1.962446570396423340e-01
-4.475414752960205078e-01
-1.542830228805541992e+00
-3.684625625610351562e+00
-8.685608506202697754e-01
-1.305986046791076660e+00
-7.238045930862426758e-01
-2.613560914993286133e+00
-1.187074899673461914e+00
-7.271910905838012695e-01
-3.528464555740356445e+00
-1.010758638381958008e+00
-1.533832550048828125e+00
-9.996225833892822266e-01
-1.647272825241088867e+00
1.978943794965744019e-01
-1.661202192306518555e+00
-2.525060653686523438e+00
-1.703523039817810059e+00
-1.431727886199951172e+00
-2.070153474807739258e+00
-2.280751466751098633e+00
-1.272746682167053223e+00
-1.800138950347900391e+00
-1.901079773902893066e+00
-2.473350524902343750e+00
-7.881991863250732422e-01
-2.454624176025390625e+00
-4.721611022949218750e+00
-1.736095666885375977e+00
-2.528160810470581055e+00
-1.657290816307067871e+00
-7.224559187889099121e-01
-2.358577489852905273e+00
-4.979952573776245117e-01
-1.945908784866333008e+00
-4.513265490531921387e-01
-4.057655036449432373e-01
-1.054271608591079712e-01
-3.084286451339721680e+00
-9.851813912391662598e-01
-1.979879736900329590e+00
-6.919639110565185547e-01
-2.073015213012695312e+00
-2.044158697128295898e+00
-1.710160613059997559e+00
-1.118283390998840332e+00
-1.984850168228149414e+00
-4.186913371086120605e-01
-3.171094179153442383e+00
2.030967026948928833e-01
-2.404451847076416016e+00
-2.273419141769409180e+00
-2.324825763702392578e+00
-2.397747993469238281e+00
-1.124416708946228027e+00
1.115763425827026367e+00
-4.520303905010223389e-01
-4.484584629535675049e-01
-1.474179387092590332e+00
-1.230664134025573730e+00
-1.884249687194824219e+00
-2.008925914764404297e+00
-1.874030351638793945e+00
3.083870708942413330e-01
-1.994482636451721191e+00
-1.598407864570617676e+00
-7.766745686531066895e-01
-2.978208780288696289e+00
-2.849312543869018555e+00
-2.183734416961669922e+00
-1.954286098480224609e+00
-3.096552371978759766e+00
-2.728657007217407227e+00
-2.158860921859741211e+00
-3.640161275863647461e+00
2.307354062795639038e-01
-1.481857538223266602e+00
-1.254441976547241211e+00
-2.843179702758789062e+00
-9.288565516471862793e-01
-7.249687314033508301e-01
-2.113891601562500000e+00
-1.461138725280761719e+00
-2.761489391326904297e+00
-2.834126234054565430e+00
1.050527170300483704e-01
-1.636578798294067383e+00
7.932754755020141602e-01
-8.345020413398742676e-01
-1.306227445602416992e+00
1.901223957538604736e-01
-3.523185849189758301e-01
-1.123829722404479980e+00
-1.160747885704040527e+00
-4.945178329944610596e-01
-1.497635841369628906e+00
-1.005893826484680176e+00
-2.113053798675537109e+00
-1.470784187316894531e+00
-1.791430950164794922e+00
4.649300500750541687e-02
-1.471075534820556641e+00
-2.810260355472564697e-01
-2.602669715881347656e+00
-3.047491610050201416e-01
-1.852473020553588867e+00
-2.524257898330688477e+00
-1.874815702438354492e+00
-9.537973254919052124e-02
-3.211047410964965820e+00
-1.471880674362182617e+00
-1.457927942276000977e+00
-1.927090048789978027e+00
-2.669572114944458008e+00
-1.850863456726074219e+00
-1.060513615608215332e+00
-2.162571191787719727e+00
-1.293868422508239746e+00
-2.129158973693847656e+00
-1.913080215454101562e+00
-2.773743391036987305e+00
-2.240658551454544067e-02
-2.255944252014160156e+00
5.437889695167541504e-01
-3.015256643295288086e+00
-2.053928613662719727e+00
-4.864655733108520508e-01
-1.165194749832153320e+00
-6.695420145988464355e-01
-2.939107418060302734e+00
-1.295207142829895020e+00
-1.763560652732849121e+00
-1.101668834686279297e+00
-2.849008321762084961e+00
-1.839741110801696777e+00
-2.207611322402954102e+00
-2.398352146148681641e+00
-1.629304647445678711e+00
6.872820854187011719e-01
-1.594201445579528809e+00
-1.118627309799194336e+00
1.788749694824218750e-01
-1.196767568588256836e+00
-2.209525346755981445e+00
-3.395794630050659180e+00
-2.827507972717285156e+00
-2.187280416488647461e+00
-2.881595492362976074e-01
-1.393129706382751465e+00
3.927616775035858154e-01
-1.688265204429626465e+00
-2.236254453659057617e+00
-1.642462730407714844e+00
-3.062908649444580078e+00
-1.969344019889831543e+00
-2.455785751342773438e+00
-1.627114653587341309e+00
-2.918410539627075195e+00
-7.636080980300903320e-01
-1.998033970594406128e-01
-6.163572669029235840e-01
-2.094837903976440430e+00
-1.850874304771423340e+00
-1.746877789497375488e+00
-1.382076263427734375e+00
-2.372112989425659180e+00
1.522242128849029541e-01
-1.089093804359436035e+00
-6.704953908920288086e-01
-3.674674332141876221e-01
-2.266735792160034180e+00
-1.169646501541137695e+00
-2.165404081344604492e+00
-3.142813205718994141e+00
-3.064998626708984375e+00
-1.559283852577209473e+00
1.324877291917800903e-01
-2.473488330841064453e+00
-1.828256011009216309e+00
-1.471481084823608398e+00
-8.960297107696533203e-01
-6.409527063369750977e-01
-2.017468452453613281e+00
-6.634791493415832520e-01
-2.154036045074462891e+00
-5.940830111503601074e-01
-2.783474512398242950e-02
-1.056164264678955078e+00
2.972893118858337402e-01
-3.705556154251098633e+00
-2.874274253845214844e+00
-3.397018909454345703e+00
-7.919526696205139160e-01
4.927618205547332764e-01
-4.260311126708984375e+00
-6.144874095916748047e-01
-2.157828092575073242e+00
-9.850154519081115723e-01
-1.847428560256958008e+00
-1.420047163963317871e+00
-2.067857027053833008e+00
-1.880131244659423828e+00
-1.326833248138427734e+00
-1.749893784523010254e+00
-2.822587966918945312e+00
-3.164950370788574219e+00
-1.446421980857849121e+00
-1.211828947067260742e+00
-2.162111043930053711e+00
-2.491417169570922852e+00
-1.584654808044433594e+00
-2.534539699554443359e+00
-1.277588844299316406e+00
-1.354958772659301758e+00
-2.696695327758789062e+00
-1.536222696304321289e+00
-5.692181587219238281e-01
-1.816779494285583496e+00
-1.101401209831237793e+00
-2.317965507507324219e+00
-3.487808942794799805e+00
-1.993660569190979004e+00
-2.470171213150024414e+00
-1.799854397773742676e+00
-2.979470491409301758e-01
-1.402798175811767578e+00
-1.641267538070678711e+00
-3.978703916072845459e-01
-9.630484580993652344e-01
-2.941453456878662109e-01
-1.085247397422790527e+00
-1.470564007759094238e+00
-1.224403738975524902e+00
-1.034001350402832031e+00
-3.762754917144775391e+00
-2.908041954040527344e+00
-1.290414452552795410e+00
-2.673243522644042969e+00
-2.190199613571166992e+00
-2.714401483535766602e+00
6.539973020553588867e-01
-1.413213610649108887e+00
-1.890491604804992676e+00
-3.665310144424438477e+00
-1.491280674934387207e+00
-1.346607565879821777e+00
-1.841664075851440430e+00
9.501048922538757324e-01
3.275937438011169434e-01
-8.271034359931945801e-01
-2.249199867248535156e+00
-1.879468083381652832e+00
-1.767385125160217285e+00
-3.251755714416503906e+00
-3.994906544685363770e-01
-1.906305193901062012e+00
-7.050439119338989258e-01
-2.385285377502441406e+00
-1.605127573013305664e+00
-1.356693148612976074e+00
-7.089098095893859863e-01
9.508135914802551270e-02
-3.375726461410522461e+00
-1.008060336112976074e+00
-2.277249336242675781e+00
