-5.390413403511047363e-01
-1.627534627914428711e-01
-1.716285049915313721e-01
-4.201572239398956299e-01
-5.191621780395507812e-01
-5.749866962432861328e-01
-6.392084956169128418e-01
-4.613221287727355957e-01
-4.459132552146911621e-01
-5.570331811904907227e-01
-4.624544978141784668e-01
-2.623035311698913574e-01
-3.769796192646026611e-01
-3.000192940235137939e-01
-2.946849763393402100e-01
-4.589382112026214600e-01
-5.086644887924194336e-01
-5.677614212036132812e-01
-5.003660321235656738e-01
-6.488006114959716797e-01
-2.218998968601226807e-01
-1.821864098310470581e-01
-4.721285998821258545e-01
-4.033389389514923096e-01
-3.364993333816528320e-01
-5.415800213813781738e-01
-7.202959060668945312e-01
-3.076112568378448486e-01
-5.138822793960571289e-01
-4.519454240798950195e-01
-4.890192747116088867e-01
-5.513672828674316406e-01
-4.309675097465515137e-01
-2.221017777919769287e-01
-5.936323404312133789e-01
-1.118839085102081299e-01
-5.061870217323303223e-01
-2.222933769226074219e-01
-3.821841478347778320e-01
-3.785492777824401855e-01
-5.148285031318664551e-01
-5.147264599800109863e-01
-3.625784218311309814e-01
-3.496490716934204102e-01
-3.940046727657318115e-01
-4.313983619213104248e-01
-5.717487335205078125e-01
-9.188085049390792847e-02
-5.089834928512573242e-01
-5.613078474998474121e-01
-3.233549296855926514e-01
-5.584285259246826172e-01
-1.033387184143066406e-01
-6.435297131538391113e-01
-4.433313608169555664e-01
-3.508203029632568359e-01
-4.265595078468322754e-01
-5.791428089141845703e-01
-3.844016790390014648e-01
-3.946055471897125244e-01
-3.320713639259338379e-01
-4.398322999477386475e-01
-3.938819766044616699e-01
-3.130277693271636963e-01
-5.618197321891784668e-01
-3.319990634918212891e-01
-4.612084925174713135e-01
-6.192954182624816895e-01
-4.491256177425384521e-01
-6.892750859260559082e-01
-2.130153030157089233e-01
-3.665152788162231445e-01
-5.631318092346191406e-01
-4.206359982490539551e-01
-6.670594215393066406e-01
-2.610754966735839844e-01
-1.439615488052368164e-01
-2.157679200172424316e-01
-6.328297853469848633e-01
-2.736577987670898438e-01
-5.957977175712585449e-01
-2.781563103199005127e-01
-3.865314126014709473e-01
-2.250694781541824341e-01
-4.834991693496704102e-01
-2.573468387126922607e-01
-5.108308792114257812e-01
-5.295806527137756348e-01
-6.275758743286132812e-01
-4.611410796642303467e-01
-4.185145199298858643e-01
-3.304048180580139160e-01
-2.662140429019927979e-01
-4.752752482891082764e-01
-2.755916118621826172e-01
-5.113480687141418457e-01
-5.461346507072448730e-01
-2.448366880416870117e-01
-2.684649527072906494e-01
-7.100396752357482910e-01
-3.675134778022766113e-01
-5.191520452499389648e-01
-4.458010792732238770e-01
-3.734449446201324463e-01
-5.805757045745849609e-01
-3.644641637802124023e-01
-3.887505531311035156e-01
-4.851751625537872314e-01
-4.770910441875457764e-01
-3.894478380680084229e-01
-2.507340013980865479e-01
-2.721467614173889160e-01
-3.173067867755889893e-01
-4.639200270175933838e-01
-3.464492857456207275e-01
-3.595462441444396973e-01
-2.952895462512969971e-01
-4.858041703701019287e-01
-2.586045861244201660e-01
-3.304795622825622559e-01
-2.547675967216491699e-01
-5.315534472465515137e-01
-4.405207037925720215e-01
-4.721080958843231201e-01
-3.767153918743133545e-01
-3.173474669456481934e-01
-4.211124777793884277e-01
-4.368661642074584961e-01
-7.218130230903625488e-01
-2.685543894767761230e-01
-4.226503074169158936e-01
-5.654740333557128906e-01
-4.528228640556335449e-01
-3.006959557533264160e-01
-5.546206235885620117e-01
-2.770439684391021729e-01
-2.295453399419784546e-01
-3.238240778446197510e-01
-3.523987531661987305e-01
-4.085084199905395508e-01
-3.960566520690917969e-01
-4.253712892532348633e-01
-3.917958736419677734e-01
-3.806737065315246582e-01
-1.867459416389465332e-01
-4.318207800388336182e-01
-4.192980527877807617e-01
-3.064860105514526367e-01
-2.826629877090454102e-01
-4.480082094669342041e-01
-3.176243901252746582e-01
-3.359762132167816162e-01
-4.363519549369812012e-01
-5.758064389228820801e-01
-3.539496362209320068e-01
-7.490224838256835938e-01
-4.770617187023162842e-01
-3.101258575916290283e-01
-3.216598331928253174e-01
-2.167748510837554932e-01
-5.137446522712707520e-01
-4.607832133769989014e-01
-4.717327654361724854e-01
-5.304686427116394043e-01
-5.049903988838195801e-01
-2.277892827987670898e-01
-3.725385069847106934e-01
-2.748466134071350098e-01
-2.426853328943252563e-01
-2.952141165733337402e-01
-5.233852267265319824e-01
-3.401113748550415039e-01
-3.810045719146728516e-01
-5.542166233062744141e-01
-2.895455062389373779e-01
-2.969968020915985107e-01
-3.752542734146118164e-01
-4.122940003871917725e-01
-6.316613554954528809e-01
-4.124282300472259521e-01
-3.977930545806884766e-01
-3.640742897987365723e-01
-2.376414984464645386e-01
-4.003345966339111328e-01
-2.440707683563232422e-01
-3.557178378105163574e-01
-5.031797289848327637e-01
-6.027664542198181152e-01
-4.526017606258392334e-01
-2.510936260223388672e-01
-4.775079190731048584e-01
-4.445270895957946777e-01
-2.339204102754592896e-01
-2.059394568204879761e-01
-3.711606264114379883e-01
-2.339300811290740967e-01
-4.451982080936431885e-01
-1.819323748350143433e-01
-4.019705951213836670e-01
-6.223520040512084961e-01
-4.233871102333068848e-01
-1.968230307102203369e-01
-4.402929842472076416e-01
-4.551247954368591309e-01
-4.928133487701416016e-01
-3.044520914554595947e-01
-3.778594136238098145e-01
-4.774854779243469238e-01
-3.886097967624664307e-01
-1.926824003458023071e-01
-3.204914629459381104e-01
-5.201770067214965820e-01
-4.085720181465148926e-01
-3.890671730041503906e-01
-4.555618464946746826e-01
-1.092628464102745056e-01
-5.439514517784118652e-01
-3.599343597888946533e-01
-5.706418752670288086e-01
-2.359055131673812866e-01
-5.163249969482421875e-01
-5.088592767715454102e-01
-4.692522585391998291e-01
-3.566972315311431885e-01
-6.068232059478759766e-01
-4.096335768699645996e-01
-3.045422434806823730e-01
-7.304455041885375977e-01
-5.270920991897583008e-01
-3.548719882965087891e-01
-2.256171405315399170e-01
-3.221381008625030518e-01
-4.368776679039001465e-01
-4.955723285675048828e-01
-3.889517784118652344e-01
-2.956806421279907227e-01
-7.100507616996765137e-01
-3.857579827308654785e-01
-4.313497245311737061e-01
-4.934786260128021240e-01
-6.667262315750122070e-01
-5.613579154014587402e-01
-3.788557052612304688e-01
-5.531537532806396484e-01
-6.263654232025146484e-01
-4.693517684936523438e-01
-3.825988471508026123e-01
-3.430980145931243896e-01
-3.421552181243896484e-01
-3.602271080017089844e-01
-7.187737822532653809e-01
-3.823175728321075439e-01
-3.615660667419433594e-01
-3.371655642986297607e-01
-4.104688763618469238e-01
-4.730771183967590332e-01
-2.913812994956970215e-01
-3.546727597713470459e-01
-3.554627001285552979e-01
-2.461620271205902100e-01
-2.593077123165130615e-01
-3.733298182487487793e-01
-4.821131229400634766e-01
-4.553101956844329834e-01
-4.363865256309509277e-01
-4.884697198867797852e-01
-2.905026674270629883e-01
-2.856573164463043213e-01
-2.173173576593399048e-01
-4.247644543647766113e-01
-5.617076158523559570e-01
-4.127207100391387939e-01
-3.141194880008697510e-01
-7.285515666007995605e-01
-4.158938527107238770e-01
-2.960812449455261230e-01
-3.538899123668670654e-01
-5.340157747268676758e-01
-5.943488478660583496e-01
-6.053211092948913574e-01
-5.178938508033752441e-01
-4.316258728504180908e-01
-3.839940428733825684e-01
-6.286131739616394043e-01
-3.466210067272186279e-01
-1.394544690847396851e-01
-6.785743236541748047e-01
-3.547485172748565674e-01
-3.157676458358764648e-01
-3.367025554180145264e-01
-3.468994498252868652e-01
-2.974999547004699707e-01
-4.822172522544860840e-01
-5.948101282119750977e-01
-5.235721468925476074e-01
-4.419349730014801025e-01
-3.117484450340270996e-01
-3.487024307250976562e-01
-5.426879525184631348e-01
-3.951973617076873779e-01
