7.023167610168457031e+00
-9.328309446573257446e-02
-1.078205490112304688e+01
-3.852595090866088867e+00
-5.814367771148681641e+00
-2.035126304626464844e+01
-2.890662908554077148e+00
-4.516716003417968750e+00
-1.084202766418457031e+00
-9.789989888668060303e-02
-3.966955184936523438e+00
-7.410326957702636719e+00
-4.080964088439941406e+00
-1.659719347953796387e+00
-7.273747920989990234e+00
-4.089671134948730469e+00
1.554394047707319260e-02
-7.407273769378662109e+00
-7.044645309448242188e+00
-1.427036571502685547e+01
-8.421066284179687500e+00
-3.983797430992126465e-01
-8.980834007263183594e+00
-2.659048795700073242e+00
-1.065702915191650391e+01
-7.264006614685058594e+00
4.960475921630859375e+00
-2.391044139862060547e+00
-1.609129524230957031e+01
-1.149640083312988281e+01
-9.439291954040527344e+00
-1.494675540924072266e+01
-5.154860019683837891e-01
5.113168358802795410e-01
-7.618356704711914062e+00
-4.654397666454315186e-01
2.823609828948974609e+00
-7.294029235839843750e+00
-8.680914640426635742e-01
-1.328024482727050781e+01
-9.041249275207519531e+00
1.378252792358398438e+01
-2.339767217636108398e+00
-1.587079143524169922e+01
3.849053859710693359e+00
-6.436176776885986328e+00
5.862102508544921875e+00
-7.162189006805419922e+00
-1.866771221160888672e+00
-8.858580142259597778e-02
-8.108655929565429688e+00
-9.537518501281738281e+00
-9.205757141113281250e+00
-3.054508447647094727e+00
-3.025164365768432617e+00
-1.038119411468505859e+01
-1.119986724853515625e+01
1.075156569480895996e+00
-2.923720121383666992e+00
-1.017354011535644531e+01
4.594670772552490234e+00
5.481042317114770412e-04
-1.781924724578857422e+00
1.553436374664306641e+01
-2.312222957611083984e+00
-5.444924831390380859e+00
5.089645385742187500e-01
7.015042781829833984e+00
4.569384098052978516e+00
-7.329934597015380859e+00
-8.029312491416931152e-01
-1.071461105346679688e+01
-9.030407667160034180e-01
-7.301538944244384766e+00
-3.073824405670166016e+00
-9.217180252075195312e+00
-1.881482154130935669e-01
7.615270614624023438e+00
-9.810279846191406250e+00
-1.466994953155517578e+01
-1.095188713073730469e+01
-1.279297637939453125e+01
-3.665271043777465820e+00
-1.855595469474792480e+00
-1.670902442932128906e+01
-8.678414344787597656e+00
-9.177612304687500000e+00
-1.169705271720886230e+00
-5.745257854461669922e+00
-9.982508659362792969e+00
-1.104001522064208984e+01
-5.796008110046386719e+00
-9.507418632507324219e+00
-1.938467788696289062e+01
-1.297464466094970703e+01
-5.397211074829101562e+00
-1.197073078155517578e+01
7.015117645263671875e+00
-1.271554183959960938e+01
-3.564177274703979492e+00
-6.409219264984130859e+00
-1.238267326354980469e+01
-8.603083610534667969e+00
-7.247596740722656250e+00
2.850095510482788086e+00
-8.241645812988281250e+00
-1.180620551109313965e+00
4.582898616790771484e+00
-1.032885742187500000e+01
-3.915947198867797852e+00
-2.184045314788818359e+00
-6.248894691467285156e+00
-2.396014213562011719e+00
-8.981288909912109375e+00
-8.349128723144531250e+00
-3.986247539520263672e+00
-9.162430763244628906e-01
-1.856630897521972656e+01
-2.027622795104980469e+01
-1.182226371765136719e+01
-9.649596214294433594e+00
-1.219297981262207031e+01
-1.444150328636169434e+00
-8.649829864501953125e+00
-1.906806373596191406e+01
5.483614444732666016e+00
-1.143251037597656250e+01
-1.229394972324371338e-01
-1.021072745323181152e+00
-9.867842674255371094e+00
-1.890641927719116211e+00
-7.941905975341796875e+00
-1.202626991271972656e+01
-6.277266979217529297e+00
-7.474386215209960938e+00
-6.798106670379638672e+00
-1.867498308420181274e-01
-7.891226291656494141e+00
-1.122971343994140625e+01
-9.919507980346679688e+00
-1.780584335327148438e+01
-2.937551021575927734e+00
-1.298496246337890625e+01
-1.086508750915527344e+01
-5.322566032409667969e+00
4.656866550445556641e+00
8.213668823242187500e+00
4.745931625366210938e+00
-3.557803869247436523e+00
-3.989834547042846680e+00
5.974636554718017578e+00
-1.199945354461669922e+01
-3.938444852828979492e+00
-5.332090854644775391e+00
-6.833149433135986328e+00
-7.294192314147949219e+00
3.022680044174194336e+00
6.869665384292602539e-01
-7.584352493286132812e+00
5.875633716583251953e+00
-1.641555905342102051e+00
6.750058174133300781e+00
-6.882950782775878906e+00
-8.332093238830566406e+00
-4.499574184417724609e+00
6.868929862976074219e+00
-3.651175498962402344e+00
-8.213923454284667969e+00
-1.536492252349853516e+01
-2.895200967788696289e+00
-1.256538677215576172e+01
-8.722717285156250000e+00
-7.405175685882568359e+00
-2.643582820892333984e+00
-1.165001010894775391e+01
-4.585205078125000000e+00
-2.323914051055908203e+00
-8.117143630981445312e+00
-1.631169676780700684e+00
7.868582606315612793e-01
8.834369778633117676e-01
-1.107592391967773438e+01
-1.138110542297363281e+01
-9.014206886291503906e+00
2.523483894765377045e-02
-3.398069381713867188e+00
-6.061258316040039062e+00
-1.709199905395507812e+01
-2.368559122085571289e+00
-4.542253971099853516e+00
2.027957916259765625e+00
-9.851479530334472656e+00
-3.886629104614257812e+00
1.944914102554321289e+00
-3.403495311737060547e+00
-6.398436069488525391e+00
-1.753706097602844238e+00
-2.624737262725830078e+00
-3.036597251892089844e+00
-9.424264907836914062e+00
1.977095127105712891e+00
-1.553050160408020020e+00
-7.155003070831298828e+00
-5.677255153656005859e+00
-1.068574237823486328e+01
-3.728733301162719727e+00
-1.376692199707031250e+01
-9.131086349487304688e+00
3.539890766143798828e+00
5.309497356414794922e+00
-8.122708320617675781e+00
-7.374470233917236328e+00
8.592138290405273438e+00
1.807139396667480469e+00
4.371259689331054688e+00
-6.810565471649169922e+00
-9.945053100585937500e+00
1.189472198486328125e+00
-3.823570013046264648e+00
-4.559736549854278564e-01
-3.627954244613647461e+00
-4.534418582916259766e-01
9.446372032165527344e+00
-6.677278041839599609e+00
-1.415643787384033203e+01
4.900452613830566406e+00
-4.835397720336914062e+00
-6.247896194458007812e+00
-1.333768963813781738e+00
-8.202457427978515625e+00
-6.148482322692871094e+00
-1.000196218490600586e+00
-5.925238132476806641e+00
-9.180552482604980469e+00
-8.297463417053222656e+00
-1.065344429016113281e+01
-7.392535686492919922e+00
-1.907481002807617188e+01
-5.697111606597900391e+00
-6.315165996551513672e+00
-6.679562091827392578e+00
-1.207809162139892578e+01
-1.130438041687011719e+01
3.002615690231323242e+00
-1.985314488410949707e+00
-3.357261180877685547e+00
-7.071441650390625000e+00
-2.933779478073120117e+00
-5.121372222900390625e+00
3.748030900955200195e+00
-1.428380107879638672e+01
-5.035684585571289062e+00
-1.186444759368896484e+01
8.345655798912048340e-01
-5.999031543731689453e+00
-1.233619785308837891e+01
2.879645586013793945e+00
2.594644129276275635e-01
6.706768035888671875e+00
2.738385200500488281e-01
-1.567867946624755859e+01
-9.803237915039062500e+00
-6.153144836425781250e+00
-8.230510711669921875e+00
-1.473518180847167969e+01
-3.125529766082763672e+00
-1.343711471557617188e+01
-5.912477970123291016e+00
2.967346191406250000e+00
-1.446177005767822266e+01
-1.460465312004089355e+00
-7.384521961212158203e+00
-9.606826782226562500e+00
-1.506156730651855469e+01
-1.786375808715820312e+01
4.830023765563964844e+00
-1.274314761161804199e+00
-4.782669842243194580e-01
-8.617831230163574219e+00
-2.499632596969604492e+00
-1.446403980255126953e+00
-3.207970142364501953e+00
1.500206470489501953e+01
-1.116802930831909180e+00
3.659243583679199219e+00
1.611058950424194336e+00
-3.538674831390380859e+00
-8.969470977783203125e+00
6.739269256591796875e+00
-1.258001518249511719e+01
-5.609069347381591797e+00
-1.041344070434570312e+01
-7.489038467407226562e+00
-1.255046749114990234e+01
-6.886398792266845703e+00
-1.476597785949707031e+01
8.498608589172363281e+00
-5.954301357269287109e+00
-1.081266307830810547e+01
-2.337746620178222656e+00
