2.364220842719078064e-02
3.659028187394142151e-02
1.264323573559522629e-02
-2.485556900501251221e-02
1.268207002431154251e-02
2.543041855096817017e-02
-1.197698712348937988e-02
-9.602535516023635864e-03
6.123178079724311829e-02
-1.200107485055923462e-02
4.481181502342224121e-03
-5.389701947569847107e-02
1.217765640467405319e-02
9.461177885532379150e-02
9.939436614513397217e-02
5.220910161733627319e-02
-1.300494302995502949e-03
-5.175966769456863403e-02
3.058932721614837646e-02
-4.572122544050216675e-02
-1.070934627205133438e-02
5.354904010891914368e-02
4.974178224802017212e-02
-1.447771769016981125e-02
1.765425503253936768e-02
1.216943655163049698e-02
9.003899246454238892e-02
-4.236128646880388260e-03
4.605221003293991089e-02
4.008010402321815491e-02
7.079416513442993164e-02
6.009547784924507141e-02
1.543432660400867462e-02
9.914891421794891357e-02
-4.654697701334953308e-02
3.850697726011276245e-02
3.486081957817077637e-02
-1.614880003035068512e-02
2.721922239288687706e-03
-1.149783562868833542e-02
-2.538249082863330841e-02
3.861596435308456421e-02
-1.479435712099075317e-02
-3.906495124101638794e-02
-1.015210431069135666e-02
-8.333545178174972534e-03
1.061751134693622589e-02
-3.607656434178352356e-02
-1.250493340194225311e-02
6.348276883363723755e-02
6.339204311370849609e-02
-9.200392290949821472e-03
-1.950150914490222931e-02
-3.264611214399337769e-02
7.233690004795789719e-03
-4.054424166679382324e-02
8.251060731709003448e-03
-5.688892677426338196e-02
-6.292182370088994503e-04
5.051029846072196960e-02
6.562548875808715820e-02
5.619709938764572144e-02
6.565443426370620728e-02
-3.002477250993251801e-02
7.188935577869415283e-02
4.130821675062179565e-02
-1.083850860595703125e-02
-1.122808605432510376e-01
-2.776719443500041962e-02
-7.990096928551793098e-04
3.864896297454833984e-02
3.541290014982223511e-02
2.399170584976673126e-02
-1.595749706029891968e-02
-6.686227023601531982e-02
-4.230095446109771729e-02
2.563516236841678619e-02
-3.036648407578468323e-02
8.111274242401123047e-02
8.165850304067134857e-03
1.160103362053632736e-02
2.968760766088962555e-02
-5.655670538544654846e-03
-3.409153316169977188e-03
-1.078824233263731003e-02
4.213484376668930054e-02
-2.400143770501017570e-03
-8.006565272808074951e-03
5.811985209584236145e-02
3.057956509292125702e-02
-5.667620338499546051e-03
9.816745296120643616e-03
-1.637208834290504456e-02
3.119956701993942261e-02
3.263673186302185059e-02
-3.347500786185264587e-02
1.971918717026710510e-02
2.273487672209739685e-02
6.498345732688903809e-02
1.796537637710571289e-02
-5.179911479353904724e-02
1.454055425710976124e-03
1.372268050909042358e-02
-2.511033962946385145e-04
-4.172694683074951172e-02
-1.038828492164611816e-02
3.743370622396469116e-02
4.740438610315322876e-02
-3.230047179386019707e-03
1.108335331082344055e-01
7.094705943018198013e-03
-3.473753109574317932e-02
6.738641858100891113e-02
-2.010411210358142853e-02
1.122384145855903625e-02
-9.268426150083541870e-02
9.457797557115554810e-02
4.220030829310417175e-02
-1.883588917553424835e-02
-3.400553483515977859e-03
5.337204784154891968e-02
4.478432610630989075e-02
-6.763301789760589600e-02
-2.983258292078971863e-02
-4.071934893727302551e-02
2.321258373558521271e-02
5.305940285325050354e-02
7.356566190719604492e-02
1.256489753723144531e-02
4.697411879897117615e-02
4.557673633098602295e-02
3.103701863437891006e-03
9.631337597966194153e-03
-3.143307939171791077e-02
1.855009468272328377e-03
-3.722826763987541199e-02
1.065695192664861679e-02
8.689881302416324615e-03
-1.645513810217380524e-02
-4.358422756195068359e-02
-5.179081484675407410e-02
-4.175645858049392700e-02
3.783037513494491577e-02
5.122691765427589417e-02
2.452357485890388489e-02
-1.505264430306851864e-03
5.691141262650489807e-02
-5.508816242218017578e-02
-3.973120823502540588e-02
2.232098393142223358e-02
-4.382740333676338196e-02
-6.001744419336318970e-02
-1.474745757877826691e-02
1.359440945088863373e-02
4.722192138433456421e-02
-3.648880496621131897e-02
4.519984498620033264e-02
7.994456589221954346e-02
9.341873228549957275e-02
7.244014739990234375e-02
3.179449960589408875e-02
4.726818948984146118e-02
5.101544037461280823e-02
1.581637770868837833e-03
2.915944904088973999e-02
-3.023174032568931580e-02
7.431485224515199661e-03
1.428021490573883057e-02
6.426094099879264832e-03
3.214719519019126892e-02
-7.821942865848541260e-02
-4.926961660385131836e-02
-4.225543886423110962e-02
-2.452880516648292542e-02
5.211165547370910645e-02
-3.957663476467132568e-02
5.121730268001556396e-02
-4.205852374434471130e-02
5.773632228374481201e-02
8.532633632421493530e-02
-2.558821439743041992e-02
3.625752404332160950e-02
5.494033172726631165e-02
-1.852725632488727570e-02
-1.060811579227447510e-01
3.947262093424797058e-02
2.145614661276340485e-02
-7.699848711490631104e-02
7.009121123701334000e-03
2.068616449832916260e-02
-4.722911491990089417e-02
1.712185144424438477e-02
7.806964963674545288e-02
-1.936661079525947571e-02
5.331415683031082153e-02
4.083577916026115417e-02
1.894482225179672241e-02
2.204968780279159546e-02
3.264500200748443604e-02
1.364347990602254868e-02
-8.434073068201541901e-03
-9.660754352807998657e-02
3.000660985708236694e-02
-6.506101787090301514e-02
1.784844137728214264e-02
1.472003478556871414e-02
5.221141502261161804e-02
-4.008990153670310974e-02
-2.403253503143787384e-02
-6.418520584702491760e-03
1.141100842505693436e-02
2.368212863802909851e-02
-9.723577648401260376e-02
-1.131583284586668015e-02
-8.402667939662933350e-02
-5.574759468436241150e-02
3.040097840130329132e-02
1.094113662838935852e-02
-5.676584783941507339e-03
1.839616522192955017e-02
-5.160433799028396606e-02
5.289717577397823334e-03
-4.895893856883049011e-03
-3.034925088286399841e-02
2.017233520746231079e-02
