1.273470968008041382e-01
1.302616447210311890e-01
-2.437280863523483276e-02
8.452367037534713745e-02
1.459574550390243530e-01
-3.122153133153915405e-02
2.944830618798732758e-02
1.205681189894676208e-01
9.924568235874176025e-03
-9.334124624729156494e-03
8.251594752073287964e-02
-5.752737075090408325e-02
-2.024444518610835075e-03
-1.494754222221672535e-03
7.881613820791244507e-02
6.387247145175933838e-02
1.855774670839309692e-01
1.058057546615600586e-01
9.692402184009552002e-02
1.977593451738357544e-01
-2.943846210837364197e-02
-6.200810894370079041e-02
2.527348995208740234e-01
1.536639779806137085e-01
5.056637898087501526e-02
2.974731475114822388e-02
1.803748607635498047e-01
1.920440346002578735e-01
1.594133377075195312e-01
-2.971760462969541550e-03
-1.347307395190000534e-02
8.506337553262710571e-02
2.119337394833564758e-02
-3.417054191231727600e-02
2.362524121999740601e-01
3.171182423830032349e-02
6.900655478239059448e-02
2.043864922598004341e-03
3.288250863552093506e-01
2.253414541482925415e-01
-2.189391478896141052e-02
9.832756966352462769e-02
1.715777069330215454e-01
8.265109360218048096e-02
8.414098620414733887e-02
