-1.888640671968460083e-01
-4.983353987336158752e-02
-1.425810903310775757e-01
-1.579181402921676636e-01
-1.165360063314437866e-01
-1.676344126462936401e-01
-1.344498097896575928e-01
-1.439748704433441162e-01
-7.019032537937164307e-02
-1.660610139369964600e-01
-7.934197783470153809e-02
-1.108393222093582153e-01
-1.844387315213680267e-02
-1.025724411010742188e-01
-8.212882280349731445e-02
-7.914622873067855835e-02
-7.616730779409408569e-02
-1.317054480314254761e-01
-1.697053462266921997e-01
-1.538910418748855591e-01
-1.040542572736740112e-01
-1.294548958539962769e-01
-2.142420858144760132e-01
-1.411372870206832886e-01
-1.059324592351913452e-01
-9.903778135776519775e-02
-1.096551716327667236e-01
-1.631782352924346924e-01
-4.227348044514656067e-02
-1.339111775159835815e-01
-4.115619510412216187e-02
-9.783693403005599976e-02
-1.275287717580795288e-01
-1.526023000478744507e-01
-1.696474701166152954e-01
-1.323535442352294922e-01
-1.995582878589630127e-01
-1.827520579099655151e-01
-1.249686852097511292e-01
-1.698360741138458252e-01
-9.282130002975463867e-02
-1.378411799669265747e-01
-1.508641988039016724e-01
-1.141328290104866028e-01
-3.506357967853546143e-02
-1.026758998632431030e-01
-1.228939816355705261e-01
-1.164288148283958435e-01
-8.987312018871307373e-02
-1.238399818539619446e-01
-9.633139520883560181e-02
-9.055051207542419434e-02
-3.686714544892311096e-02
-1.430646181106567383e-01
-2.679841220378875732e-02
-1.386314332485198975e-01
-1.576315164566040039e-01
-1.508971303701400757e-01
-2.111920118331909180e-01
-1.034840419888496399e-01
-1.894515007734298706e-01
-1.509506702423095703e-01
-1.201612502336502075e-01
-3.983964398503303528e-02
-1.743531823158264160e-01
-5.877402797341346741e-02
-1.021615266799926758e-01
-1.524559408426284790e-01
-1.729841381311416626e-01
-1.722764223814010620e-01
-5.581964179873466492e-02
-1.146206855773925781e-01
-6.841104477643966675e-02
-2.070720344781875610e-01
-1.725748181343078613e-01
-1.322204917669296265e-01
-1.860430836677551270e-01
-6.972817331552505493e-02
-4.579064995050430298e-02
-1.470180898904800415e-01
-1.730893366038799286e-02
-6.894539296627044678e-02
-1.689854413270950317e-01
-9.659930318593978882e-02
-1.592017263174057007e-01
-6.642951071262359619e-02
-3.984608501195907593e-02
-4.545511677861213684e-02
-1.717399358749389648e-01
-1.232841238379478455e-01
-7.010950893163681030e-02
-1.464929431676864624e-01
-1.806413382291793823e-01
-1.501353383064270020e-01
-1.381776183843612671e-01
-1.401593238115310669e-01
-1.842825263738632202e-01
-1.004457101225852966e-01
-1.629123538732528687e-01
-8.461344242095947266e-02
-1.673446297645568848e-01
-4.946372658014297485e-02
-1.151548922061920166e-01
-1.705401688814163208e-01
-1.067850068211555481e-01
-1.345302015542984009e-01
-1.722562611103057861e-01
-1.737075001001358032e-01
-1.410358846187591553e-01
-8.250039815902709961e-02
-1.935357600450515747e-01
-9.804850071668624878e-02
-1.866613477468490601e-01
-6.594541668891906738e-02
-6.947893649339675903e-02
-1.274382174015045166e-01
-5.081142112612724304e-02
-9.464087337255477905e-02
-1.168512105941772461e-01
-8.655600249767303467e-02
-5.644946172833442688e-02
-1.339278966188430786e-01
-1.174649745225906372e-01
-1.737799942493438721e-01
-1.722887903451919556e-01
-5.256741493940353394e-02
-7.006857544183731079e-02
-1.572455018758773804e-01
-7.717071473598480225e-02
-8.061856776475906372e-02
-1.811587512493133545e-01
-1.361411064863204956e-01
-2.157843112945556641e-01
-4.952840507030487061e-02
-1.317016929388046265e-01
-8.426073193550109863e-02
-1.366539448499679565e-01
-1.580922752618789673e-01
-1.428354382514953613e-01
-1.012193709611892700e-01
-8.992908149957656860e-02
-3.161092102527618408e-02
-1.184880882501602173e-01
-9.365640580654144287e-02
-1.621824353933334351e-01
-1.397483646869659424e-01
-1.399374902248382568e-01
-5.470009520649909973e-02
-1.739095151424407959e-01
-1.680797636508941650e-01
-9.183924645185470581e-02
-1.069346740841865540e-01
-1.813401132822036743e-01
-1.246991008520126343e-01
-1.605670899152755737e-01
-2.538332156836986542e-02
-1.614271998405456543e-01
-1.257339715957641602e-01
-1.246799528598785400e-01
-5.942029133439064026e-02
-7.327767461538314819e-02
-1.093478649854660034e-01
-3.593678399920463562e-02
-6.764397770166397095e-02
-5.850001052021980286e-02
-1.038487032055854797e-01
-1.309807300567626953e-01
-1.202929317951202393e-01
-1.824902743101119995e-01
-1.811744868755340576e-01
-1.188226342201232910e-01
-1.195811927318572998e-01
-7.765945047140121460e-02
-1.249363943934440613e-01
-1.719395518302917480e-01
-8.277662098407745361e-02
-1.887931227684020996e-01
-1.023313477635383606e-01
-1.372885406017303467e-01
-1.982013136148452759e-01
-1.129428297281265259e-01
-1.529084146022796631e-01
-1.400176882743835449e-01
-4.104456678032875061e-02
-1.449284851551055908e-01
-7.686768472194671631e-02
-5.822092294692993164e-02
-1.121917665004730225e-01
-8.586987107992172241e-02
-7.962352037429809570e-02
-1.589661836624145508e-01
-8.199081569910049438e-02
-9.851468354463577271e-02
-1.900972872972488403e-01
-1.647354960441589355e-01
-8.131454885005950928e-02
-1.677470207214355469e-01
-6.817001104354858398e-02
-1.460573375225067139e-01
-4.844164848327636719e-02
-1.454174518585205078e-01
-1.657804250717163086e-01
-1.800994277000427246e-01
-1.051718443632125854e-01
-1.361534148454666138e-01
-1.535722464323043823e-01
-1.363467127084732056e-01
-7.385581731796264648e-02
-1.083431020379066467e-01
-2.281665652990341187e-01
-7.162337005138397217e-02
-9.033475816249847412e-02
-7.382485270500183105e-02
-8.336772769689559937e-02
-7.374159246683120728e-02
-6.977446377277374268e-02
-5.767426639795303345e-02
-1.503546088933944702e-01
-1.763594597578048706e-01
-1.086501628160476685e-01
-1.092508062720298767e-01
-1.493942588567733765e-01
-1.699424982070922852e-01
-1.632446199655532837e-01
-1.348840892314910889e-01
-1.598852574825286865e-01
-7.702513039112091064e-02
-1.161722689867019653e-01
-4.245691746473312378e-02
-9.947662800550460815e-02
-8.175043761730194092e-02
-4.015871509909629822e-02
-1.051611602306365967e-01
-7.090263068675994873e-02
-1.094151288270950317e-01
-9.355686604976654053e-02
-1.793792545795440674e-01
-7.966790348291397095e-02
-1.626918911933898926e-01
-1.328200995922088623e-01
-7.819742709398269653e-02
-1.745838820934295654e-01
-6.544854491949081421e-02
-9.862441569566726685e-02
-1.831982433795928955e-01
-1.284700781106948853e-01
-1.517720799893140793e-02
-5.812942236661911011e-02
-6.156761944293975830e-02
-7.335011661052703857e-02
-6.649012118577957153e-02
-3.842495754361152649e-02
-8.976916968822479248e-02
-1.479789614677429199e-01
-1.969386041164398193e-01
-1.276780068874359131e-01
-7.525940984487533569e-02
-9.535077959299087524e-02
-1.480854004621505737e-01
-1.242716833949089050e-01
-2.052404433488845825e-01
-1.395684033632278442e-01
-7.558368146419525146e-02
-1.305253803730010986e-01
-1.284726262092590332e-01
-4.693314433097839355e-02
-9.801844507455825806e-02
-1.492065787315368652e-01
-1.700997501611709595e-01
-1.852143108844757080e-01
-1.971895098686218262e-01
-1.172599643468856812e-01
-6.836083531379699707e-02
-9.608156979084014893e-02
-1.076337099075317383e-01
-1.884869635105133057e-01
-1.376783996820449829e-01
-6.345141679048538208e-02
-1.823952645063400269e-01
-9.198892116546630859e-02
-1.406191140413284302e-01
-1.536273211240768433e-01
-1.206344664096832275e-01
-6.149035319685935974e-02
-8.403959125280380249e-02
-1.961693614721298218e-01
-1.331993341445922852e-01
-1.864543259143829346e-01
-1.820740103721618652e-01
-1.180689632892608643e-01
-1.173420175909996033e-01
-1.394156068563461304e-01
-1.751486510038375854e-01
-1.360644400119781494e-01
-9.361357241868972778e-02
-8.075018972158432007e-02
-1.978046894073486328e-01
-1.672836095094680786e-01
-9.143323451280593872e-02
-6.638111919164657593e-02
