-7.544955611228942871e-02
-2.596539445221424103e-02
-1.429180800914764404e-01
-1.713964045047760010e-01
-1.179723963141441345e-01
-9.245855361223220825e-02
-8.913288265466690063e-02
-5.356214940547943115e-02
-4.582835361361503601e-02
-1.189894527196884155e-01
-1.049018800258636475e-01
-1.081225350499153137e-01
-1.125982701778411865e-01
-7.239450514316558838e-02
-1.408851444721221924e-01
-2.206051535904407501e-02
-2.018288373947143555e-01
-4.949044436216354370e-02
-1.137669384479522705e-01
-1.921537220478057861e-01
-1.287889480590820312e-01
-1.777723580598831177e-01
-1.131013408303260803e-01
-1.725025027990341187e-01
-1.603760570287704468e-01
-2.266376838088035583e-02
-5.872019752860069275e-02
-8.205560594797134399e-02
-9.665261954069137573e-02
-1.283735930919647217e-01
-1.836967915296554565e-01
-1.851109862327575684e-01
-1.009320393204689026e-01
-1.347973793745040894e-01
-1.864752918481826782e-01
-1.444953233003616333e-01
-8.683158457279205322e-02
-1.154406145215034485e-01
-1.585690677165985107e-01
-5.801848694682121277e-02
-5.367597192525863647e-02
-1.980620324611663818e-01
-1.850120425224304199e-01
-7.978638261556625366e-02
-1.111752986907958984e-01
-1.234505027532577515e-01
-2.076233774423599243e-01
-1.201960369944572449e-01
-1.289961487054824829e-01
-1.712235361337661743e-01
-8.745526522397994995e-02
-9.529025852680206299e-02
-1.331133246421813965e-01
-1.089807301759719849e-01
-1.401670426130294800e-01
-8.453692495822906494e-02
-1.199888959527015686e-01
-6.486956775188446045e-02
-1.424210071563720703e-01
-1.187936514616012573e-01
-1.303371489048004150e-01
-1.043140962719917297e-01
-1.949998736381530762e-01
-2.074511200189590454e-01
-1.432284116744995117e-01
-2.672748453915119171e-02
-8.828675746917724609e-02
-1.664210259914398193e-01
-1.867944896221160889e-01
-1.113596409559249878e-01
-1.327021270990371704e-01
-1.050733104348182678e-01
-1.361528038978576660e-01
-2.018617242574691772e-01
-1.801695674657821655e-01
-1.077556312084197998e-01
-1.094831079244613647e-01
-2.006276696920394897e-01
-1.485219299793243408e-01
-7.672161608934402466e-02
-9.534962475299835205e-02
-9.083505719900131226e-02
-1.462805420160293579e-01
-1.282566338777542114e-01
-1.867664605379104614e-01
-3.886371478438377380e-02
-9.092565625905990601e-02
-1.961079537868499756e-01
-7.885075360536575317e-02
-2.064456194639205933e-01
-4.574460536241531372e-02
-1.672543138265609741e-01
-1.263697892427444458e-01
-1.746356636285781860e-01
-1.818821281194686890e-01
-1.395106315612792969e-01
-1.752038449048995972e-01
-1.158275529742240906e-01
-1.835516244173049927e-01
-1.116753295063972473e-01
-1.135858744382858276e-01
-1.228007227182388306e-01
-1.334289163351058960e-01
-9.979290515184402466e-02
-2.144544124603271484e-01
-1.812951117753982544e-01
-6.799021363258361816e-02
-1.864079385995864868e-01
-1.025993749499320984e-01
-1.417359858751296997e-01
-7.697706669569015503e-02
-1.497426331043243408e-01
-9.922215342521667480e-02
-7.070393115282058716e-02
-1.656767725944519043e-01
-1.647611856460571289e-01
-9.077575057744979858e-02
-1.225994229316711426e-01
-1.261368244886398315e-01
-1.115586310625076294e-01
-8.399965614080429077e-02
-1.698207110166549683e-01
-3.182215616106987000e-02
-9.101524949073791504e-02
-5.797196924686431885e-02
-1.054924577474594116e-01
-1.545262634754180908e-01
-1.536342203617095947e-01
-3.316475823521614075e-02
-1.319406479597091675e-01
-1.079779118299484253e-01
-1.786662787199020386e-01
-1.648077219724655151e-01
-1.177601963281631470e-01
-7.896402478218078613e-02
-1.717996597290039062e-01
-1.304017752408981323e-01
-1.282308697700500488e-01
-9.329180419445037842e-02
-1.210762560367584229e-01
-7.520886510610580444e-02
-1.472106128931045532e-01
-9.078638255596160889e-02
-1.045240461826324463e-01
-8.479357510805130005e-02
-2.136030197143554688e-01
-7.917925715446472168e-02
-1.755166798830032349e-01
-1.503247171640396118e-01
-1.660737991333007812e-01
-5.728524178266525269e-02
-1.678478866815567017e-01
-5.791495367884635925e-02
-8.300414681434631348e-02
-1.023665741086006165e-01
-1.527503877878189087e-01
-1.178506985306739807e-01
-5.946159735321998596e-02
-7.296781241893768311e-02
-1.836168915033340454e-01
-6.457595527172088623e-02
-6.225502118468284607e-02
-1.392014920711517334e-01
-1.448297649621963501e-01
-1.218926012516021729e-01
-1.807505637407302856e-01
-1.592542082071304321e-01
-9.874438494443893433e-02
-1.297823637723922729e-01
-1.383875012397766113e-01
-1.873424351215362549e-01
-1.463667154312133789e-01
-1.134420409798622131e-01
-9.811089187860488892e-02
-2.644312940537929535e-02
-1.962196975946426392e-01
-7.944560050964355469e-02
-1.325694322586059570e-01
-2.840925194323062897e-02
-6.178377196192741394e-02
-6.084139645099639893e-02
-1.319035440683364868e-01
-1.309058815240859985e-01
-5.056140199303627014e-02
-5.793431028723716736e-02
-8.810915052890777588e-02
-1.138082742691040039e-01
-1.875440627336502075e-01
-9.717749059200286865e-02
-1.246501356363296509e-01
-1.557104289531707764e-01
-1.386568397283554077e-01
-1.514745354652404785e-01
-1.658950746059417725e-01
-8.688785880804061890e-02
-9.058006852865219116e-02
-1.597077250480651855e-01
-6.099793314933776855e-02
-1.495043635368347168e-01
-1.752057373523712158e-01
-7.667448371648788452e-02
-1.419226229190826416e-01
-4.496067762374877930e-02
-6.360771507024765015e-02
-9.860017895698547363e-02
-1.412212103605270386e-01
-9.916573017835617065e-02
-4.910274595022201538e-02
-5.472344532608985901e-02
-1.557353585958480835e-01
-4.635501652956008911e-02
-6.811222434043884277e-02
-1.512921154499053955e-01
-9.653412550687789917e-02
-8.318075537681579590e-02
-1.573584675788879395e-01
-8.159360289573669434e-02
-8.938790857791900635e-02
-7.728901505470275879e-02
-1.056523174047470093e-01
-1.722892522811889648e-01
-1.016053482890129089e-01
-1.585141122341156006e-01
-5.122110247611999512e-02
-1.466580331325531006e-01
-7.842645794153213501e-02
-2.035753875970840454e-01
-5.977392569184303284e-02
-1.131982728838920593e-01
-1.381141841411590576e-01
-1.114974170923233032e-01
-1.413305699825286865e-01
-9.541904926300048828e-02
-8.744891732931137085e-02
-9.690015763044357300e-02
-1.429704725742340088e-01
-1.358373761177062988e-01
-2.190169692039489746e-02
-1.192185208201408386e-01
-1.646776944398880005e-01
-1.259516924619674683e-01
-1.854999512434005737e-01
-1.254055798053741455e-01
-8.924602717161178589e-02
-1.748150140047073364e-01
-1.003666594624519348e-01
-7.748109847307205200e-02
-1.274273395538330078e-01
-9.693837165832519531e-02
-7.103772461414337158e-02
-1.225795894861221313e-01
-1.143392398953437805e-01
-9.995174407958984375e-02
-3.291297331452369690e-02
-7.171109318733215332e-02
-7.017082720994949341e-02
-6.670964509248733521e-02
-1.795874685049057007e-01
-1.211519986391067505e-01
-1.210521236062049866e-01
-6.197265163064002991e-02
-1.615452617406845093e-01
-1.718451827764511108e-01
-1.159602031111717224e-01
-7.169149816036224365e-02
-1.252933144569396973e-01
-1.126633659005165100e-01
-1.684944927692413330e-01
-1.014886051416397095e-01
-2.008935213088989258e-01
-1.789441257715225220e-01
-1.027859151363372803e-01
-7.250160723924636841e-02
-1.484607756137847900e-01
-7.365162670612335205e-02
-8.560385555028915405e-02
-1.838883608579635620e-01
-9.784826636314392090e-02
-5.085026845335960388e-02
-4.129222035408020020e-02
-7.033278793096542358e-02
-5.147337540984153748e-02
-9.387675672769546509e-02
-5.425262078642845154e-02
-1.827249675989151001e-01
-1.615793704986572266e-01
-2.100823074579238892e-01
-4.064828902482986450e-02
-1.672369092702865601e-01
-1.600362062454223633e-01
-1.292107254266738892e-01
-1.028300821781158447e-01
-1.871014684438705444e-01
-1.641428172588348389e-01
-1.706182062625885010e-01
-1.688055545091629028e-01
-1.211907714605331421e-01
-1.340337842702865601e-01
-3.433085978031158447e-02
-7.566127181053161621e-02
