-9.555961489677429199e-01
-1.085647106170654297e+00
-1.027613282203674316e+00
-2.122020483016967773e+00
-1.762580871582031250e+00
-3.528052330017089844e+00
-2.609843015670776367e+00
-1.584627032279968262e+00
-2.430427551269531250e+00
-3.555301427841186523e-01
6.978681087493896484e-01
-1.606673121452331543e+00
-1.578376770019531250e+00
-2.228132009506225586e+00
-2.002181768417358398e+00
-1.104353904724121094e+00
-2.607864141464233398e+00
-1.692975163459777832e+00
-7.525408864021301270e-01
-8.038198351860046387e-01
-5.057499408721923828e-01
3.909107744693756104e-01
-1.064393222332000732e-01
1.127190068364143372e-01
-2.502451658248901367e+00
3.045348525047302246e-01
-3.084066152572631836e+00
-9.714289903640747070e-01
-1.604614138603210449e+00
-2.799241065979003906e+00
-1.105107739567756653e-01
-1.430091977119445801e+00
-3.047469615936279297e+00
-2.933408975601196289e+00
-1.287600398063659668e+00
-1.625940680503845215e+00
-3.031570434570312500e+00
-1.622292518615722656e+00
-2.738589525222778320e+00
1.125916764140129089e-01
-4.164701700210571289e-01
-5.120022892951965332e-01
-3.200303316116333008e+00
-1.775040149688720703e+00
-1.924769401550292969e+00
-2.178271055221557617e+00
-4.012028694152832031e+00
-2.286011457443237305e+00
-2.840001583099365234e+00
1.923688173294067383e+00
-3.997098803520202637e-01
-9.361723661422729492e-01
-1.855949401855468750e+00
-6.038721799850463867e-01
-3.104432106018066406e+00
-1.636327624320983887e+00
-7.920833826065063477e-01
-3.533789217472076416e-01
-1.738843083381652832e+00
1.041722148656845093e-01
-9.460940957069396973e-02
-1.110332131385803223e+00
-1.461435794830322266e+00
-1.182547211647033691e+00
-2.142466068267822266e+00
-1.256883025169372559e+00
-1.192803263664245605e+00
-6.669366359710693359e-01
-1.723331570625305176e+00
-1.693591952323913574e+00
-1.390901923179626465e+00
-2.652378797531127930e+00
-1.605423808097839355e+00
-1.332350015640258789e+00
-1.849632978439331055e+00
-9.102867841720581055e-01
-1.952254533767700195e+00
-4.248091280460357666e-01
-2.077948570251464844e+00
-1.113527774810791016e+00
-1.217318773269653320e+00
-9.532132744789123535e-01
-3.135052919387817383e+00
-9.848290681838989258e-01
-1.703798770904541016e+00
-2.239951372146606445e+00
-7.317709922790527344e-01
-7.406358718872070312e-01
-1.284783005714416504e+00
-1.918830275535583496e+00
-2.935060262680053711e+00
-1.041355371475219727e+00
-2.669549942016601562e+00
-8.975211381912231445e-01
-1.128231525421142578e+00
-2.619266510009765625e+00
-2.102197885513305664e+00
-2.735912561416625977e+00
-2.180650472640991211e+00
-2.537893295288085938e+00
-2.016628026962280273e+00
-2.714740037918090820e+00
-7.698196172714233398e-01
1.725612431764602661e-01
-1.018458724021911621e+00
-1.478664755821228027e+00
-2.230553627014160156e+00
-1.382515072822570801e+00
-1.658589482307434082e+00
-4.170350730419158936e-01
-1.836239933967590332e+00
3.058789111673831940e-02
-1.198877573013305664e+00
-1.312059998512268066e+00
-1.521644234657287598e+00
-2.226475238800048828e+00
-1.815105557441711426e+00
-1.973428606986999512e+00
-5.296300649642944336e-01
-1.644938707351684570e+00
-2.981973886489868164e+00
-1.379315614700317383e+00
-3.089643478393554688e+00
-1.442516326904296875e+00
-2.436362743377685547e+00
-1.002123951911926270e+00
-2.420612573623657227e-01
-2.130037546157836914e+00
-1.973844647407531738e+00
-1.824003577232360840e+00
-1.747036218643188477e+00
2.515225708484649658e-01
-8.878994584083557129e-01
-1.510666847229003906e+00
-2.446801900863647461e+00
-1.630628943443298340e+00
-1.415697455406188965e+00
-1.960892319679260254e+00
-1.969572663307189941e+00
-2.369789838790893555e+00
1.248691976070404053e-01
-6.941961646080017090e-01
-1.874895334243774414e+00
-1.901104211807250977e+00
-1.318738698959350586e+00
2.357338219881057739e-01
-2.391317129135131836e+00
-1.424758911132812500e+00
-9.017313718795776367e-01
-1.333021759986877441e+00
-2.615506887435913086e+00
-1.091169953346252441e+00
-1.886594891548156738e+00
-9.683288335800170898e-01
-3.464488506317138672e+00
-2.408327817916870117e+00
-3.428372442722320557e-01
-4.221837222576141357e-01
-1.814297556877136230e+00
-6.131565570831298828e-01
-1.834880709648132324e+00
-1.589285254478454590e+00
-1.597166657447814941e+00
-1.724523782730102539e+00
-4.923719167709350586e-01
-1.804384350776672363e+00
-7.437000274658203125e-01
-2.786500453948974609e-01
-1.064581871032714844e+00
-1.540894269943237305e+00
-7.823118567466735840e-01
-3.911611139774322510e-01
-7.402252554893493652e-01
-3.192217826843261719e+00
-2.248220443725585938e+00
-2.513538599014282227e+00
-8.778299689292907715e-01
-2.183236837387084961e+00
-1.643634676933288574e+00
-1.489282011985778809e+00
-3.125977754592895508e+00
1.550591439008712769e-01
2.374590486288070679e-01
3.006029129028320312e-01
-4.984174072742462158e-01
-2.390766859054565430e+00
-3.056837797164916992e+00
-2.038742542266845703e+00
-1.408474326133728027e+00
-1.956250071525573730e+00
-2.319734096527099609e+00
-1.218720197677612305e+00
-3.548732280731201172e+00
-2.569778442382812500e+00
-2.017570018768310547e+00
-2.568931102752685547e+00
-1.487110853195190430e+00
-6.195515990257263184e-01
-1.669871091842651367e+00
-3.258063316345214844e+00
-2.798651933670043945e+00
-1.193201422691345215e+00
-1.000206708908081055e+00
1.798493415117263794e-01
-1.557174801826477051e+00
-8.005379438400268555e-01
-1.925162911415100098e+00
-1.089161753654479980e+00
-8.207300305366516113e-01
-8.843104839324951172e-01
-1.478875994682312012e+00
-1.196238875389099121e+00
-2.365963459014892578e+00
-2.255999088287353516e+00
-9.302151203155517578e-01
-2.645661532878875732e-01
-1.021762490272521973e+00
-1.274589896202087402e+00
1.014910116791725159e-01
-2.108702898025512695e+00
-9.725208282470703125e-01
-1.945848584175109863e+00
-2.530313730239868164e+00
-2.234590530395507812e+00
-1.677016496658325195e+00
-1.845736861228942871e+00
-3.051038742065429688e+00
-7.203639149665832520e-01
-1.095443487167358398e+00
-1.778862357139587402e+00
-7.651788592338562012e-01
-9.856655001640319824e-01
-1.991176843643188477e+00
-6.052151918411254883e-01
1.088990643620491028e-01
-2.424663066864013672e+00
-2.151354789733886719e+00
-1.225981354713439941e+00
-1.031500101089477539e+00
-1.320858001708984375e+00
-1.131428241729736328e+00
-2.949946165084838867e+00
-2.178928136825561523e+00
-8.187569975852966309e-01
-2.526811122894287109e+00
-9.408329129219055176e-01
-2.350757598876953125e+00
-1.598650932312011719e+00
-1.065322756767272949e+00
-7.379719614982604980e-01
-1.937798380851745605e+00
-1.392645835876464844e+00
-1.160930156707763672e+00
-1.753212451934814453e+00
-1.076628565788269043e+00
-4.379974305629730225e-01
-5.341972708702087402e-01
-2.840585112571716309e-01
-5.623959302902221680e-01
-2.503150701522827148e+00
-2.103834152221679688e+00
-1.770676374435424805e+00
-2.651824474334716797e+00
-2.334513902664184570e+00
-2.664934635162353516e+00
-1.309950470924377441e+00
3.349185585975646973e-01
-5.336932539939880371e-01
-1.324990034103393555e+00
-1.448794722557067871e+00
-2.004680871963500977e+00
-9.599498510360717773e-01
-2.241073608398437500e+00
-1.848999857902526855e+00
-1.290534138679504395e+00
-1.097439289093017578e+00
-2.653939485549926758e+00
-1.392209172248840332e+00
-2.418256849050521851e-01
-1.934960365295410156e+00
2.019928209483623505e-02
-1.728375315666198730e+00
-2.707244634628295898e+00
-1.109796047210693359e+00
-2.365596532821655273e+00
-1.115000724792480469e+00
-1.333351969718933105e+00
-2.319253444671630859e+00
-1.122686624526977539e+00
-1.343650460243225098e+00
-1.898292183876037598e+00
-2.552819490432739258e+00
-1.435627579689025879e+00
-1.708549380302429199e+00
-1.678740859031677246e+00
-7.637347579002380371e-01
-2.171269893646240234e+00
-1.385056972503662109e+00
-3.288264513015747070e+00
-1.200311064720153809e+00
