-6.571936130523681641e+00
1.743982881307601929e-01
-1.440749764442443848e+00
6.346269249916076660e-01
-8.627662658691406250e+00
-5.374138355255126953e+00
-1.777798080444335938e+01
-4.274168491363525391e+00
-3.016240000724792480e-01
-1.060185432434082031e+01
-3.062280654907226562e+00
-1.615269470214843750e+01
-3.036378860473632812e+00
4.940262317657470703e+00
-2.886326789855957031e+00
-8.993344306945800781e+00
1.393259048461914062e+00
-2.150179624557495117e+00
-7.285217285156250000e+00
-6.530354499816894531e+00
-1.560827493667602539e+00
-3.137000083923339844e+00
-6.602975368499755859e+00
-7.560121059417724609e+00
-1.375129318237304688e+01
-4.650763273239135742e-01
-7.137712478637695312e+00
5.435531139373779297e+00
-1.173095417022705078e+01
-5.332069873809814453e+00
-1.318686580657958984e+01
-2.708289146423339844e+00
1.082148790359497070e+00
-1.692266464233398438e+00
-1.969220161437988281e+00
-2.156556701660156250e+01
-9.238361358642578125e+00
-4.150282382965087891e+00
3.476137638092041016e+00
-7.030989646911621094e+00
2.879389762878417969e+00
3.972162723541259766e+00
3.104544579982757568e-01
-6.920934200286865234e+00
-2.055409431457519531e+01
5.368540287017822266e+00
-1.343300700187683105e+00
8.891784667968750000e+00
-1.540241909027099609e+01
4.378715991973876953e+00
-6.366654396057128906e+00
-6.563256740570068359e+00
-8.832123756408691406e+00
-9.169497489929199219e+00
1.511602520942687988e+00
1.246678590774536133e+00
-9.966928482055664062e+00
-7.788314342498779297e+00
-7.750810146331787109e+00
-2.098818778991699219e+00
-1.306594562530517578e+01
-1.710640525817871094e+01
-2.963604450225830078e+00
-1.169661879539489746e+00
-6.412168025970458984e+00
-6.971880793571472168e-01
-1.474041819572448730e+00
-1.561311244964599609e+00
-2.179916954040527344e+01
1.691995501518249512e+00
-1.175075054168701172e+01
-1.663412666320800781e+01
2.466823101043701172e+00
6.649055480957031250e+00
-6.251274585723876953e+00
-1.178062725067138672e+01
-1.633300304412841797e+00
-4.557390689849853516e+00
-3.352186203002929688e+00
-3.185161113739013672e+00
-9.810448646545410156e+00
-6.252998352050781250e+00
-1.395454406738281250e+01
-5.161117076873779297e+00
-1.113190460205078125e+01
-1.332491302490234375e+01
-4.265655517578125000e+00
-9.838261604309082031e+00
-6.272037982940673828e+00
4.877891063690185547e+00
-3.033724546432495117e+00
-1.352932572364807129e+00
-1.020612812042236328e+01
1.422048091888427734e+00
-2.676125049591064453e+00
-1.403519821166992188e+01
-2.528780221939086914e+00
1.978572607040405273e-01
-5.895222187042236328e+00
-1.283100128173828125e+01
-4.152221202850341797e+00
-1.779820251464843750e+01
-7.224880695343017578e+00
3.475838005542755127e-01
-1.719254493713378906e+01
5.736317634582519531e+00
-3.619663238525390625e+00
-5.861596107482910156e+00
-8.754474639892578125e+00
-8.669147491455078125e+00
5.021207809448242188e+00
-5.351001262664794922e+00
-1.731243371963500977e+00
4.054687500000000000e+00
-6.669264316558837891e+00
4.073820412158966064e-01
-5.924166440963745117e-01
2.005465030670166016e+00
-4.460999488830566406e+00
1.209428086876869202e-01
-1.137825965881347656e+01
-5.822598457336425781e+00
1.339173614978790283e-01
-6.375476360321044922e+00
-7.709058761596679688e+00
1.510567665100097656e+00
5.405117988586425781e+00
-1.436550807952880859e+01
-4.043963432312011719e+00
-1.339920330047607422e+01
-2.496798276901245117e+00
1.462922096252441406e-01
3.075953483581542969e+00
-2.898368597030639648e+00
4.183070659637451172e+00
5.712702274322509766e+00
-8.796476364135742188e+00
3.598817110061645508e+00
5.154730677604675293e-01
-2.196469783782958984e+00
1.072560405731201172e+01
-5.197687625885009766e+00
-5.373014926910400391e+00
-1.055659484863281250e+01
-1.086578750610351562e+01
-9.520730972290039062e+00
-1.350393867492675781e+01
-1.144695281982421875e+01
-3.689677476882934570e+00
-5.424201965332031250e+00
-1.137575149536132812e+01
-1.254760932922363281e+01
-3.880887985229492188e+00
-1.124790859222412109e+01
3.769805669784545898e+00
-4.850231170654296875e+00
-6.515990257263183594e+00
-4.226158618927001953e+00
-1.268632769584655762e+00
4.468127250671386719e+00
-5.448715686798095703e+00
5.739618778228759766e+00
-6.654311656951904297e+00
7.431767463684082031e+00
-1.490968513488769531e+01
-6.865648269653320312e+00
1.948189973831176758e+00
2.440216302871704102e+00
4.096497535705566406e+00
-5.473459243774414062e+00
-8.075455665588378906e+00
1.711230576038360596e-01
-7.395340919494628906e+00
-3.782166957855224609e+00
-4.165416717529296875e+00
-8.505683392286300659e-03
-1.702640533447265625e+01
-6.492979526519775391e+00
-2.053216552734375000e+01
-1.566373109817504883e+00
-6.383158206939697266e+00
1.469678640365600586e+00
-1.023475933074951172e+01
-9.099205970764160156e+00
-8.759406208992004395e-02
-9.548004150390625000e+00
-8.962400436401367188e+00
-3.629812479019165039e+00
-5.897795677185058594e+00
-5.830719470977783203e+00
-1.041263771057128906e+01
-1.396494674682617188e+01
-1.786312294006347656e+01
-3.121157169342041016e+00
-1.036166763305664062e+01
-1.464365482330322266e+01
-4.650557041168212891e+00
-5.728394508361816406e+00
-7.237835407257080078e+00
-2.949688673019409180e+00
-1.162395668029785156e+01
-3.419955015182495117e+00
-3.144401550292968750e+00
-1.181088805198669434e+00
-3.308783292770385742e+00
1.367456340789794922e+01
2.837854921817779541e-01
-4.445373535156250000e+00
-2.316302299499511719e+00
-4.568140506744384766e+00
-3.864346265792846680e+00
-1.136086654663085938e+01
-1.370967102050781250e+01
-5.491243839263916016e+00
-7.461838245391845703e+00
-6.983919620513916016e+00
-5.562511920928955078e+00
-1.431410551071166992e+00
-4.317569255828857422e+00
-9.275832176208496094e+00
-1.740653991699218750e+01
-9.674423217773437500e+00
-1.369097232818603516e+01
-1.451829624176025391e+01
-5.306444168090820312e+00
-3.245127916336059570e+00
3.283104181289672852e+00
-5.819760322570800781e+00
4.785422325134277344e+00
-2.661858558654785156e+00
-3.360077857971191406e+00
-8.426003456115722656e+00
-1.292324304580688477e+00
-1.212240791320800781e+01
8.228077888488769531e+00
3.877091646194458008e+00
-6.648127079010009766e+00
2.304674148559570312e+00
1.144797897338867188e+01
-2.722791433334350586e-01
-1.642635154724121094e+01
-6.710403442382812500e+00
-1.045735073089599609e+01
-1.341893386840820312e+01
-3.943965435028076172e+00
-3.260959386825561523e+00
-1.156040287017822266e+01
3.204193353652954102e+00
-1.122712039947509766e+01
-5.264791011810302734e+00
-3.731281757354736328e+00
3.080410480499267578e+00
-6.147847652435302734e+00
-3.036394596099853516e+00
-5.130414962768554688e+00
-1.381452751159667969e+01
3.508728981018066406e+00
-5.343153953552246094e+00
2.549586296081542969e-01
-1.333972358703613281e+01
-8.137874603271484375e+00
7.127252101898193359e+00
-1.546325325965881348e+00
-6.352823734283447266e+00
-5.179360866546630859e+00
-1.730762481689453125e+01
-1.706652832031250000e+01
6.833398342132568359e+00
-3.050538063049316406e+00
-1.976708173751831055e+00
-6.625987052917480469e+00
-7.782519817352294922e+00
-4.241428852081298828e+00
-2.834301471710205078e+00
-3.030019283294677734e+00
-1.161152744293212891e+01
-2.397894144058227539e+00
-2.558181583881378174e-01
1.960754394531250000e+00
-1.231217765808105469e+01
-4.431065559387207031e+00
-2.618554115295410156e+00
-1.108914613723754883e+00
4.090388298034667969e+00
-8.158784866333007812e+00
-2.063876390457153320e+00
-4.691528797149658203e+00
-1.895013928413391113e+00
-1.144866561889648438e+01
7.091650485992431641e+00
-8.693647384643554688e+00
-1.345597934722900391e+01
-2.885858058929443359e+00
-2.658324539661407471e-01
6.294450283050537109e+00
-6.876060962677001953e+00
2.303293704986572266e+00
2.499649763107299805e+00
-6.485229969024658203e+00
-7.012344360351562500e+00
