-1.147972196340560913e-01
-6.745807081460952759e-02
-7.960566878318786621e-02
-9.744419902563095093e-02
-1.595332920551300049e-01
-5.961004272103309631e-02
-1.246766149997711182e-01
-4.855181276798248291e-02
-1.608809530735015869e-01
-1.539346426725387573e-01
-1.019126921892166138e-01
-1.315762400627136230e-01
-1.086459830403327942e-01
-1.008237227797508240e-01
-1.157465279102325439e-01
-5.457754433155059814e-02
-1.128948852419853210e-01
-7.327365130186080933e-02
-3.605460003018379211e-02
-1.297755986452102661e-01
-1.667720824480056763e-01
-1.486683189868927002e-01
-1.554919630289077759e-01
-1.337107121944427490e-01
-1.258331984281539917e-01
-5.770086497068405151e-02
-7.158555090427398682e-02
-1.595424711704254150e-01
-1.468541771173477173e-01
-6.211226806044578552e-02
-1.189395934343338013e-01
-1.433144211769104004e-01
-1.205582544207572937e-01
-1.941436082124710083e-01
-1.744029670953750610e-01
-1.579851955175399780e-01
-5.633020028471946716e-02
-1.630019992589950562e-01
-1.845335066318511963e-01
-1.537975221872329712e-01
-7.289415597915649414e-02
-7.529747486114501953e-02
-1.508810669183731079e-01
-8.896546810865402222e-02
-8.590227365493774414e-02
-1.555050909519195557e-01
-8.605965226888656616e-02
-1.189363077282905579e-01
-1.676362454891204834e-01
-1.285883784294128418e-01
-1.218692585825920105e-01
-1.282759308815002441e-01
-5.728413909673690796e-02
-7.316690683364868164e-02
-2.012789696455001831e-01
-3.437128290534019470e-02
-1.347226500511169434e-01
-3.047889797016978264e-03
-7.899610698223114014e-02
-8.235525339841842651e-02
-6.953536719083786011e-02
-1.270456910133361816e-01
-1.263484507799148560e-01
-1.786104887723922729e-01
-1.069029867649078369e-01
-1.388676762580871582e-01
-1.422662734985351562e-01
-9.904640167951583862e-02
-8.068390935659408569e-02
-1.209247931838035583e-01
-1.350854337215423584e-01
-1.228115186095237732e-01
-1.749616116285324097e-01
-1.616156846284866333e-01
-1.686758100986480713e-01
-1.584390997886657715e-01
-4.389688000082969666e-02
-1.670801639556884766e-01
-1.183960400521755219e-02
-1.014904081821441650e-01
-1.127194315195083618e-01
-9.809570759534835815e-02
-9.195524454116821289e-02
-1.728692948818206787e-01
-1.450919210910797119e-01
-1.679121553897857666e-01
-7.689762860536575317e-02
-6.303338706493377686e-02
-1.941185891628265381e-01
-1.151285618543624878e-01
-1.024544164538383484e-01
-3.589199483394622803e-02
-1.544643491506576538e-01
-1.351813673973083496e-01
-6.828878819942474365e-02
-1.126653850078582764e-01
-1.199434772133827209e-01
-1.982966363430023193e-01
-1.299049705266952515e-01
-9.288491308689117432e-02
-1.643456369638442993e-01
-8.679894357919692993e-02
-1.923199743032455444e-01
-8.011122047901153564e-02
-9.591883420944213867e-02
-1.705123484134674072e-01
-8.305076509714126587e-02
-1.552953422069549561e-01
-2.096988260746002197e-01
-1.061992198228836060e-01
-1.336149275302886963e-01
-1.414459645748138428e-01
-1.341470330953598022e-01
-9.900172799825668335e-02
-1.250512003898620605e-01
-1.782304197549819946e-01
-1.564952433109283447e-01
-1.367805004119873047e-01
-1.303890347480773926e-01
-2.008668482303619385e-01
-9.126918017864227295e-02
-9.051916748285293579e-02
-1.453402191400527954e-01
-1.253800392150878906e-01
-9.915278851985931396e-02
-4.995558038353919983e-02
-1.119957193732261658e-01
-1.463853120803833008e-01
-1.632184833288192749e-01
-1.505756825208663940e-01
-1.452236324548721313e-01
-1.984346359968185425e-01
-3.823402523994445801e-02
-6.537128984928131104e-02
-1.667107939720153809e-01
-1.470920443534851074e-01
-5.917237699031829834e-02
-1.507145464420318604e-01
-1.283074915409088135e-01
-7.223778963088989258e-02
-1.578442603349685669e-01
-1.574767231941223145e-01
-1.752173602581024170e-01
-6.016149371862411499e-02
-2.018501013517379761e-01
-8.912215381860733032e-02
-1.432653367519378662e-01
-1.735211759805679321e-01
-1.362076699733734131e-01
-1.210198029875755310e-01
-4.001189023256301880e-02
-7.050516456365585327e-02
-1.220043599605560303e-01
-1.466618329286575317e-01
-1.579513251781463623e-01
-2.004014104604721069e-01
-1.526754349470138550e-01
-1.232193484902381897e-01
-1.081392616033554077e-01
-2.024998515844345093e-01
-1.691850572824478149e-01
-1.060068309307098389e-01
-1.263694316148757935e-01
-9.796383976936340332e-02
-1.138031706213951111e-01
-5.419466271996498108e-02
-1.998494416475296021e-01
-8.314306288957595825e-02
-1.739626377820968628e-01
-1.081822216510772705e-01
-8.926384896039962769e-02
-7.215663790702819824e-02
-1.709156781435012817e-01
-7.989136874675750732e-02
-1.107384413480758667e-01
-9.322535991668701172e-02
-4.096550121903419495e-02
-9.101737290620803833e-02
-9.163504093885421753e-02
-1.296302527189254761e-01
-1.357676833868026733e-01
-9.089411050081253052e-02
-1.660124361515045166e-01
-7.941483706235885620e-02
-1.826431453227996826e-01
-1.438640058040618896e-01
-1.582641303539276123e-01
-1.780256181955337524e-01
-6.688816845417022705e-02
-4.026550799608230591e-02
-1.075599715113639832e-01
-7.581871002912521362e-02
-1.419056504964828491e-01
-5.671501904726028442e-02
-7.446298003196716309e-02
-1.007590591907501221e-01
-6.312645226716995239e-02
-1.726479381322860718e-01
-9.771186858415603638e-02
-1.287556290626525879e-01
-2.540428750216960907e-02
-1.187720522284507751e-01
-6.518182158470153809e-02
-4.508341848850250244e-02
-1.058733388781547546e-01
-1.351981610059738159e-01
-8.832832425832748413e-02
-1.512548178434371948e-01
-1.613944321870803833e-01
-1.845805644989013672e-01
-4.554479941725730896e-02
-1.270922571420669556e-01
-1.117753982543945312e-01
-1.354606002569198608e-01
-1.293903589248657227e-01
-1.083266511559486389e-01
-1.278018653392791748e-01
-1.794456988573074341e-01
-7.990778982639312744e-02
-1.417153328657150269e-01
-7.675891369581222534e-02
-4.140377044677734375e-02
-1.098016425967216492e-01
-1.527725458145141602e-01
-1.228412762284278870e-01
-2.175730019807815552e-01
-9.236784279346466064e-02
-1.051347926259040833e-01
-1.428867280483245850e-01
-1.242376640439033508e-01
-1.170269921422004700e-01
-4.022223129868507385e-02
-4.956260696053504944e-02
-4.659011587500572205e-02
-5.999659746885299683e-02
-7.406545430421829224e-02
-8.554591238498687744e-02
-8.494643121957778931e-02
-1.558155566453933716e-01
-6.752154976129531860e-02
-9.961921721696853638e-02
-4.217939451336860657e-02
-1.261781752109527588e-01
-1.175108626484870911e-01
-1.872152984142303467e-01
-5.164540931582450867e-02
-1.313118636608123779e-01
-1.732098013162612915e-01
-1.387174576520919800e-01
-2.034837007522583008e-01
-1.809504181146621704e-01
-1.162965372204780579e-01
-7.304326444864273071e-02
-7.148403674364089966e-02
-7.969504594802856445e-02
-4.985440522432327271e-02
-5.841545760631561279e-02
-1.193082779645919800e-01
-7.162514328956604004e-02
-1.267505288124084473e-01
-1.919084340333938599e-01
-7.349245250225067139e-02
-1.539674699306488037e-01
-4.217849299311637878e-02
-1.155056208372116089e-01
-8.751108497381210327e-02
-6.877828389406204224e-02
-1.178591847419738770e-01
-1.425613015890121460e-01
-1.364712268114089966e-01
-7.769853621721267700e-02
-9.795549511909484863e-02
-1.456804275512695312e-01
-1.893839538097381592e-01
-1.711926460266113281e-01
-5.710463225841522217e-02
-1.259817928075790405e-01
-6.091104820370674133e-02
-1.261681318283081055e-01
-9.546620398759841919e-02
-1.206997558474540710e-01
-2.338797599077224731e-01
-8.513239771127700806e-02
-1.003847271203994751e-01
-1.657182127237319946e-01
-9.689083695411682129e-02
-1.449159085750579834e-01
-1.652282923460006714e-01
-1.636866182088851929e-01
-1.575063765048980713e-01
-1.317461133003234863e-01
-1.457109600305557251e-01
-1.834606826305389404e-01
-2.949246391654014587e-02
-4.239463806152343750e-02
-9.833957999944686890e-02
-1.664142161607742310e-01
-1.669967770576477051e-01
-9.044829756021499634e-02
-1.352175474166870117e-01
