-6.894951462745666504e-01
-1.243575811386108398e+00
-1.368996858596801758e+00
-1.172190546989440918e+00
-5.483317971229553223e-01
-6.401553153991699219e-01
-7.093213796615600586e-01
-7.464176416397094727e-01
-1.152321696281433105e+00
-2.567415237426757812e-01
-9.306249618530273438e-01
-7.364883422851562500e-01
-4.984426200389862061e-01
-1.103481531143188477e+00
-3.897061944007873535e-01
-7.972103357315063477e-01
-9.036306738853454590e-01
-9.614909291267395020e-01
-1.058614730834960938e+00
-8.523065447807312012e-01
-9.539063572883605957e-01
-6.295145153999328613e-01
-1.060033917427062988e+00
-1.175095677375793457e+00
-1.286457180976867676e+00
-6.498819589614868164e-01
-7.286919951438903809e-01
-6.454952359199523926e-01
-6.022747159004211426e-01
-1.041154980659484863e+00
-9.387750625610351562e-01
-7.177943587303161621e-01
-8.592209219932556152e-01
-8.204599022865295410e-01
-8.979745507240295410e-01
-9.830928444862365723e-01
-1.003535270690917969e+00
-8.597768545150756836e-01
-8.446722626686096191e-01
-7.708147168159484863e-01
-1.458903193473815918e+00
-1.537065148353576660e+00
-5.011366009712219238e-01
-6.188151240348815918e-01
-1.347330451011657715e+00
-2.431433498859405518e-01
-8.187633752822875977e-01
-6.171684265136718750e-01
-9.952061176300048828e-01
-1.183190345764160156e+00
-8.585749864578247070e-01
-4.549692273139953613e-01
-3.941526710987091064e-01
-9.061791300773620605e-01
-8.563764095306396484e-01
-9.583416581153869629e-01
-1.381673693656921387e+00
-1.226026892662048340e+00
-1.320375323295593262e+00
-1.156799316406250000e+00
-8.097825050354003906e-01
-9.603648185729980469e-01
-9.368574619293212891e-01
-7.977115511894226074e-01
-5.885210037231445312e-01
-5.085255503654479980e-01
-7.590519785881042480e-01
-6.860569715499877930e-01
-3.979067802429199219e-01
-1.047356367111206055e+00
-8.864594697952270508e-01
-3.784580528736114502e-01
-7.624321579933166504e-01
-5.924475193023681641e-01
-8.016337752342224121e-01
-7.719784975051879883e-01
-3.186842203140258789e-01
-8.288258314132690430e-01
-1.548400402069091797e+00
-1.188423037528991699e+00
-3.848970830440521240e-01
-3.616206645965576172e-01
-3.713243007659912109e-01
-6.541482210159301758e-01
-7.062456607818603516e-01
-9.619733691215515137e-01
-8.136656880378723145e-01
-7.165743708610534668e-01
-8.334680199623107910e-01
-4.077085852622985840e-01
-5.131515860557556152e-01
-8.204351663589477539e-01
-6.502867341041564941e-01
-6.759808063507080078e-01
-9.198729395866394043e-01
-6.094647645950317383e-01
-1.028026223182678223e+00
-4.997613131999969482e-01
-2.602370381355285645e-01
-9.299758076667785645e-01
-1.112184405326843262e+00
-4.761813282966613770e-01
-6.362317800521850586e-01
-9.028097391128540039e-01
-1.441993713378906250e+00
-5.897198319435119629e-01
-1.069850087165832520e+00
-7.519354820251464844e-01
-5.871884822845458984e-01
-5.356683135032653809e-01
-1.103828430175781250e+00
-5.209881663322448730e-01
-9.305839538574218750e-01
-3.933234214782714844e-01
-6.149785518646240234e-01
-6.407873630523681641e-01
-6.160905957221984863e-01
-1.130749106407165527e+00
-1.157793045043945312e+00
-9.832516908645629883e-01
-3.077628314495086670e-01
-1.052028298377990723e+00
-7.742475867271423340e-01
-9.614453911781311035e-01
-1.786584734916687012e+00
-7.750651836395263672e-01
-8.670008182525634766e-01
-7.449393868446350098e-01
-7.920479178428649902e-01
-8.534544706344604492e-01
-6.465727686882019043e-01
-1.209750175476074219e+00
-1.314293622970581055e+00
-4.890205264091491699e-01
-5.302035808563232422e-01
-1.275871276855468750e+00
-9.351598620414733887e-01
-1.580817580223083496e+00
-5.723634958267211914e-01
-6.630470752716064453e-01
-1.087492823600769043e+00
-9.042720198631286621e-01
-1.831800818443298340e+00
-8.512313365936279297e-01
-5.621468424797058105e-01
-1.349310040473937988e+00
-5.589885711669921875e-01
-3.590366542339324951e-01
-8.040984869003295898e-01
-1.252208828926086426e+00
-1.448813080787658691e+00
-8.343357443809509277e-01
-2.467837184667587280e-01
-6.900831460952758789e-01
-1.162810921669006348e+00
-6.212919354438781738e-01
-1.064861416816711426e+00
-1.161486387252807617e+00
-3.521807491779327393e-01
-1.103019475936889648e+00
-9.323467016220092773e-01
-4.238928854465484619e-01
-3.812149465084075928e-01
-6.598054766654968262e-01
-3.695100247859954834e-01
-1.080534815788269043e+00
-1.324707150459289551e+00
3.142358660697937012e-01
-9.987623095512390137e-01
-1.437304615974426270e+00
-9.274029135704040527e-01
-1.099042057991027832e+00
-1.186127305030822754e+00
-8.704988360404968262e-01
-6.401681900024414062e-01
-5.617537498474121094e-01
-8.878952860832214355e-01
-1.057919025421142578e+00
-6.719294190406799316e-01
-4.226281940937042236e-01
-6.880227327346801758e-01
-5.551872849464416504e-01
-7.151228785514831543e-01
-1.039883971214294434e+00
-9.008560180664062500e-01
-8.425189256668090820e-01
-2.318145930767059326e-01
-5.508387088775634766e-01
-1.156307220458984375e+00
-4.611482620239257812e-01
-1.118242859840393066e+00
-1.002202630043029785e+00
-6.946509480476379395e-01
-1.175872087478637695e+00
-4.130443632602691650e-01
-9.772615432739257812e-01
-1.318906188011169434e+00
-9.841340780258178711e-01
-1.072017073631286621e+00
-9.325487613677978516e-01
-8.554311990737915039e-01
-1.056121587753295898e+00
-5.808445811271667480e-01
-9.107457995414733887e-01
-6.683666110038757324e-01
-7.568543553352355957e-01
-9.705261588096618652e-01
-1.146095633506774902e+00
-8.504042029380798340e-01
-6.213389635086059570e-01
-1.070219516754150391e+00
-6.502998471260070801e-01
-7.339227795600891113e-01
-7.485486865043640137e-01
-1.043078541755676270e+00
-6.603467464447021484e-01
-1.423439145088195801e+00
-9.133939146995544434e-01
-8.958904743194580078e-01
-8.632882237434387207e-01
-8.589035868644714355e-01
-1.249010920524597168e+00
-1.122177362442016602e+00
-4.346213638782501221e-01
-9.661555290222167969e-01
-7.324972748756408691e-01
-4.138535261154174805e-01
-6.092861890792846680e-01
-7.277629375457763672e-01
-8.763616085052490234e-01
-9.580843448638916016e-01
-1.058272838592529297e+00
-9.147897958755493164e-01
-7.085582613945007324e-01
-8.151725530624389648e-01
-9.858226776123046875e-01
-1.200672149658203125e+00
-5.639842152595520020e-01
-1.134836435317993164e+00
-4.894734323024749756e-01
-7.087454795837402344e-01
-8.426210880279541016e-01
-9.381479024887084961e-01
-7.979605197906494141e-01
-8.046762943267822266e-01
-7.933438420295715332e-01
-1.125970721244812012e+00
-8.303667306900024414e-01
-6.724379062652587891e-01
-1.345139861106872559e+00
-1.071610331535339355e+00
-1.738158464431762695e-01
-7.298713922500610352e-01
-1.028310298919677734e+00
-8.145436644554138184e-01
-1.309993028640747070e+00
-8.318722844123840332e-01
-3.586511611938476562e-01
-1.670826673507690430e+00
-9.178276062011718750e-01
-1.359804391860961914e+00
-1.215813875198364258e+00
-4.125564694404602051e-01
-8.535181283950805664e-01
-7.791006565093994141e-01
-7.950309514999389648e-01
-6.481129527091979980e-01
-1.060199499130249023e+00
-8.638076782226562500e-01
-1.336688756942749023e+00
-5.728477835655212402e-01
-1.582453370094299316e+00
-8.820831775665283203e-01
-9.122468233108520508e-01
-9.717640876770019531e-01
-8.587529659271240234e-01
-8.687756061553955078e-01
-5.836628675460815430e-01
-5.790594816207885742e-01
-4.625122547149658203e-01
-7.338762283325195312e-01
-7.117814421653747559e-01
-7.102344036102294922e-01
-1.127508282661437988e+00
-1.522002577781677246e+00
-8.533814549446105957e-01
-1.079861879348754883e+00
-1.064179062843322754e+00
-1.798692047595977783e-01
-8.130608201026916504e-01
-7.519940137863159180e-01
-1.022747874259948730e+00
-9.917340874671936035e-01
-9.092820882797241211e-01
-4.068536758422851562e-01
-5.244538784027099609e-01
-8.012571334838867188e-01
-9.835680723190307617e-01
-4.804567694664001465e-01
-9.896444082260131836e-01
