-3.623788431286811829e-02
-2.329334430396556854e-02
-6.215859949588775635e-02
5.514122918248176575e-02
3.413511440157890320e-02
-3.561832383275032043e-02
-4.123639315366744995e-02
-5.434710159897804260e-02
-7.496107369661331177e-02
-7.296306639909744263e-02
4.404130205512046814e-02
2.207095734775066376e-02
-1.818951405584812164e-02
-8.562578004784882069e-04
-2.965107094496488571e-03
1.151547767221927643e-02
9.622594341635704041e-03
1.053542047739028931e-01
-5.176751315593719482e-02
-1.209647976793348789e-03
1.629785262048244476e-02
4.049621522426605225e-02
1.129510160535573959e-02
-1.598051050677895546e-03
-2.867974899709224701e-02
7.388573884963989258e-02
-1.678821980021893978e-03
5.621760338544845581e-02
2.299225889146327972e-02
2.259634062647819519e-02
7.731367368251085281e-03
2.544959820806980133e-02
3.511431394144892693e-03
-2.982384897768497467e-02
7.012957334518432617e-02
8.235666155815124512e-02
-8.585260808467864990e-02
-7.437840569764375687e-03
1.762096583843231201e-02
-6.546958535909652710e-02
5.613985657691955566e-02
-1.486408524215221405e-02
-2.253516018390655518e-02
5.668039247393608093e-02
9.834545198827981949e-04
-5.820636823773384094e-02
-1.144646406173706055e-01
-2.022155001759529114e-02
5.405214801430702209e-02
1.126626282930374146e-01
-2.835131809115409851e-02
5.627229809761047363e-02
6.150488927960395813e-02
-3.682098537683486938e-02
4.112888500094413757e-02
1.273027062416076660e-02
1.026662886142730713e-01
3.972313925623893738e-02
1.647375524044036865e-02
-8.937048725783824921e-03
4.397149756550788879e-02
5.794713506475090981e-04
-3.394529968500137329e-02
1.329826284199953079e-02
3.193111345171928406e-02
-6.162367761135101318e-02
2.723867073655128479e-02
6.326085329055786133e-02
2.768754214048385620e-02
2.500502578914165497e-02
2.764087170362472534e-02
-4.554814472794532776e-02
-2.445343323051929474e-02
1.344742439687252045e-02
4.391896724700927734e-02
8.421895653009414673e-02
4.459923133254051208e-02
8.554821833968162537e-03
2.119907643646001816e-03
3.859163448214530945e-02
2.283546142280101776e-02
-1.672983169555664062e-02
-1.081863697618246078e-02
3.908970579504966736e-02
8.368512988090515137e-02
7.555741816759109497e-02
5.221503600478172302e-02
3.568935766816139221e-02
-1.026475615799427032e-02
-2.926745451986789703e-02
3.708503767848014832e-02
-6.989198178052902222e-02
3.867284208536148071e-02
2.586307562887668610e-02
7.802970241755247116e-03
-4.501189291477203369e-02
-1.959533803164958954e-02
1.877105236053466797e-02
4.435298964381217957e-02
1.458989642560482025e-02
2.239113487303256989e-02
-1.260344218462705612e-02
-4.530570283532142639e-02
-5.565516650676727295e-02
3.130231797695159912e-02
-2.302043326199054718e-02
3.084439085796475410e-03
-1.284394785761833191e-02
5.054324120283126831e-02
4.376889765262603760e-02
-3.837747126817703247e-02
4.515231028199195862e-02
6.261567771434783936e-02
1.223401203751564026e-01
-4.738665185868740082e-03
5.060166120529174805e-03
1.668600365519523621e-02
4.812624678015708923e-02
-8.525278419256210327e-02
1.080031618475914001e-01
-6.751392036676406860e-03
4.480031877756118774e-02
4.884023591876029968e-02
3.625080361962318420e-02
4.533063992857933044e-02
-3.834626823663711548e-02
4.432706162333488464e-02
-3.681229660287499428e-03
-2.974126487970352173e-02
2.493254654109477997e-02
3.870747750625014305e-04
-6.383104715496301651e-03
2.093056030571460724e-02
3.357515484094619751e-02
5.698954313993453979e-02
-4.077570512890815735e-02
5.406925827264785767e-02
5.938155576586723328e-02
5.500182881951332092e-02
3.758370503783226013e-02
1.812051981687545776e-02
-4.754616692662239075e-02
-4.293190687894821167e-02
5.138887092471122742e-02
-5.352362617850303650e-02
-1.126289460808038712e-02
1.313725858926773071e-02
-1.924343407154083252e-03
-2.694076299667358398e-02
-3.126427903771400452e-02
1.326046884059906006e-02
4.517267271876335144e-02
2.420740202069282532e-02
8.199568092823028564e-02
-8.814468979835510254e-02
-9.120564907789230347e-03
2.412963286042213440e-02
-3.036796674132347107e-02
-7.332602143287658691e-02
6.855916976928710938e-02
5.793180689215660095e-02
-1.583366096019744873e-02
1.581725478172302246e-02
-1.856759376823902130e-02
-9.250878356397151947e-03
3.739055991172790527e-02
-2.312751300632953644e-02
-1.459281519055366516e-02
-1.422324031591415405e-02
9.480430162511765957e-04
-1.109085045754909515e-02
9.137047082185745239e-02
-3.286612033843994141e-02
-7.829630374908447266e-02
4.128667339682579041e-02
-4.282068461179733276e-02
6.882261950522661209e-03
5.323272943496704102e-02
3.939036652445793152e-02
4.475207626819610596e-02
5.574541166424751282e-03
4.930204153060913086e-02
1.259529497474431992e-02
1.164823211729526520e-02
1.408840343356132507e-02
-5.188370496034622192e-02
2.309578098356723785e-02
-3.837795555591583252e-02
1.026311367750167847e-01
-2.741082571446895599e-02
-2.558367885649204254e-02
-1.126210857182741165e-02
1.917279325425624847e-02
2.271325141191482544e-02
5.062495917081832886e-02
-2.273753285408020020e-02
-2.818343229591846466e-03
-3.859036043286323547e-02
7.489625364542007446e-03
6.253332644701004028e-02
9.458956122398376465e-02
-1.148857828229665756e-02
7.902822457253932953e-03
-3.820353012997657061e-04
3.471625596284866333e-02
-6.101787090301513672e-02
2.401297912001609802e-02
2.133112400770187378e-02
4.485928267240524292e-02
-5.014915484935045242e-03
3.601133078336715698e-02
-2.446749620139598846e-02
4.502894729375839233e-02
1.792339235544204712e-02
-1.647256873548030853e-02
2.664773538708686829e-02
-7.220859825611114502e-02
2.707782946527004242e-02
8.554107695817947388e-02
8.336076512932777405e-03
6.254979968070983887e-02
3.012404777109622955e-03
-4.706463590264320374e-02
-2.432465367019176483e-02
3.276881296187639236e-03
