-2.542791843414306641e+00
-1.142180323600769043e+00
-1.345913767814636230e+00
-1.883237004280090332e+00
-5.881698727607727051e-01
-2.212022781372070312e+00
-1.484934568405151367e+00
-1.212259054183959961e+00
-1.727223992347717285e+00
-3.476220846176147461e+00
-3.535917758941650391e+00
-1.828146457672119141e+00
-2.701684951782226562e+00
-1.241743043065071106e-01
-2.301406383514404297e+00
-2.393850564956665039e+00
-3.117280006408691406e-01
-2.290834665298461914e+00
-1.247261285781860352e+00
9.408042579889297485e-02
-3.564252138137817383e+00
-2.309914112091064453e+00
-1.935238718986511230e+00
-1.283925533294677734e+00
-2.035209655761718750e+00
-1.512707948684692383e+00
-3.822231590747833252e-01
-1.245531320571899414e+00
-1.491679549217224121e+00
-3.799730539321899414e+00
-2.833159923553466797e+00
-1.215637922286987305e+00
-1.991381645202636719e+00
-4.018129706382751465e-01
-5.210791230201721191e-01
6.798071265220642090e-01
-6.438443660736083984e-01
-1.546028017997741699e+00
-2.135233163833618164e+00
-2.619928836822509766e+00
-8.645655512809753418e-01
-1.993051290512084961e+00
-1.251167654991149902e+00
-1.376039624214172363e+00
7.393518090248107910e-02
-1.371045231819152832e+00
-5.630151629447937012e-01
-1.955270528793334961e+00
-1.694482207298278809e+00
-4.468841850757598877e-01
-2.625420570373535156e+00
-2.067901372909545898e+00
-2.420010089874267578e+00
-2.532343864440917969e+00
-6.014087200164794922e-01
-1.543353319168090820e+00
-2.177418231964111328e+00
-2.336685895919799805e+00
-1.853036761283874512e+00
-3.484021499752998352e-02
-1.268843531608581543e+00
-8.767629265785217285e-01
-1.807496786117553711e+00
-1.328395843505859375e+00
-2.539426982402801514e-01
-2.771238088607788086e+00
-2.323040962219238281e+00
3.843005299568176270e-01
4.359301626682281494e-01
-1.776737809181213379e+00
-1.595543146133422852e+00
-1.930950760841369629e+00
-1.545469909906387329e-01
-2.898040711879730225e-01
-1.148392915725708008e+00
-1.696258187294006348e+00
-2.654331445693969727e+00
-1.687726140022277832e+00
-8.772466778755187988e-01
-2.268854379653930664e+00
-4.453730583190917969e-01
-6.407694220542907715e-01
-6.905146241188049316e-01
-7.534191012382507324e-01
-1.165434360504150391e+00
-2.508485555648803711e+00
-1.988992214202880859e+00
-3.481356859207153320e+00
-9.756017923355102539e-01
-3.343463659286499023e+00
-1.611327409744262695e+00
-3.046530246734619141e+00
-4.646917343139648438e+00
-1.625899076461791992e+00
1.969975709915161133e+00
-1.504402756690979004e+00
-1.330586433410644531e+00
-3.977766990661621094e+00
-6.944389343261718750e-01
-2.267786264419555664e+00
-3.079079866409301758e+00
-1.236190199851989746e+00
-1.605561256408691406e+00
-1.911064624786376953e+00
-1.582105398178100586e+00
-9.401867985725402832e-01
-2.926317453384399414e+00
-1.245639562606811523e+00
-2.056660413742065430e+00
-4.041159451007843018e-01
-1.389242410659790039e+00
-2.694787979125976562e+00
-1.038377761840820312e+00
-2.232810497283935547e+00
-1.282122373580932617e+00
-1.584820508956909180e+00
-9.080903530120849609e-01
-3.967384994029998779e-01
-9.174077510833740234e-01
-3.729572534561157227e+00
-2.342158555984497070e+00
-2.720796585083007812e+00
-1.393014073371887207e+00
-1.468201279640197754e+00
-1.482944011688232422e+00
1.344688534736633301e+00
-2.643493890762329102e+00
-2.024991035461425781e+00
-1.333684682846069336e+00
-7.191441655158996582e-01
-1.592706799507141113e+00
-3.222258090972900391e-01
-8.642641901969909668e-01
-3.045856475830078125e+00
-1.606926880776882172e-02
-1.886127352714538574e+00
-1.000495672225952148e+00
5.167645812034606934e-01
-2.690620899200439453e+00
-1.918135404586791992e+00
-2.665414333343505859e+00
-1.937514781951904297e+00
-1.027538299560546875e+00
-3.742807805538177490e-01
-1.125781774520874023e+00
-2.598957419395446777e-01
-3.223160743713378906e+00
-8.046641349792480469e-01
-1.142028331756591797e+00
-3.110326766967773438e+00
-6.608380675315856934e-01
-6.480275392532348633e-01
-2.448539257049560547e+00
-7.932998538017272949e-01
-1.263656377792358398e+00
-3.376078367233276367e+00
-1.866872072219848633e+00
-1.778076887130737305e+00
-1.978791594505310059e+00
-1.570376753807067871e+00
-3.627628803253173828e+00
-1.256566196680068970e-01
-2.622775316238403320e+00
-9.772858619689941406e-01
-7.226269245147705078e-01
-1.185492753982543945e+00
-1.343329668045043945e+00
-3.024213075637817383e+00
-2.796169042587280273e+00
-7.128204703330993652e-01
-6.328203678131103516e-01
-1.993994712829589844e+00
-1.008483529090881348e+00
-1.438470602035522461e+00
-2.929061412811279297e+00
-2.313878774642944336e+00
-2.147598981857299805e+00
-1.201701283454895020e+00
-3.775022983551025391e+00
-3.950254917144775391e+00
-1.296985507011413574e+00
-8.115785121917724609e-01
-9.497199654579162598e-01
-2.823360204696655273e+00
-1.998378038406372070e+00
6.136918663978576660e-01
-1.105986833572387695e+00
-6.591206789016723633e-01
-2.055796384811401367e+00
-1.336894750595092773e+00
-1.180052280426025391e+00
-1.734820604324340820e+00
-1.929041028022766113e+00
-1.811801671981811523e+00
-1.238571405410766602e+00
-1.423661708831787109e+00
-1.608967423439025879e+00
-1.895207285881042480e+00
-1.596741557121276855e+00
-1.699526786804199219e+00
-6.370378136634826660e-01
-1.743203878402709961e+00
-2.207929849624633789e+00
4.634930565953254700e-02
-2.595974683761596680e+00
-1.389240026473999023e+00
-8.696378469467163086e-01
-1.917981743812561035e+00
-1.097612857818603516e+00
-3.774991989135742188e+00
-1.212888240814208984e+00
-1.603169679641723633e+00
-2.108852386474609375e+00
-6.016252040863037109e-01
-3.243954852223396301e-03
-7.397466897964477539e-01
-6.856127083301544189e-02
-2.617192029953002930e+00
-1.189746975898742676e+00
-1.817137479782104492e+00
-2.830109596252441406e+00
-2.451229572296142578e+00
1.575340330600738525e-01
-6.054756641387939453e-01
-7.115058898925781250e-01
-1.280446767807006836e+00
-1.350517034530639648e+00
-1.242162108421325684e+00
-1.967263698577880859e+00
-6.418890953063964844e-01
-8.895114064216613770e-01
-1.834403991699218750e+00
-2.208155691623687744e-01
-2.607854843139648438e+00
-1.420783400535583496e+00
-1.996267795562744141e+00
-2.120900392532348633e+00
-5.584364533424377441e-01
-9.305534362792968750e-01
-1.981121778488159180e+00
-2.435616731643676758e+00
-1.171706438064575195e+00
-1.427970170974731445e+00
-2.729354381561279297e+00
-9.898750185966491699e-01
-1.691608071327209473e+00
-2.510189533233642578e+00
7.969702482223510742e-01
-2.955199956893920898e+00
-1.095328330993652344e+00
-1.859845161437988281e+00
-1.719930529594421387e+00
-1.577280998229980469e+00
-1.832009315490722656e+00
-1.293230652809143066e+00
-2.869759321212768555e+00
-4.104876220226287842e-01
1.682796478271484375e-01
-1.558733940124511719e+00
-2.760560035705566406e+00
-2.293943166732788086e+00
-2.671628713607788086e+00
-1.018369913101196289e+00
-2.187881469726562500e+00
-1.686691641807556152e+00
6.323207616806030273e-01
-1.870481856167316437e-02
-1.414895057678222656e+00
-1.703547239303588867e+00
-2.416226625442504883e+00
-1.130490899085998535e+00
-1.304625153541564941e+00
-8.327363729476928711e-01
-4.912012517452239990e-01
-1.669898271560668945e+00
-1.371274113655090332e+00
-1.520392537117004395e+00
-2.002372741699218750e+00
-1.269461750984191895e+00
-1.775593042373657227e+00
-1.094101786613464355e+00
-1.868582725524902344e+00
-1.275517463684082031e+00
-1.792715430259704590e+00
-1.009839296340942383e+00
-1.911838293075561523e+00
-1.826001763343811035e+00
-1.484984517097473145e+00
-1.358604550361633301e+00
-3.285496234893798828e+00
-1.015629410743713379e+00
-9.026417732238769531e-01
-2.458735108375549316e-01
-3.020941019058227539e+00
-1.834043383598327637e+00
-1.392139077186584473e+00
-2.037747383117675781e+00
-2.410394996404647827e-01
-2.427955389022827148e+00
-1.575674891471862793e+00
