6.875658780336380005e-02
2.025519013404846191e-01
2.036907896399497986e-02
-1.210962757468223572e-01
-7.808977365493774414e-02
3.751698881387710571e-02
-9.359420835971832275e-02
-8.041241765022277832e-02
1.724859476089477539e-01
4.886868596076965332e-02
1.185370385646820068e-01
1.089812517166137695e-01
2.719771564006805420e-01
-1.177649721503257751e-01
1.064305827021598816e-01
9.626153856515884399e-02
4.149848595261573792e-02
4.399107769131660461e-02
1.410137414932250977e-01
3.738734871149063110e-02
7.195012271404266357e-02
1.520004719495773315e-01
1.831112205982208252e-01
2.146362364292144775e-01
9.204349666833877563e-02
-3.914851322770118713e-02
2.833598665893077850e-02
1.497835963964462280e-01
-1.297438889741897583e-01
-2.497307024896144867e-02
8.620207011699676514e-02
3.379067778587341309e-01
-8.354082703590393066e-02
-8.864994347095489502e-02
3.911253064870834351e-02
4.678194224834442139e-02
7.615762203931808472e-02
4.833823442459106445e-02
-1.122823078185319901e-02
2.073147147893905640e-01
3.829684257507324219e-01
-3.499222546815872192e-02
-4.310789052397012711e-03
1.091061905026435852e-01
7.915474474430084229e-02
