-7.050725817680358887e-02
-1.376078128814697266e-01
-5.096733570098876953e-02
-1.158704981207847595e-01
-1.080419570207595825e-01
-5.599056556820869446e-02
-7.458496838808059692e-02
-1.201884299516677856e-01
-1.367879509925842285e-01
-7.401956617832183838e-02
-8.840439468622207642e-02
-9.391096979379653931e-02
-1.066237762570381165e-01
-8.604478836059570312e-02
-2.922291122376918793e-02
-6.851811707019805908e-02
-1.445028930902481079e-01
-1.318334043025970459e-01
-1.240181028842926025e-01
-1.132851913571357727e-01
-6.471253931522369385e-02
-4.305999353528022766e-02
-9.149291366338729858e-02
-1.365023553371429443e-01
-4.358100891113281250e-02
-5.950325727462768555e-02
-3.013853542506694794e-02
-8.192209154367446899e-02
-5.259234458208084106e-02
-5.292232148349285126e-03
-1.128212064504623413e-01
-1.035955548286437988e-01
-9.081012010574340820e-02
-6.369302421808242798e-02
-1.092335358262062073e-01
-1.089222803711891174e-01
-2.346738241612911224e-02
-7.892476022243499756e-02
-1.254038363695144653e-01
-1.312545984983444214e-01
-1.338235735893249512e-01
-7.301270216703414917e-02
-5.621269717812538147e-02
-1.168845295906066895e-01
-8.503585308790206909e-02
-1.232843566685914993e-02
-1.327201128005981445e-01
-8.696843683719635010e-02
-7.118409872055053711e-02
-7.004977017641067505e-02
-1.327977329492568970e-01
-1.210737600922584534e-01
-6.825297325849533081e-02
-1.081552729010581970e-01
-8.636408299207687378e-02
-9.159775823354721069e-02
-6.640343368053436279e-02
-2.407937124371528625e-02
-4.212257638573646545e-02
-5.698501691222190857e-02
-7.476744055747985840e-02
-1.105882078409194946e-01
-3.564890101552009583e-02
-5.717026069760322571e-02
-1.368649750947952271e-01
-1.528288275003433228e-01
-1.193874031305313110e-01
-1.056974902749061584e-01
-6.365155428647994995e-02
-1.168962866067886353e-01
-1.055457219481468201e-01
-1.574079506099224091e-02
-1.400679051876068115e-01
-6.044299528002738953e-02
-2.917173132300376892e-02
-4.685163870453834534e-02
-9.731186181306838989e-02
-1.153945848345756531e-01
-9.758640825748443604e-02
-3.714071586728096008e-02
-6.503250449895858765e-02
-1.368296593427658081e-01
-1.245960295200347900e-01
-9.838925302028656006e-02
-1.010550558567047119e-01
-3.437757119536399841e-02
-5.507472530007362366e-02
-1.235059946775436401e-01
-5.956488847732543945e-02
-1.017001718282699585e-01
-5.457960069179534912e-02
-1.423285007476806641e-01
-1.419591605663299561e-01
-8.169287443161010742e-02
-1.020534113049507141e-01
-2.355067804455757141e-02
-4.056095704436302185e-02
-1.327765583992004395e-01
-1.671103239059448242e-01
-1.147707253694534302e-01
-7.158088684082031250e-02
-6.899546086788177490e-02
-1.528951674699783325e-01
-1.576592475175857544e-01
-1.205204054713249207e-01
-2.854682505130767822e-02
-4.243909567594528198e-02
-7.408568263053894043e-02
-6.425132602453231812e-02
-5.560650676488876343e-02
-1.476588249206542969e-01
-1.087987497448921204e-01
-8.384951949119567871e-02
-1.156588196754455566e-01
-4.005067050457000732e-02
-1.203919425606727600e-01
-1.390634328126907349e-01
-8.831227570772171021e-02
-5.816514790058135986e-02
-1.065134033560752869e-01
-1.466729491949081421e-01
-1.161050125956535339e-01
-5.687114968895912170e-02
-8.738789707422256470e-02
-1.059156134724617004e-01
-7.415776699781417847e-02
-1.704225689172744751e-01
-6.659030914306640625e-02
-1.073665395379066467e-01
-1.807039380073547363e-01
-1.407013684511184692e-01
-1.720732152462005615e-01
-8.378688246011734009e-02
-1.069092750549316406e-01
-6.662537902593612671e-02
-6.966342031955718994e-02
-1.577532440423965454e-01
-1.478036344051361084e-01
-1.000624299049377441e-01
-1.207043975591659546e-01
-9.577041864395141602e-02
-7.195053249597549438e-02
-1.062736958265304565e-01
-1.190772727131843567e-01
-1.131151244044303894e-01
-7.701981812715530396e-02
-8.542403578758239746e-02
-7.963954657316207886e-02
-1.083119884133338928e-01
-1.062637791037559509e-01
-2.808310464024543762e-02
-6.750695407390594482e-02
-1.266810148954391479e-01
-4.909831285476684570e-02
-1.110359430313110352e-01
-1.202865540981292725e-01
-1.611896902322769165e-01
-1.312206685543060303e-01
-8.126729726791381836e-02
-2.803913317620754242e-02
-1.159140765666961670e-01
-1.355309486389160156e-01
-9.617982804775238037e-02
-1.071130633354187012e-01
-1.349142491817474365e-01
-9.195316582918167114e-02
-1.012144759297370911e-01
-1.018007844686508179e-01
-4.291783645749092102e-02
-9.877198189496994019e-02
-1.516076773405075073e-01
-8.063153922557830811e-02
-4.425920173525810242e-02
-1.244343817234039307e-01
-8.495316654443740845e-02
-1.237061917781829834e-01
-5.291177704930305481e-02
-5.497200787067413330e-02
-5.820168927311897278e-02
-4.127269610762596130e-02
-1.060534492135047913e-01
-1.460188329219818115e-01
-4.308562725782394409e-02
-1.485438346862792969e-01
-9.860809892416000366e-02
-4.935822635889053345e-02
-4.768064245581626892e-02
-1.136171370744705200e-01
-1.269429922103881836e-01
-1.337576210498809814e-01
-1.056578755378723145e-01
-4.968439787626266479e-02
-6.147670000791549683e-02
-8.845917880535125732e-02
-6.642486900091171265e-02
-4.255287349224090576e-02
-9.494990855455398560e-02
-3.761773183941841125e-02
-5.139413848519325256e-02
-6.049518287181854248e-02
-3.628089278936386108e-02
-4.750041663646697998e-02
-8.671534061431884766e-02
-3.173984959721565247e-02
-6.348235905170440674e-02
-5.429659038782119751e-02
-1.086309105157852173e-01
-2.678730338811874390e-02
-1.408568322658538818e-01
-9.750858694314956665e-02
-6.339089572429656982e-02
-1.128422617912292480e-01
-8.920907229185104370e-02
-1.651386767625808716e-01
-1.226191073656082153e-01
-1.417813748121261597e-01
-3.277659043669700623e-02
-1.166505664587020874e-01
-1.063396185636520386e-01
-7.217594981193542480e-02
-1.149071678519248962e-01
-1.444758474826812744e-01
-1.237150356173515320e-01
-5.583045259118080139e-02
-5.644731968641281128e-02
-1.130766943097114563e-01
-6.802112329751253128e-03
-6.368724256753921509e-02
-1.010328084230422974e-01
-7.445758581161499023e-02
-1.450780034065246582e-01
-8.095364272594451904e-02
-1.464523524045944214e-01
-1.615573614835739136e-01
-7.955705374479293823e-02
-3.860560059547424316e-02
-1.206548586487770081e-01
-1.159979626536369324e-01
-1.185347214341163635e-01
-1.010177135467529297e-01
-1.289868503808975220e-01
-6.800910085439682007e-02
-7.905879616737365723e-02
-1.282119154930114746e-01
-8.517847210168838501e-02
-6.281014531850814819e-02
-1.009592339396476746e-01
-1.167298704385757446e-01
-1.319168880581855774e-02
-6.379311531782150269e-02
-3.700257092714309692e-02
-6.975176930427551270e-02
-4.378240555524826050e-02
-1.149082556366920471e-01
-4.890771582722663879e-02
-6.244077906012535095e-02
-2.227673307061195374e-02
-5.588989704847335815e-02
-1.246897876262664795e-01
-9.630829095840454102e-02
-1.244758591055870056e-01
-1.229878738522529602e-01
-1.272024363279342651e-01
-1.237636655569076538e-01
-1.013517230749130249e-01
-1.385004669427871704e-01
-1.378537118434906006e-01
-5.747331678867340088e-02
-9.514367580413818359e-02
-1.212861910462379456e-01
-3.327349200844764709e-02
-8.729915320873260498e-02
-1.155378073453903198e-01
-2.387498691678047180e-02
-1.136442795395851135e-01
-1.032993346452713013e-01
-3.628269582986831665e-02
-2.521882206201553345e-02
-9.549900889396667480e-02
-6.898855417966842651e-02
-2.134238369762897491e-02
-6.790187209844589233e-02
-5.968747660517692566e-02
-5.255217477679252625e-02
-4.734018072485923767e-02
-5.579719692468643188e-02
-4.451333731412887573e-02
-1.097413003444671631e-01
-1.333276927471160889e-01
-1.680668294429779053e-01
-7.188164442777633667e-02
-1.172405481338500977e-01
-1.120868176221847534e-01
-4.871642217040061951e-02
-1.114610955119132996e-01
-5.696162208914756775e-02
-3.662223368883132935e-02
-4.701510444283485413e-02
-9.887679666280746460e-02
-3.782335296273231506e-02
