-9.229917079210281372e-02
-4.016136005520820618e-02
2.175324559211730957e-01
1.080569922924041748e-01
9.592246264219284058e-02
-4.215692356228828430e-02
1.717842072248458862e-01
-2.731226151809096336e-03
-1.351422816514968872e-02
-2.159084752202033997e-02
4.719268530607223511e-03
1.525379568338394165e-01
-2.980392891913652420e-03
1.501857042312622070e-01
-6.668490171432495117e-02
2.858907282352447510e-01
3.135258564725518227e-03
-4.493198171257972717e-02
1.803939491510391235e-01
1.688784360885620117e-01
-7.739422726444900036e-04
6.896475702524185181e-02
1.167488470673561096e-01
7.333485782146453857e-02
6.771497428417205811e-02
1.459206491708755493e-01
-1.465605292469263077e-02
9.116809070110321045e-02
-9.420492500066757202e-02
1.027264967560768127e-01
1.101588308811187744e-01
3.337066248059272766e-02
-7.384607195854187012e-02
-7.441489398479461670e-02
2.071467638015747070e-01
-2.719586342573165894e-02
1.876416504383087158e-01
9.413982927799224854e-02
2.988948859274387360e-02
5.720224231481552124e-02
4.447717219591140747e-02
-5.147558450698852539e-02
1.526895612478256226e-01
-1.800439059734344482e-01
1.346170902252197266e-01
