1.696531325578689575e-01
1.209942623972892761e-01
-4.074727185070514679e-03
9.867332875728607178e-03
-3.497994691133499146e-02
2.172624506056308746e-02
4.993538558483123779e-02
1.406933367252349854e-01
2.367357537150382996e-02
7.685885578393936157e-02
3.683136403560638428e-02
6.327928602695465088e-02
6.489653140306472778e-02
-1.125692017376422882e-02
-9.155566804111003876e-03
3.709443286061286926e-02
1.951735764741897583e-01
1.099710240960121155e-01
8.803647011518478394e-02
7.286916673183441162e-02
1.948298960924148560e-01
8.987361937761306763e-02
1.357471048831939697e-01
1.428263820707798004e-02
1.390316188335418701e-01
4.338372871279716492e-02
-1.013173535466194153e-01
-3.192233294248580933e-02
2.195093035697937012e-01
2.985880374908447266e-01
-1.800238527357578278e-02
9.084453433752059937e-02
8.110103756189346313e-02
5.085645243525505066e-03
3.682689042761921883e-03
2.241409868001937866e-01
3.129124343395233154e-01
1.450053006410598755e-01
-2.051761560142040253e-02
8.482746779918670654e-02
1.267269253730773926e-01
-1.239178106188774109e-01
1.230811793357133865e-02
1.270028352737426758e-01
5.116489715874195099e-03
