-7.785800844430923462e-02
-2.849735617637634277e-01
-1.340924203395843506e-01
-1.230788528919219971e-01
-1.927368044853210449e-01
-2.411162555217742920e-01
-2.005599886178970337e-01
-2.629294097423553467e-01
-2.983653545379638672e-01
-1.789935082197189331e-01
-2.011142671108245850e-01
-1.891940534114837646e-01
-1.787988394498825073e-01
-1.308447718620300293e-01
-9.532675147056579590e-02
-2.779121696949005127e-01
-8.176352083683013916e-02
-1.487366855144500732e-01
-2.145502865314483643e-01
-9.328223019838333130e-02
-3.200313448905944824e-01
-1.209304183721542358e-01
-2.326180338859558105e-01
-1.797900944948196411e-01
-1.605027616024017334e-01
-1.583468019962310791e-01
-2.306763976812362671e-01
-2.534065246582031250e-01
-2.035069465637207031e-01
-1.324227601289749146e-01
-1.862414926290512085e-01
-2.166182249784469604e-01
-6.738529354333877563e-02
-1.302235126495361328e-01
-1.389700323343276978e-01
-2.164265215396881104e-01
-2.433615177869796753e-01
-1.933745890855789185e-01
-1.937997043132781982e-01
-1.296008229255676270e-01
-2.476028949022293091e-01
-1.667884588241577148e-01
-1.412146836519241333e-01
-2.349971383810043335e-01
-1.726608574390411377e-01
-1.963385939598083496e-01
-1.252687573432922363e-01
-2.188849151134490967e-01
-2.585388422012329102e-01
-1.749940365552902222e-01
-1.762437522411346436e-01
-2.183083593845367432e-01
-2.321390211582183838e-01
-1.535218507051467896e-01
-2.424664944410324097e-01
-1.484857201576232910e-01
-2.192310839891433716e-01
-3.038363158702850342e-01
-2.050909698009490967e-01
-1.811436116695404053e-01
-8.417902886867523193e-02
-2.783921658992767334e-01
-1.699869930744171143e-01
-2.175428867340087891e-01
-5.912600457668304443e-02
-2.188538461923599243e-01
-2.705239653587341309e-01
-2.299606055021286011e-01
-1.248721256852149963e-01
-2.441319525241851807e-01
-1.726976335048675537e-01
-2.160779386758804321e-01
-1.262042224407196045e-01
-1.475439518690109253e-01
-2.540248632431030273e-01
-2.884226143360137939e-01
-1.700909286737442017e-01
-1.475820094347000122e-01
-6.945073604583740234e-02
-1.825991570949554443e-01
-1.105358526110649109e-01
-8.557660132646560669e-02
-1.780878752470016479e-01
-1.825488060712814331e-01
-1.116695553064346313e-01
-2.262657731771469116e-01
-1.943744570016860962e-01
-1.915081441402435303e-01
-2.584454119205474854e-01
-1.335537284612655640e-01
-2.625746130943298340e-01
-2.829909324645996094e-01
-1.931034624576568604e-01
-8.482363820075988770e-02
-2.769086360931396484e-01
-2.182244509458541870e-01
-2.565951645374298096e-01
-1.743390113115310669e-01
-2.252654582262039185e-01
-2.191812247037887573e-01
-1.334878951311111450e-01
-2.619985044002532959e-01
-2.895512580871582031e-01
-2.350713163614273071e-01
-2.384474575519561768e-01
-2.726973295211791992e-01
-2.504382729530334473e-01
-2.063724547624588013e-01
-1.005897372961044312e-01
-5.899377912282943726e-02
-2.891935706138610840e-01
-2.576206922531127930e-01
-2.453307062387466431e-01
-1.040460392832756042e-01
-2.729334235191345215e-01
-3.361769020557403564e-01
-1.543783694505691528e-01
-1.868121922016143799e-01
-2.269287407398223877e-01
-7.239221036434173584e-02
-2.301811277866363525e-01
-1.337784081697463989e-01
-2.459068298339843750e-01
-2.152628302574157715e-01
-1.792934238910675049e-01
-1.567138135433197021e-01
-1.808302551507949829e-01
-3.285383060574531555e-02
-1.865330040454864502e-01
-1.389710009098052979e-01
-9.768566489219665527e-02
-6.768435984849929810e-02
-2.097786813974380493e-01
-1.746247112751007080e-01
-3.008379340171813965e-01
-2.352982014417648315e-01
-2.201908081769943237e-01
-1.859311759471893311e-01
-1.441347002983093262e-01
-1.167246773838996887e-01
-2.663841247558593750e-01
-1.932888329029083252e-01
-1.103698387742042542e-01
-2.894801795482635498e-01
-3.071666359901428223e-01
-1.761168688535690308e-01
-2.049977779388427734e-01
-1.715724319219589233e-01
-1.190525367856025696e-01
-2.849251627922058105e-01
-1.371931731700897217e-01
-1.323105692863464355e-01
-2.745481729507446289e-01
-3.176112473011016846e-01
-2.185798585414886475e-01
-6.378552317619323730e-02
-1.087421104311943054e-01
-6.534171849489212036e-02
-1.154034361243247986e-01
-3.024805188179016113e-01
-2.633484266698360443e-02
-2.989420890808105469e-01
-1.557102501392364502e-01
-7.233970612287521362e-02
-1.820754706859588623e-01
-1.984564065933227539e-01
-1.278505325317382812e-01
-1.591400653123855591e-01
-1.077710166573524475e-01
-2.493110299110412598e-01
-1.391673386096954346e-01
-1.565731316804885864e-01
-1.467261016368865967e-01
-2.436527013778686523e-01
-2.277862876653671265e-01
-2.273086905479431152e-01
-1.234627068042755127e-01
-1.324417740106582642e-01
-1.611715108156204224e-01
-1.984266340732574463e-01
-1.547093242406845093e-01
-2.335189282894134521e-01
-1.086266860365867615e-01
-1.406997591257095337e-01
-2.243953049182891846e-01
-2.679057121276855469e-01
-1.750070899724960327e-01
-3.076431453227996826e-01
-1.578400433063507080e-01
-1.136149913072586060e-01
-2.389800399541854858e-01
-1.061393022537231445e-01
-2.062765508890151978e-01
-1.190645173192024231e-01
-1.770076006650924683e-01
-5.947965756058692932e-02
-1.809532344341278076e-01
-8.620979636907577515e-02
-1.683215200901031494e-01
-2.149621099233627319e-01
-1.582295596599578857e-01
-2.006900310516357422e-01
-2.002710402011871338e-01
-1.868670135736465454e-01
-2.661095857620239258e-01
-2.471355646848678589e-01
-2.552634477615356445e-01
-1.723352670669555664e-01
-1.979028284549713135e-01
-2.828613519668579102e-01
-1.910474747419357300e-01
-2.319430857896804810e-01
-1.768466085195541382e-01
-1.260524094104766846e-01
-2.783287502825260162e-02
-1.069763600826263428e-01
-1.633293032646179199e-01
-1.376047134399414062e-01
-3.180830180644989014e-01
-1.848233044147491455e-01
-2.817793488502502441e-01
-1.356138288974761963e-01
-1.265068799257278442e-01
-2.048781514167785645e-01
-1.244433969259262085e-01
-1.899081170558929443e-01
-1.302746832370758057e-01
-1.968317478895187378e-01
-1.338780671358108521e-01
-2.624493539333343506e-01
-2.255349457263946533e-01
-1.348325759172439575e-01
-2.302395403385162354e-01
-1.901697665452957153e-01
-2.346452623605728149e-01
-2.464905083179473877e-01
-1.477928161621093750e-01
-1.175969168543815613e-01
-1.431964486837387085e-01
-2.374990284442901611e-01
-2.018870860338211060e-01
-2.216331958770751953e-01
-9.204973280429840088e-02
-2.589720487594604492e-01
-1.925494074821472168e-01
-2.317676842212677002e-01
-1.364764720201492310e-01
-2.238657772541046143e-01
-1.854707002639770508e-01
-2.446944564580917358e-01
-2.280731052160263062e-01
-1.307021677494049072e-01
-1.438079774379730225e-01
-2.172188758850097656e-01
-1.320425719022750854e-01
-1.915234178304672241e-01
-2.644562721252441406e-01
-2.213305532932281494e-01
-1.569705009460449219e-01
-2.400746941566467285e-01
-3.415726125240325928e-01
-1.687877923250198364e-01
-1.440178453922271729e-01
-1.544053405523300171e-01
-5.889225006103515625e-02
-1.467195600271224976e-01
-3.068979978561401367e-01
-1.898308992385864258e-01
-2.725654840469360352e-01
-2.860135734081268311e-01
-2.774629294872283936e-01
-2.623721361160278320e-01
-1.053280383348464966e-01
-1.146889328956604004e-01
-2.777938246726989746e-01
-2.555337548255920410e-01
-1.408524960279464722e-01
-1.568704843521118164e-01
-1.723207831382751465e-01
-1.611635982990264893e-01
-1.490780860185623169e-01
-2.040435671806335449e-01
-2.228881716728210449e-01
-1.515296101570129395e-01
-3.000886440277099609e-01
-1.306856125593185425e-01
-2.643211781978607178e-01
-5.961302667856216431e-02
-6.943100690841674805e-02
-1.424018442630767822e-01
-1.183762922883033752e-01
-1.646817624568939209e-01
-1.612550467252731323e-01
-2.416170537471771240e-01
-1.546752601861953735e-01
-1.844245046377182007e-01
-3.082490861415863037e-01
-1.697817891836166382e-01
-2.738938033580780029e-01
-1.543553024530410767e-01
