2.505229949951171875e+00
-6.055389881134033203e+00
-3.579045295715332031e+00
-3.702310085296630859e+00
-1.185242843627929688e+01
5.354487419128417969e+00
2.755304098129272461e+00
-4.195815563201904297e+00
-1.009585499763488770e+00
-1.124415111541748047e+01
-4.840153217315673828e+00
-3.525941133499145508e+00
-1.324343776702880859e+01
-1.743914008140563965e+00
-1.401609134674072266e+01
-4.169430732727050781e+00
-6.351102352142333984e+00
-3.382886886596679688e+00
-9.595456719398498535e-01
4.279175758361816406e+00
1.065408229827880859e+00
-7.134985446929931641e+00
-5.027401447296142578e+00
-1.115541648864746094e+01
4.230975151062011719e+00
-5.896514415740966797e+00
-1.079807853698730469e+01
-5.267018318176269531e+00
1.876080930233001709e-01
7.702705860137939453e+00
-5.754162311553955078e+00
-4.977569580078125000e+00
-7.674335956573486328e+00
-2.014398384094238281e+01
-1.387086272239685059e+00
-5.935480117797851562e+00
-1.402380275726318359e+01
-6.766673088073730469e+00
1.062165737152099609e+01
-6.299098968505859375e+00
-1.552516365051269531e+01
-1.128379249572753906e+01
-2.585169792175292969e+00
-3.068549871444702148e+00
-3.726385354995727539e+00
6.503447532653808594e+00
-4.869688510894775391e+00
-1.209132313728332520e+00
-7.821218967437744141e+00
-9.714064598083496094e+00
-1.334579181671142578e+01
-1.327326488494873047e+01
1.067803859710693359e+00
8.414563179016113281e+00
-8.097005844116210938e+00
4.004608631134033203e+00
1.476649641990661621e+00
-2.433890342712402344e+00
-5.847020626068115234e+00
-2.544673442840576172e+00
-6.346916675567626953e+00
-1.303534984588623047e+01
-1.283593559265136719e+01
-7.830636501312255859e+00
-7.457749843597412109e+00
-1.316789054870605469e+01
1.695591330528259277e+00
1.099317669868469238e+00
6.648016571998596191e-01
-6.938358306884765625e+00
-2.658324241638183594e+00
-2.823902845382690430e+00
-2.849753856658935547e+00
2.304854840040206909e-01
-9.183591008186340332e-01
-8.294951438903808594e+00
-3.067311286926269531e+00
-7.673670768737792969e+00
-6.748892307281494141e+00
1.195578575134277344e+01
-1.075984764099121094e+01
-1.467238140106201172e+01
-7.657721042633056641e+00
-2.892187595367431641e+00
-5.286968708038330078e+00
-9.066798090934753418e-01
1.903990387916564941e+00
4.003110527992248535e-01
-1.205190849304199219e+01
-6.632958889007568359e+00
-3.236799955368041992e+00
-9.730636596679687500e+00
-1.213333702087402344e+01
2.112760782241821289e+00
-1.074791622161865234e+01
2.216799020767211914e+00
6.026307940483093262e-01
-5.520061016082763672e+00
-1.657114028930664062e+01
3.701240301132202148e+00
7.506709098815917969e+00
-8.044462203979492188e+00
-1.951737022399902344e+01
-1.259488010406494141e+01
-2.489831745624542236e-01
2.666934013366699219e+00
-1.128918361663818359e+01
-4.969099998474121094e+00
-5.834273815155029297e+00
-5.707086563110351562e+00
-3.066262245178222656e+00
-9.690158367156982422e-01
-7.229362010955810547e+00
4.609449863433837891e+00
-7.552511245012283325e-02
-8.452731132507324219e+00
6.541895866394042969e+00
4.351043701171875000e+00
7.388427734375000000e+00
-1.610173416137695312e+01
-2.567215681076049805e+00
-1.226630115509033203e+01
-6.189477920532226562e+00
1.982527375221252441e-01
-2.329402923583984375e+01
-1.878743052482604980e+00
1.657515048980712891e+00
-5.915095806121826172e+00
1.701074391603469849e-01
1.473563551902770996e+00
1.784182310104370117e+00
-1.062276268005371094e+01
2.036766767501831055e+00
-7.734212398529052734e+00
-1.088380622863769531e+01
-1.536307930946350098e+00
-9.420124053955078125e+00
-2.402852773666381836e+00
-9.402645111083984375e+00
-9.521281719207763672e-01
-1.688256835937500000e+01
4.949111938476562500e+00
-8.368439674377441406e+00
-1.069204139709472656e+01
-9.238474845886230469e+00
-8.473044395446777344e+00
-6.416501045227050781e+00
-7.340344905853271484e+00
-1.066320323944091797e+01
-2.852449178695678711e+00
4.123741149902343750e+00
-2.148262500762939453e+00
-2.089886188507080078e+00
-5.778187274932861328e+00
-1.226439666748046875e+01
7.440966606140136719e+00
-1.046799278259277344e+01
-1.164159965515136719e+01
-2.558447360992431641e+00
7.491809844970703125e+00
-1.708176803588867188e+01
-6.662413597106933594e+00
-4.758198261260986328e+00
-9.624294638633728027e-01
-5.859438419342041016e+00
-1.031574630737304688e+01
-1.154233360290527344e+01
-5.738519668579101562e+00
4.638835906982421875e+00
-6.550584316253662109e+00
-8.790520668029785156e+00
-1.039719104766845703e+01
-9.365563392639160156e+00
4.644040107727050781e+00
1.483566641807556152e+00
-7.576353073120117188e+00
-1.400911688804626465e+00
-6.563511371612548828e+00
-9.547401428222656250e+00
-1.761675477027893066e+00
-4.818024158477783203e+00
-4.130362033843994141e+00
-5.630135536193847656e+00
-8.141656875610351562e+00
-5.686522483825683594e+00
-8.478306770324707031e+00
-6.505648136138916016e+00
-1.515697002410888672e+01
-1.364437389373779297e+01
-5.509440422058105469e+00
-4.208559989929199219e+00
-6.736308097839355469e+00
-6.431775569915771484e+00
-1.943132972717285156e+01
-1.855416655540466309e+00
-9.237793922424316406e+00
-2.154958724975585938e+00
7.968574047088623047e+00
-1.258939647674560547e+01
-3.647330522537231445e+00
-2.310952901840209961e+00
-1.073093318939208984e+01
-6.083460330963134766e+00
-1.087212488055229187e-01
-4.138385772705078125e+00
-6.737866401672363281e+00
-1.460499954223632812e+01
-1.689828157424926758e+00
-1.110734558105468750e+01
-8.540965080261230469e+00
-4.625677466392517090e-01
4.702922999858856201e-01
-1.520630455017089844e+01
-1.906243443489074707e+00
-2.131664037704467773e+00
4.067559242248535156e+00
-3.547679901123046875e+00
7.007148265838623047e+00
-1.226758289337158203e+01
-5.164107799530029297e+00
-1.970981597900390625e+00
-6.058531284332275391e+00
-5.242314815521240234e+00
-8.269552886486053467e-02
9.092648029327392578e-01
-7.766760826110839844e+00
-3.788840472698211670e-01
-7.205513477325439453e+00
-8.652413368225097656e+00
-7.252771377563476562e+00
-6.265688419342041016e+00
-6.095058917999267578e+00
8.836446762084960938e+00
-3.324571847915649414e+00
-1.029188752174377441e+00
-5.270074367523193359e+00
-8.320614814758300781e+00
-7.787717819213867188e+00
9.392539978027343750e+00
4.156808853149414062e+00
-9.786518096923828125e+00
-6.874776363372802734e+00
-1.047268867492675781e+00
-1.775284767150878906e+01
-7.725434899330139160e-01
-4.020723998546600342e-01
-2.071444690227508545e-01
-5.508998870849609375e+00
2.536772489547729492e+00
-1.212417840957641602e+00
-9.203308105468750000e+00
-7.540051937103271484e+00
3.591605663299560547e+00
-6.568262577056884766e+00
-9.291509628295898438e+00
-6.346745014190673828e+00
-1.777674484252929688e+01
5.300448417663574219e+00
1.678043842315673828e+00
-2.780217409133911133e+00
-7.772775650024414062e+00
-2.670895755290985107e-01
-2.345808893442153931e-01
-6.387673854827880859e+00
3.920273780822753906e+00
-1.562908077239990234e+01
-7.763070106506347656e+00
-7.008606433868408203e+00
6.451338768005371094e+00
5.442607998847961426e-01
-9.915970802307128906e+00
-8.388994216918945312e+00
-5.322381496429443359e+00
-6.173544883728027344e+00
-1.233867835998535156e+01
-1.077871036529541016e+01
-7.590426921844482422e+00
-1.064393520355224609e+00
-8.326155662536621094e+00
-7.889746665954589844e+00
-3.383360624313354492e+00
-6.573915958404541016e+00
6.787734985351562500e+00
-1.348944568634033203e+01
-1.045040321350097656e+01
-1.364070415496826172e+01
-2.278353929519653320e+00
1.155486822128295898e+00
-1.070909118652343750e+01
-9.935746192932128906e+00
-2.422425508499145508e+00
-4.271361827850341797e+00
4.026372134685516357e-01
9.211010932922363281e-01
-4.399830341339111328e+00
4.938448429107666016e+00
-6.976355075836181641e+00
-6.109577655792236328e+00
-9.089444160461425781e+00
3.477422952651977539e+00
