-4.389579221606254578e-02
2.520529553294181824e-02
2.327152900397777557e-02
9.770196676254272461e-02
1.465987265110015869e-01
9.232142567634582520e-02
6.352467089891433716e-02
-3.196240216493606567e-02
1.523418724536895752e-02
2.177969515323638916e-01
1.505880150943994522e-02
1.357176899909973145e-01
1.592455990612506866e-02
1.438450962305068970e-01
1.297986507415771484e-01
-3.427348285913467407e-02
1.162700504064559937e-01
2.693295180797576904e-01
1.052076816558837891e-01
-6.659038364887237549e-02
1.665952801704406738e-01
3.006750047206878662e-01
1.262176036834716797e-01
-1.169344559311866760e-01
-4.668236896395683289e-02
-6.886038929224014282e-02
1.253934353590011597e-01
1.492650508880615234e-01
-1.049903482198715210e-01
3.128166543319821358e-03
-6.691043078899383545e-02
1.534589231014251709e-01
1.465087980031967163e-01
5.815186724066734314e-02
1.360682100057601929e-01
1.761008203029632568e-01
2.867419086396694183e-02
1.711975634098052979e-01
-7.055088877677917480e-02
3.080299682915210724e-02
8.118388056755065918e-02
-1.355794817209243774e-02
2.678100168704986572e-01
6.747151911258697510e-02
-5.824419111013412476e-02
