-4.371249377727508545e-01
-3.763376176357269287e-01
-5.743097066879272461e-01
-4.380425512790679932e-01
-5.406600832939147949e-01
-5.454481840133666992e-01
-6.011557579040527344e-01
-3.592383861541748047e-01
-4.455504417419433594e-01
-3.608508408069610596e-01
-4.689186811447143555e-01
-3.799052238464355469e-01
-3.914670348167419434e-01
-6.701473593711853027e-01
-6.190586686134338379e-01
-1.806070804595947266e-01
-6.264766454696655273e-01
-2.500497102737426758e-01
-2.667031586170196533e-01
-3.772974610328674316e-01
-7.637141942977905273e-01
-3.051123023033142090e-01
-2.454498410224914551e-01
-4.434424936771392822e-01
-1.508889347314834595e-01
-5.683567523956298828e-01
-5.739253163337707520e-01
-3.231725096702575684e-01
-2.301505953073501587e-01
-3.263899981975555420e-01
-5.939274430274963379e-01
-4.854567945003509521e-01
-5.559596419334411621e-01
-2.046457380056381226e-01
-3.906121253967285156e-01
-6.352084279060363770e-01
-5.099387764930725098e-01
-4.344446957111358643e-01
-3.772480189800262451e-01
-4.639604985713958740e-01
-4.212929010391235352e-01
-3.259420692920684814e-01
-5.950713753700256348e-01
-5.531888008117675781e-01
-5.024472475051879883e-01
-3.715877830982208252e-01
-3.632620275020599365e-01
-2.436251342296600342e-01
-4.333845078945159912e-01
-4.639079272747039795e-01
-5.199456214904785156e-01
-2.690388262271881104e-01
-4.112056493759155273e-01
-1.745952218770980835e-01
-4.654851555824279785e-01
-6.050686240196228027e-01
-3.907094299793243408e-01
-4.520103335380554199e-01
-5.084268450736999512e-01
-4.267335236072540283e-01
-6.422393918037414551e-01
-3.277481794357299805e-01
-4.008643627166748047e-01
-5.294191837310791016e-01
-3.724779784679412842e-01
-1.522388458251953125e-01
-4.852511882781982422e-01
-4.744271934032440186e-01
-4.542227685451507568e-01
-3.497917950153350830e-01
-5.276217460632324219e-01
-6.343567967414855957e-01
-3.604269325733184814e-01
-4.373692870140075684e-01
-5.679072737693786621e-01
-8.007247447967529297e-01
-4.152840673923492432e-01
-2.220043540000915527e-01
-4.454398751258850098e-01
-6.006721854209899902e-01
-5.481678843498229980e-01
-4.072526991367340088e-01
-2.723290324211120605e-01
-5.581895709037780762e-01
-5.542269945144653320e-01
-4.288707971572875977e-01
-6.032277941703796387e-01
-2.371066510677337646e-01
-4.873489439487457275e-01
-4.203072190284729004e-01
-4.750819802284240723e-01
-6.160435080528259277e-01
-5.936062932014465332e-01
-1.668817698955535889e-01
-3.934848606586456299e-01
-5.515621304512023926e-01
-3.825139999389648438e-01
-3.734438121318817139e-01
-4.290373325347900391e-01
-5.122427344322204590e-01
-4.940738081932067871e-01
-3.318123221397399902e-01
-4.983206093311309814e-01
-4.463467895984649658e-01
-4.878938198089599609e-01
-1.669853180646896362e-01
-4.392946064472198486e-01
-2.607403397560119629e-01
-5.165974497795104980e-01
-5.283811092376708984e-01
-3.981992006301879883e-01
-1.757955700159072876e-01
-5.363329052925109863e-01
-4.046252071857452393e-01
-2.875702381134033203e-01
-4.285007715225219727e-01
-4.578777253627777100e-01
-4.464374184608459473e-01
-5.453504920005798340e-01
-2.916717529296875000e-01
-3.306562900543212891e-01
-2.115982919931411743e-01
-5.220327973365783691e-01
-5.699149370193481445e-01
-4.029362499713897705e-01
-3.749093711376190186e-01
-5.689740777015686035e-01
-3.541074693202972412e-01
-6.695751547813415527e-01
-3.705092370510101318e-01
-2.686316967010498047e-01
-7.266294956207275391e-01
-5.652733445167541504e-01
-6.145138740539550781e-01
-4.952013790607452393e-01
-2.670859396457672119e-01
-3.061432242393493652e-01
-6.260085105895996094e-01
-4.171523749828338623e-01
-4.261441528797149658e-01
-3.982958197593688965e-01
-4.918779432773590088e-01
-4.753973484039306641e-01
-5.210697054862976074e-01
-6.344444155693054199e-01
-4.527134299278259277e-01
-2.447626888751983643e-01
-2.340658605098724365e-01
-5.426947474479675293e-01
-3.531355261802673340e-01
-3.698793053627014160e-01
-3.968082368373870850e-01
-2.687587440013885498e-01
-5.422792434692382812e-01
-5.155557990074157715e-01
-3.496942222118377686e-01
-3.055133223533630371e-01
-6.006754040718078613e-01
-3.686896562576293945e-01
-6.369177103042602539e-01
-5.595615506172180176e-01
-6.164865493774414062e-01
-4.903789460659027100e-01
-2.588264346122741699e-01
-8.434331417083740234e-01
-4.855279922485351562e-01
-4.040456712245941162e-01
-2.663551270961761475e-01
-3.772293925285339355e-01
-2.243127673864364624e-01
-3.858203589916229248e-01
-4.649154245853424072e-01
-4.322575926780700684e-01
-3.961442708969116211e-01
-4.034550189971923828e-01
-1.848971545696258545e-01
-5.431996583938598633e-01
-3.919981122016906738e-01
-3.763115704059600830e-01
-6.020281910896301270e-01
-4.778409898281097412e-01
-2.506032288074493408e-01
-6.814747452735900879e-01
-5.577365159988403320e-01
-2.964577972888946533e-01
-1.612035334110260010e-01
-3.238888084888458252e-01
-4.686287939548492432e-01
-4.120900928974151611e-01
-6.083865165710449219e-01
-2.170748263597488403e-01
-3.006907403469085693e-01
-4.233275651931762695e-01
-3.641143739223480225e-01
-4.226486682891845703e-01
-3.524682521820068359e-01
-2.536716163158416748e-01
-4.041281342506408691e-01
-5.272583365440368652e-01
-4.181256294250488281e-01
-3.648084998130798340e-01
-3.114962279796600342e-01
-3.353479802608489990e-01
-6.407532691955566406e-01
-4.009262025356292725e-01
-3.504709303379058838e-01
-4.053747057914733887e-01
-5.270202755928039551e-01
-1.539259254932403564e-01
-2.723997831344604492e-01
-2.815020978450775146e-01
-4.947328865528106689e-01
-4.871851205825805664e-01
-2.259068936109542847e-01
-3.216617703437805176e-01
-5.028640031814575195e-01
-4.919794499874114990e-01
-5.802681446075439453e-01
-3.667117953300476074e-01
-6.084585189819335938e-01
-4.884608685970306396e-01
-4.265617728233337402e-01
-4.236032068729400635e-01
-7.223917841911315918e-01
-5.194972157478332520e-01
-2.878730595111846924e-01
-2.890385389328002930e-01
-3.969606757164001465e-01
-4.443418085575103760e-01
-5.485821962356567383e-01
-5.060887932777404785e-01
-4.996781945228576660e-01
-4.632216691970825195e-01
-4.160134196281433105e-01
-5.267441868782043457e-01
-5.064780116081237793e-01
-3.330725729465484619e-01
-3.314014375209808350e-01
-4.902509152889251709e-01
-3.619838356971740723e-01
-6.670012474060058594e-01
-5.601783394813537598e-01
-1.894589364528656006e-01
-4.935685694217681885e-01
-5.314933061599731445e-01
-4.078533649444580078e-01
-4.878982603549957275e-01
-3.675665557384490967e-01
-6.179334521293640137e-01
-4.946891069412231445e-01
-5.115408301353454590e-01
-2.543628215789794922e-01
-1.494859904050827026e-01
-3.691899478435516357e-01
-5.077480673789978027e-01
-6.255818009376525879e-01
-3.771613538265228271e-01
-4.500231444835662842e-01
-5.042776465415954590e-01
-5.039095282554626465e-01
-5.216457247734069824e-01
-3.642228841781616211e-01
-4.774647951126098633e-01
-3.650772273540496826e-01
-5.606919527053833008e-01
-4.791898131370544434e-01
-2.163421064615249634e-01
-2.908194661140441895e-01
-5.749546885490417480e-01
-4.314094483852386475e-01
-6.928321719169616699e-01
-2.075917869806289673e-01
-4.443641006946563721e-01
-3.165431916713714600e-01
-5.082562565803527832e-01
-5.952524542808532715e-01
-5.753609538078308105e-01
-3.050762116909027100e-01
-3.906448185443878174e-01
-4.565329551696777344e-01
-4.942774474620819092e-01
-3.822484910488128662e-01
-3.161137700080871582e-01
-5.802718400955200195e-01
-2.016947120428085327e-01
-3.081356883049011230e-01
-4.915380179882049561e-01
-6.680760383605957031e-01
-5.133817791938781738e-01
-5.163022279739379883e-01
-5.172237753868103027e-01
-5.669214129447937012e-01
-5.836254358291625977e-01
-5.294660329818725586e-01
-5.125721693038940430e-01
-3.076304197311401367e-01
-5.428895950317382812e-01
-4.482499063014984131e-01
-4.700857102870941162e-01
-3.669449985027313232e-01
