-9.866870641708374023e-01
-7.081176042556762695e-01
-1.661250829696655273e+00
-1.080901384353637695e+00
-5.334182381629943848e-01
-2.102238178253173828e+00
-2.559798002243041992e+00
-1.124596357345581055e+00
-2.372303724288940430e+00
-3.031395196914672852e+00
-1.790704011917114258e+00
-1.760242938995361328e+00
-1.102757692337036133e+00
-2.111035346984863281e+00
-1.431385397911071777e+00
-1.132032275199890137e+00
-2.010325908660888672e+00
-2.537344455718994141e+00
-6.520945429801940918e-01
-1.038906693458557129e+00
-2.122185468673706055e+00
-2.713970243930816650e-01
-9.042316079139709473e-01
-8.716500997543334961e-01
-1.040799975395202637e+00
-1.052894145250320435e-01
-1.181730151176452637e+00
-8.252078294754028320e-01
-9.274263381958007812e-01
-2.459135055541992188e+00
-5.286225676536560059e-01
-4.592741727828979492e-01
-1.455828309059143066e+00
-1.094252824783325195e+00
-2.369633674621582031e+00
-1.338680863380432129e+00
-1.012806415557861328e+00
-1.269957542419433594e+00
-1.546196579933166504e+00
1.858627051115036011e-01
-3.081068038940429688e+00
-2.676562964916229248e-01
-4.283100366592407227e-01
-2.226144552230834961e+00
-1.719940543174743652e+00
-1.628895998001098633e+00
-1.975119471549987793e+00
-2.713702201843261719e+00
-2.798515558242797852e+00
-2.540301084518432617e+00
-1.638880610466003418e+00
-1.045871376991271973e+00
-7.961294054985046387e-01
-1.551741957664489746e+00
-6.089355945587158203e-01
-1.582123279571533203e+00
-1.355656743049621582e+00
-3.154102563858032227e+00
-2.601826429367065430e+00
-2.121098279953002930e+00
-7.804783582687377930e-01
-2.128306865692138672e+00
-8.227679729461669922e-01
-1.821552753448486328e+00
-1.757564425468444824e+00
-2.736130714416503906e+00
-1.241850733757019043e+00
-5.026227235794067383e-01
-2.380708217620849609e+00
-1.973366737365722656e+00
-2.355440855026245117e+00
-1.527260303497314453e+00
-2.247682571411132812e+00
-4.417463243007659912e-01
-5.412393435835838318e-02
-2.286116123199462891e+00
-2.180555343627929688e+00
1.151286885142326355e-01
-1.427095174789428711e+00
-1.936413407325744629e+00
-2.054368019104003906e+00
-2.000749826431274414e+00
-1.651175379753112793e+00
-1.755446314811706543e+00
-3.065507650375366211e+00
-1.445500612258911133e+00
-6.839053630828857422e-01
-6.860765218734741211e-01
-1.091250777244567871e+00
-2.737686395645141602e+00
2.082459926605224609e+00
-1.421044707298278809e+00
-2.034908533096313477e+00
-2.524729013442993164e+00
-1.124345302581787109e+00
-1.541831612586975098e+00
-1.447929143905639648e+00
-1.138416409492492676e+00
-6.131658554077148438e-01
-2.230636358261108398e+00
-2.508409976959228516e+00
-1.305471420288085938e+00
-5.027528405189514160e-01
-2.370423316955566406e+00
-1.438876867294311523e+00
-9.668802022933959961e-01
-8.022848367691040039e-01
-1.018136739730834961e+00
-1.893611192703247070e+00
-3.153256177902221680e+00
-1.987396717071533203e+00
-1.079681754112243652e+00
-2.488281250000000000e+00
-7.588215470314025879e-01
-8.289818167686462402e-01
-2.106104850769042969e+00
-1.803992152214050293e+00
-1.836736440658569336e+00
-1.814536690711975098e+00
-2.511798143386840820e+00
-2.947088241577148438e+00
-6.180355548858642578e-01
-4.394162297248840332e-01
-7.021436095237731934e-01
-1.734212875366210938e+00
-1.567722797393798828e+00
-2.091627597808837891e+00
-8.814458847045898438e-01
-2.039309263229370117e+00
-3.560706138610839844e+00
-2.262327194213867188e+00
-2.611028194427490234e+00
-5.685419440269470215e-01
-1.233255624771118164e+00
-9.269012212753295898e-01
-1.942216396331787109e+00
-7.942008972167968750e-01
-3.737491667270660400e-01
-1.308330893516540527e+00
-2.040925502777099609e+00
-1.999738931655883789e+00
-1.855978071689605713e-01
-1.185139656066894531e+00
-1.458806157112121582e+00
-2.120822906494140625e+00
-2.241409063339233398e+00
-2.138659000396728516e+00
-2.190497636795043945e+00
-2.263181686401367188e+00
-1.220481157302856445e+00
-1.246038436889648438e+00
-7.215847969055175781e-01
-1.774888515472412109e+00
6.712923049926757812e-01
-1.179425954818725586e+00
-2.116878032684326172e+00
-7.328173518180847168e-01
-3.884476721286773682e-01
-1.112982153892517090e+00
-2.412230253219604492e+00
-1.263680696487426758e+00
-2.510584354400634766e+00
-2.166499137878417969e+00
-1.485139608383178711e+00
-1.087395310401916504e+00
-1.742896556854248047e+00
-2.204944133758544922e+00
-1.684292435646057129e+00
-1.749052882194519043e+00
2.745252847671508789e-02
-2.400288105010986328e+00
-5.938732028007507324e-01
-7.788875102996826172e-01
-2.332994461059570312e+00
-8.250858187675476074e-01
-8.883517384529113770e-01
-1.707395434379577637e+00
-1.984105348587036133e+00
-7.062465548515319824e-01
-1.322064876556396484e+00
-1.711028456687927246e+00
-7.646877765655517578e-01
-2.368335247039794922e+00
-3.554836213588714600e-01
-2.610512256622314453e+00
-1.003267645835876465e+00
-1.719751477241516113e+00
-1.507993340492248535e+00
-1.527177214622497559e+00
-1.738206744194030762e+00
-1.987758517265319824e+00
-2.271924912929534912e-01
-2.354516029357910156e+00
-2.217085599899291992e+00
-2.045147866010665894e-02
-2.883501291275024414e+00
-2.560905218124389648e+00
-3.997240960597991943e-01
4.261489808559417725e-01
-1.751142263412475586e+00
-1.731011390686035156e+00
-1.036999821662902832e+00
-2.541533470153808594e+00
-3.421406030654907227e+00
-1.479281187057495117e+00
-5.044717788696289062e-01
-1.883466243743896484e+00
-1.311939716339111328e+00
-2.462350130081176758e+00
-1.300452947616577148e+00
-1.186399221420288086e+00
-1.266587734222412109e+00
-2.315913915634155273e+00
-1.483052611351013184e+00
-1.349658489227294922e+00
-2.865702629089355469e+00
-9.278701543807983398e-01
-2.424705028533935547e+00
-1.057524442672729492e+00
-1.948114871978759766e+00
-8.971590995788574219e-01
-1.515708118677139282e-01
-2.298154592514038086e+00
-2.212712764739990234e+00
-1.726125359535217285e+00
-9.196618199348449707e-01
-2.195267438888549805e+00
-1.829908847808837891e+00
-4.862632602453231812e-02
-2.806921005249023438e+00
-2.232213973999023438e+00
-9.710360169410705566e-01
-1.216412186622619629e+00
-1.171946644783020020e+00
-2.160294294357299805e+00
-2.947942256927490234e+00
-1.071134924888610840e+00
-1.400969147682189941e+00
-9.123252034187316895e-01
-8.219671249389648438e-01
-2.543240971863269806e-02
-1.413085699081420898e+00
-1.642632126808166504e+00
-1.814008712768554688e+00
-1.737211346626281738e+00
-2.140851974487304688e+00
-1.918773412704467773e+00
-1.866277098655700684e+00
-1.697110682725906372e-01
-2.498495101928710938e+00
-1.911928415298461914e+00
-3.886633813381195068e-01
-5.464305281639099121e-01
-2.312446355819702148e+00
-6.921097636222839355e-01
-1.477207183837890625e+00
-1.806359767913818359e+00
-2.843780279159545898e+00
-9.834966063499450684e-01
-3.402659654617309570e+00
-1.561371564865112305e+00
-3.793166875839233398e-01
-1.232425928115844727e+00
-1.776524424552917480e+00
-3.012896060943603516e+00
-1.545230031013488770e+00
-2.968019247055053711e+00
-5.040455460548400879e-01
-1.559132218360900879e+00
-3.568086028099060059e-02
-1.454874634742736816e+00
-1.434130907058715820e+00
-1.077353239059448242e+00
-1.486206293106079102e+00
-2.832494974136352539e+00
-8.893236517906188965e-01
-1.495168089866638184e+00
-1.683088183403015137e+00
-1.287138938903808594e+00
-1.953666687011718750e+00
-1.270416736602783203e+00
-2.506717681884765625e+00
-1.250393152236938477e+00
-2.974946022033691406e+00
2.459360957145690918e-01
-1.555905222892761230e+00
-1.456449151039123535e+00
-9.547407031059265137e-01
-1.555874228477478027e+00
-2.135685682296752930e+00
-1.693114042282104492e+00
-1.718602776527404785e+00
-2.847060441970825195e+00
-1.060711026191711426e+00
-1.456348538398742676e+00
-1.745844960212707520e+00
-2.084567070007324219e+00
-2.388624668121337891e+00
-1.105639576911926270e+00
-2.166839838027954102e+00
