-9.637197107076644897e-02
-1.239845752716064453e-01
-1.542512513697147369e-02
-6.014353036880493164e-02
-1.181464046239852905e-01
-9.239438176155090332e-02
-1.084240823984146118e-01
-7.074186950922012329e-02
4.722912795841693878e-03
-9.619893878698348999e-02
-7.745706290006637573e-02
-6.516648828983306885e-02
-5.931314080953598022e-02
-6.707528978586196899e-02
-1.230877712368965149e-01
-6.093083694577217102e-02
-1.334107220172882080e-01
-9.602760523557662964e-02
-1.046617329120635986e-01
-4.925154149532318115e-02
-5.447537079453468323e-02
-1.327910274267196655e-01
-1.053221747279167175e-01
-4.514165967702865601e-02
-1.215836480259895325e-01
-1.104494482278823853e-01
-8.669055998325347900e-02
-4.136782884597778320e-02
-9.525550156831741333e-02
-3.131378814578056335e-02
-4.165718704462051392e-02
-1.249329298734664917e-01
-2.975848875939846039e-02
-9.209597110748291016e-02
-5.282593145966529846e-02
-4.032873362302780151e-02
-8.145301789045333862e-02
-5.535884946584701538e-02
-1.145400106906890869e-01
-3.642635419964790344e-02
-7.576891034841537476e-02
-1.305989176034927368e-01
-1.180643588304519653e-01
-5.977233126759529114e-02
-1.311203092336654663e-01
-1.336311101913452148e-01
-1.980477944016456604e-02
-4.170542582869529724e-02
-4.320923984050750732e-02
-1.240524724125862122e-01
-6.670486927032470703e-02
-5.366432666778564453e-02
-9.996895492076873779e-02
-7.075650244951248169e-02
-6.833584606647491455e-02
-1.061288937926292419e-01
-1.320707648992538452e-01
-9.145807474851608276e-02
-2.567016892135143280e-02
-4.550219327211380005e-02
-4.774875566363334656e-02
-6.732998043298721313e-02
-1.010146737098693848e-01
-9.747755527496337891e-02
-1.298347115516662598e-01
-1.476382911205291748e-01
-1.281962841749191284e-01
-3.424655646085739136e-02
-1.569594144821166992e-01
-5.505240336060523987e-02
-1.202242672443389893e-01
-1.141595020890235901e-01
-4.601093009114265442e-02
-1.354544460773468018e-01
-1.250267773866653442e-01
-1.449542026966810226e-02
-7.101250439882278442e-02
-1.359262615442276001e-01
-1.360628902912139893e-01
-1.324548274278640747e-01
-1.375514268875122070e-01
-1.014000177383422852e-02
-1.261945813894271851e-01
-8.719879388809204102e-02
-1.053198426961898804e-01
-5.267731845378875732e-02
-3.617209196090698242e-02
-4.785029217600822449e-02
-6.890458613634109497e-02
-9.115922451019287109e-02
-1.483993083238601685e-01
-1.257186084985733032e-01
-9.866547584533691406e-02
-8.558773994445800781e-02
-7.419490814208984375e-02
-9.228003770112991333e-02
-1.080676913261413574e-01
-1.330909579992294312e-01
-1.412367373704910278e-01
-5.770019069314002991e-02
-4.744357615709304810e-02
-6.449251621961593628e-02
-9.700493514537811279e-02
-3.971419855952262878e-02
-1.058753207325935364e-01
-1.080601513385772705e-01
-5.724859982728958130e-02
-6.769314408302307129e-02
-1.114984974265098572e-01
-6.715133041143417358e-02
-1.167813390493392944e-01
-1.111792549490928650e-01
-1.359479874372482300e-01
-1.339555829763412476e-01
-1.548540219664573669e-02
-1.178403571248054504e-01
-3.408433124423027039e-02
-1.326802670955657959e-01
-1.146454811096191406e-01
-7.680887728929519653e-02
-9.444919228553771973e-02
-1.103340461850166321e-01
-7.850714772939682007e-02
-1.199736744165420532e-01
-1.241446137428283691e-01
-1.691352725028991699e-01
-8.071878552436828613e-02
-9.245716780424118042e-02
-8.486160635948181152e-02
-1.476467400789260864e-01
-8.161408454179763794e-02
-8.987493067979812622e-02
-8.437362313270568848e-02
-1.488184928894042969e-01
-4.660545662045478821e-02
-5.256326869130134583e-02
-5.337095633149147034e-02
-1.274231821298599243e-01
-9.939238429069519043e-02
-4.169187322258949280e-02
-5.073294043540954590e-02
-9.897027164697647095e-02
-8.146210014820098877e-02
-8.352336287498474121e-02
-1.371808052062988281e-01
-1.411348730325698853e-01
-2.797300741076469421e-02
-1.405008584260940552e-01
-8.557164669036865234e-02
-4.757504537701606750e-02
-1.045146957039833069e-01
-9.358277916908264160e-02
-1.271181553602218628e-01
-1.325960159301757812e-01
-5.922720581293106079e-02
-1.000044643878936768e-01
-5.779571458697319031e-02
-1.365693360567092896e-01
-6.513022631406784058e-02
-1.035045385360717773e-01
-1.623334288597106934e-01
-7.190588861703872681e-02
-3.528571501374244690e-02
-8.580438047647476196e-02
-5.895422771573066711e-02
-1.390456855297088623e-01
-9.576693177223205566e-02
-2.011127024888992310e-02
-1.033001616597175598e-01
-6.458563357591629028e-02
-1.186891943216323853e-01
-6.246338039636611938e-02
-1.495054177939891815e-02
-1.456570923328399658e-01
-9.143051505088806152e-02
-8.925760537385940552e-02
-1.188052371144294739e-01
-1.046884804964065552e-01
-1.009902060031890869e-01
-6.557939946651458740e-02
-1.206424832344055176e-01
-1.375127881765365601e-01
-4.372171685099601746e-02
-1.535314023494720459e-01
-5.964874103665351868e-02
-2.204786986112594604e-02
-1.223574355244636536e-01
-7.031780481338500977e-02
-1.192617416381835938e-01
-6.376609951257705688e-02
-6.826176494359970093e-02
-8.166299015283584595e-02
-1.356131881475448608e-01
-5.574916303157806396e-02
-9.074893593788146973e-02
-1.094843521714210510e-01
-8.388946950435638428e-02
-8.248656243085861206e-02
-4.203658923506736755e-02
-1.186527535319328308e-01
-1.373382508754730225e-01
-1.574115157127380371e-01
-6.730659306049346924e-02
-7.232403010129928589e-02
-1.020314842462539673e-01
-1.289876699447631836e-01
-9.925560653209686279e-02
-9.228009730577468872e-02
-6.164026260375976562e-02
-1.089323312044143677e-01
-1.186295375227928162e-01
-4.959892109036445618e-02
-2.329711802303791046e-02
-1.345513164997100830e-01
-7.699272781610488892e-02
-9.042515605688095093e-02
-1.498721633106470108e-02
-4.587700963020324707e-02
-4.281611740589141846e-02
-3.804975375533103943e-02
-1.241554692387580872e-01
-4.174988716840744019e-02
-1.350819766521453857e-01
-6.757667660713195801e-02
-1.176752969622612000e-01
-1.231869384646415710e-01
-1.242189630866050720e-01
-7.288385182619094849e-02
-1.270984262228012085e-01
-6.153671070933341980e-02
-8.278403431177139282e-02
-6.158927828073501587e-02
-9.119779616594314575e-02
-5.654371902346611023e-02
-1.105572357773780823e-01
-1.134989112615585327e-01
-1.135243326425552368e-01
-1.057120040059089661e-01
-3.435619920492172241e-02
-7.338549196720123291e-02
-1.080582663416862488e-01
-1.297771632671356201e-01
-4.004084691405296326e-02
-1.322479844093322754e-01
-6.225486844778060913e-02
-6.601133197546005249e-02
-5.589465051889419556e-02
-9.130611270666122437e-02
-1.255581378936767578e-01
-1.001836657524108887e-01
-6.802618503570556641e-02
-8.566132187843322754e-02
-1.069268882274627686e-01
-1.106334105134010315e-01
-4.420058056712150574e-02
-1.164440587162971497e-01
-8.492893725633621216e-02
-5.945328995585441589e-02
-3.199357911944389343e-02
-8.463118970394134521e-02
-5.305718258023262024e-02
-6.873802840709686279e-02
-1.280654072761535645e-01
-1.031655296683311462e-01
-1.390080153942108154e-01
-9.198622405529022217e-02
-1.002622544765472412e-01
-5.149412527680397034e-02
-1.372518688440322876e-01
-1.018471792340278625e-01
-1.258491426706314087e-01
-2.352926507592201233e-02
-1.539255231618881226e-01
-3.984349593520164490e-02
-4.978207871317863464e-02
-3.084328584372997284e-02
-6.160309910774230957e-02
-1.241280511021614075e-01
-1.361150741577148438e-01
-6.937928497791290283e-02
-1.349642723798751831e-01
-8.987345546483993530e-02
-5.233447253704071045e-02
-2.799055725336074829e-02
-7.796878367662429810e-02
-4.242173582315444946e-02
-1.112888455390930176e-01
-8.192323893308639526e-02
-7.959672808647155762e-02
-1.459544003009796143e-01
-3.630001097917556763e-02
-4.418248683214187622e-02
-1.113010123372077942e-01
-7.508749514818191528e-02
-7.783130556344985962e-02
-7.597704231739044189e-02
-7.165137678384780884e-02
-7.375314086675643921e-02
-8.178807795047760010e-02
-6.813953816890716553e-02
