-5.649468302726745605e-01
-4.765876829624176025e-01
-3.205616772174835205e-01
-5.900712609291076660e-01
-2.858255803585052490e-01
-3.945406079292297363e-01
-1.382979154586791992e-01
-4.409908950328826904e-01
-3.855337202548980713e-01
-2.806888520717620850e-01
-4.025022685527801514e-01
-4.872554838657379150e-01
-8.530814945697784424e-02
-5.355376601219177246e-01
-5.883981585502624512e-01
-5.129322037100791931e-02
-1.007964536547660828e-01
-5.023247599601745605e-01
-2.230206131935119629e-01
-4.332737028598785400e-01
-5.403886437416076660e-01
-3.512387275695800781e-01
-3.045681416988372803e-01
-2.986769974231719971e-01
-3.134844601154327393e-01
-3.050872385501861572e-01
-2.412678301334381104e-01
-4.878632426261901855e-01
-3.687384724617004395e-01
-4.673569202423095703e-01
-3.263970017433166504e-01
-4.086555838584899902e-01
-5.141867399215698242e-01
-4.685254395008087158e-01
-4.799598455429077148e-01
-4.529882967472076416e-01
-3.271190226078033447e-01
-5.331406593322753906e-01
-3.910985291004180908e-01
-4.199431240558624268e-01
-3.320043981075286865e-01
-4.832509458065032959e-01
-2.087617665529251099e-01
-4.326305687427520752e-01
-3.845805227756500244e-01
-6.282215714454650879e-01
-2.910932004451751709e-01
-4.649947881698608398e-01
-4.184766411781311035e-01
-4.733215868473052979e-01
-5.395433902740478516e-01
-5.171341896057128906e-01
-2.448752820491790771e-01
-4.695074856281280518e-01
-2.643713355064392090e-01
-3.805366158485412598e-01
-5.158798098564147949e-01
-1.591201424598693848e-01
-2.370841354131698608e-01
-3.174423277378082275e-01
-3.956303894519805908e-01
-3.285447359085083008e-01
-4.803620278835296631e-01
-1.924667507410049438e-01
-4.731712937355041504e-01
-4.505750834941864014e-01
-4.399910569190979004e-01
-4.548030793666839600e-01
-4.450489282608032227e-01
-3.783873021602630615e-01
-5.805191993713378906e-01
-4.380657374858856201e-01
-5.760544538497924805e-01
-3.988506495952606201e-01
-3.913649618625640869e-01
-5.629773736000061035e-01
-5.614060759544372559e-01
-6.752264499664306641e-01
-2.330741584300994873e-01
-6.354021430015563965e-01
-4.546037316322326660e-01
-4.760388433933258057e-01
-3.618629574775695801e-01
-5.453066825866699219e-01
-5.149227976799011230e-01
-4.820566177368164062e-01
-4.493275880813598633e-01
-3.778549432754516602e-01
-4.994909763336181641e-01
-4.265849888324737549e-01
-5.258598327636718750e-01
-4.131540358066558838e-01
-3.339833021163940430e-01
-3.028349876403808594e-01
-5.895738005638122559e-01
-3.938649594783782959e-01
-5.206612944602966309e-01
-5.397382378578186035e-01
-3.494800031185150146e-01
-6.727804541587829590e-01
-4.189377725124359131e-01
-3.150006830692291260e-01
-1.116239652037620544e-01
-2.261444479227066040e-01
-3.039855659008026123e-01
-6.568456292152404785e-01
-2.845400273799896240e-01
-4.759598672389984131e-01
-4.271864593029022217e-01
-2.136316597461700439e-01
-3.102502524852752686e-01
-1.052492335438728333e-01
-4.176356196403503418e-01
-3.195457458496093750e-01
-4.321857094764709473e-01
-5.234038829803466797e-01
-5.250495672225952148e-01
-5.742164850234985352e-01
-2.544265091419219971e-01
-2.549473047256469727e-01
-4.061606824398040771e-01
-5.552496314048767090e-01
-3.558582663536071777e-01
-6.606941223144531250e-01
-6.569337248802185059e-01
-2.985140681266784668e-01
-4.298726618289947510e-01
-4.052675068378448486e-01
-3.933092653751373291e-01
-3.466172218322753906e-01
-5.013125538825988770e-01
-2.842864096164703369e-01
-2.817311584949493408e-01
-3.086287677288055420e-01
-3.644374907016754150e-01
-5.461615920066833496e-01
-4.729745090007781982e-01
-3.268541395664215088e-01
-1.580057442188262939e-01
-5.454426407814025879e-01
-4.341051280498504639e-01
-5.931409597396850586e-01
-6.301774978637695312e-01
-7.035889625549316406e-01
-4.864897727966308594e-01
-4.704710841178894043e-01
-3.626832962036132812e-01
-6.351132988929748535e-01
-3.683842718601226807e-01
-4.811518192291259766e-01
-3.595697581768035889e-01
-4.271748960018157959e-01
-5.371856093406677246e-01
-3.199813663959503174e-01
-4.675322473049163818e-01
-3.642447292804718018e-01
-5.396170616149902344e-01
-5.723922848701477051e-01
-5.929706692695617676e-01
-2.227847129106521606e-01
-4.645438492298126221e-01
-5.353646874427795410e-01
-3.166607320308685303e-01
-3.840223550796508789e-01
-6.713865399360656738e-01
-5.933360457420349121e-01
-1.962710916996002197e-01
-2.290612310171127319e-01
-6.423609256744384766e-01
-1.998378485441207886e-01
-3.744191229343414307e-01
-2.964940071105957031e-01
-4.744201898574829102e-01
-2.185201495885848999e-01
-5.778384804725646973e-01
-4.519830048084259033e-01
-8.147491216659545898e-01
-3.354401290416717529e-01
-5.234717726707458496e-01
-3.987538814544677734e-01
-3.014431297779083252e-01
-6.115927100181579590e-01
-5.558255314826965332e-01
-2.709404528141021729e-01
-4.017323255538940430e-01
-2.747193872928619385e-01
-4.036425948143005371e-01
-4.595960676670074463e-01
-4.819120466709136963e-01
-4.574893414974212646e-01
-5.219963192939758301e-01
-4.501243829727172852e-01
-5.678852796554565430e-01
-3.278984427452087402e-01
-3.273741006851196289e-01
-4.633755087852478027e-01
-3.851545155048370361e-01
-5.202707648277282715e-01
-4.777201712131500244e-01
-4.954157471656799316e-01
-3.748485743999481201e-01
-5.638777017593383789e-01
-5.633330941200256348e-01
-3.930633068084716797e-01
-5.193152427673339844e-01
-6.474308371543884277e-01
-5.390060544013977051e-01
-3.944262564182281494e-01
-5.689850449562072754e-01
-3.046282529830932617e-01
-3.181458711624145508e-01
-2.853454053401947021e-01
-4.386223554611206055e-01
-3.226208686828613281e-01
-5.557144284248352051e-01
-4.698842763900756836e-01
-5.084138512611389160e-01
-4.282415509223937988e-01
-3.624607324600219727e-01
-1.478060036897659302e-01
-6.100533604621887207e-01
-6.535657048225402832e-01
-3.435761630535125732e-01
-5.327949523925781250e-01
-4.961504340171813965e-01
-5.918565392494201660e-01
-3.310322761535644531e-01
-4.134872853755950928e-01
-2.717392146587371826e-01
-4.895957112312316895e-01
-5.507230162620544434e-01
-5.386120080947875977e-01
-6.086433529853820801e-01
-4.916728734970092773e-01
-4.502213001251220703e-01
-4.790377020835876465e-01
-4.552651643753051758e-01
-4.821071028709411621e-01
-4.598593115806579590e-01
-1.531399786472320557e-01
-4.577422738075256348e-01
-3.705336153507232666e-01
-4.150699377059936523e-01
-4.529068470001220703e-01
-3.143470287322998047e-01
-5.811285376548767090e-01
-4.287038445472717285e-01
-4.731439650058746338e-01
-3.771419525146484375e-01
-5.478238463401794434e-01
-4.241450428962707520e-01
-3.205864429473876953e-01
-2.102065384387969971e-01
-4.508866369724273682e-01
-2.959833443164825439e-01
-3.653782010078430176e-01
-4.240129590034484863e-01
-3.334006369113922119e-01
-4.723356962203979492e-01
-4.116640388965606689e-01
-4.975492060184478760e-01
-2.197986990213394165e-01
-3.737574517726898193e-01
-2.499598115682601929e-01
-3.983762562274932861e-01
-2.648772895336151123e-01
-4.061584174633026123e-01
-3.744204640388488770e-01
-2.438549995422363281e-01
-5.131728649139404297e-01
-5.146516561508178711e-01
-2.716999053955078125e-01
-3.295786976814270020e-01
-5.434678196907043457e-01
-3.415479660034179688e-01
-3.344705104827880859e-01
-3.083553314208984375e-01
-4.341883063316345215e-01
-4.801111817359924316e-01
-3.383227586746215820e-01
-5.726807117462158203e-01
-2.425532191991806030e-01
-2.076916396617889404e-01
-3.706027865409851074e-01
-3.224759995937347412e-01
-4.001040160655975342e-01
-3.082509934902191162e-01
-4.885147511959075928e-01
-4.188545644283294678e-01
-2.653227150440216064e-01
-4.398239552974700928e-01
-2.623813152313232422e-01
-5.642061829566955566e-01
-3.219467997550964355e-01
-4.768624603748321533e-01
-4.986494779586791992e-01
-5.603995323181152344e-01
-4.540099203586578369e-01
-3.964422941207885742e-01
-3.898332715034484863e-01
