-4.760763943195343018e-01
-6.555188894271850586e-01
-8.652060031890869141e-01
-1.200602293014526367e+00
-8.397359848022460938e-01
-7.758238911628723145e-01
-9.075071215629577637e-01
-1.147221326828002930e+00
-6.351130008697509766e-01
-7.925965785980224609e-01
-1.013118863105773926e+00
-1.093664646148681641e+00
-8.026599884033203125e-01
-1.082458138465881348e+00
-9.440133571624755859e-01
-7.557306885719299316e-01
-8.581358790397644043e-01
-8.973121047019958496e-01
-5.338131785392761230e-01
-1.135372757911682129e+00
-1.037358880043029785e+00
-8.846988677978515625e-01
-7.400014400482177734e-01
-5.952088236808776855e-01
-1.109216451644897461e+00
-7.610504627227783203e-01
-8.419681191444396973e-01
-1.097993612289428711e+00
-7.568368315696716309e-01
-9.754938483238220215e-01
-1.134478092193603516e+00
-6.342475414276123047e-01
-9.394161701202392578e-01
-1.195912599563598633e+00
-1.155017495155334473e+00
-7.140506505966186523e-01
-9.795028567314147949e-01
-7.955724596977233887e-01
-7.167438268661499023e-01
-9.087466001510620117e-01
-6.500208377838134766e-01
-1.029604554176330566e+00
-7.920407652854919434e-01
-7.925944924354553223e-01
-8.072938323020935059e-01
-8.173757195472717285e-01
-1.170998692512512207e+00
-9.710056185722351074e-01
-7.160964608192443848e-01
-8.690277934074401855e-01
-1.073215961456298828e+00
-7.137435674667358398e-01
-4.967165887355804443e-01
-4.740309715270996094e-01
-5.461695790290832520e-01
-5.296356081962585449e-01
-9.290611147880554199e-01
-6.089786887168884277e-01
-1.281566381454467773e+00
-6.929736733436584473e-01
-1.152806997299194336e+00
-1.385082602500915527e+00
-1.092136740684509277e+00
-8.107467293739318848e-01
-6.829905509948730469e-01
-9.729763269424438477e-01
-1.363469958305358887e+00
-1.514977216720581055e+00
-8.422683477401733398e-01
-1.046613216400146484e+00
-3.124669194221496582e-01
-3.352388739585876465e-01
-7.566196918487548828e-01
-6.841526031494140625e-01
-5.254076719284057617e-01
-5.524241924285888672e-01
-1.082488059997558594e+00
-4.932388961315155029e-01
-6.782435774803161621e-01
-1.026885986328125000e+00
-7.083325386047363281e-01
-1.193679571151733398e+00
-1.142410039901733398e+00
-1.060857534408569336e+00
-9.557071328163146973e-01
-4.379718005657196045e-01
-6.876400709152221680e-01
-1.189313411712646484e+00
-4.891377985477447510e-01
-1.152501940727233887e+00
-1.273278474807739258e+00
-3.049184083938598633e-01
-3.422669470310211182e-01
-4.566569924354553223e-01
-7.462299466133117676e-01
-1.031177520751953125e+00
-1.121319293975830078e+00
-5.988505482673645020e-01
-1.020316243171691895e+00
-6.838819980621337891e-01
-8.759745359420776367e-01
-1.446544766426086426e+00
-9.241438508033752441e-01
-7.240695953369140625e-01
-1.019096732139587402e+00
-9.184376001358032227e-01
-1.288040518760681152e+00
-7.966796755790710449e-01
-1.003285050392150879e+00
-6.980458498001098633e-01
-5.759985446929931641e-01
-9.563941955566406250e-01
-6.668474078178405762e-01
-8.416535258293151855e-01
-5.357156395912170410e-01
-1.001967668533325195e+00
-9.279699325561523438e-01
-5.778610110282897949e-01
-1.285922765731811523e+00
-9.034698009490966797e-01
-6.070039868354797363e-01
-6.253537535667419434e-01
-8.186179399490356445e-01
-3.813602924346923828e-01
-7.942373156547546387e-01
-3.439191877841949463e-01
-6.925346851348876953e-01
-5.140331983566284180e-01
-8.402129411697387695e-01
-6.928489804267883301e-01
-7.125831842422485352e-01
-2.728494703769683838e-01
-5.293413996696472168e-01
-4.804971516132354736e-01
-7.881051898002624512e-01
-1.484663248062133789e+00
-1.198641180992126465e+00
-6.131553053855895996e-01
-6.135760545730590820e-01
-1.513010561466217041e-01
-2.340157143771648407e-02
-1.298896193504333496e+00
-8.704831004142761230e-01
-9.955337047576904297e-01
-1.249483346939086914e+00
-8.513708710670471191e-01
-7.531127929687500000e-01
-9.723389148712158203e-01
-1.117050886154174805e+00
-7.075116038322448730e-01
-1.251592397689819336e+00
-7.648569345474243164e-01
-7.112261652946472168e-01
-8.066667318344116211e-01
-1.183323502540588379e+00
-1.360810875892639160e+00
-9.191138744354248047e-01
-1.038108348846435547e+00
-7.324722409248352051e-01
-5.121099948883056641e-01
-1.263876199722290039e+00
-6.809348464012145996e-01
-6.381487250328063965e-01
-1.174116611480712891e+00
-8.376521468162536621e-01
-6.097651720046997070e-01
-4.517968595027923584e-01
-7.131672501564025879e-01
-7.845760583877563477e-01
-6.769016981124877930e-01
-1.003070116043090820e+00
-6.348488330841064453e-01
-1.226592302322387695e+00
-3.671706914901733398e-01
-4.061813354492187500e-01
-1.188290715217590332e+00
-1.578018426895141602e+00
-1.083618640899658203e+00
-1.165523409843444824e+00
-9.408805370330810547e-01
-8.473473191261291504e-01
-7.445937395095825195e-01
-7.432941198348999023e-01
-4.433707892894744873e-01
-1.240568161010742188e+00
-1.182090640068054199e+00
-1.267773509025573730e+00
-5.972040891647338867e-01
-1.412808597087860107e-01
-8.657468557357788086e-01
-8.531531095504760742e-01
-1.095524311065673828e+00
-1.011865139007568359e+00
-8.600562810897827148e-01
-7.214347124099731445e-01
-6.522871255874633789e-01
-7.435187697410583496e-01
-1.118243455886840820e+00
-1.131775140762329102e+00
-2.125580906867980957e-01
-5.266164541244506836e-01
-6.357489824295043945e-01
-7.497007250785827637e-01
-1.267378091812133789e+00
-6.817610263824462891e-01
-1.254943728446960449e+00
-1.052117705345153809e+00
-8.985158801078796387e-01
-1.026280283927917480e+00
-1.565625965595245361e-01
-7.161594629287719727e-01
-8.548906445503234863e-01
-9.732103347778320312e-01
-5.989227890968322754e-01
-9.077394604682922363e-01
-8.345192074775695801e-01
-8.559624552726745605e-01
-1.131220221519470215e+00
-1.232099652290344238e+00
-8.557153344154357910e-01
-5.805147886276245117e-01
-6.295804381370544434e-01
-4.666713774204254150e-01
-9.630408883094787598e-01
-7.615811228752136230e-01
-7.581295967102050781e-01
-7.075855731964111328e-01
-8.627794981002807617e-01
-1.111437082290649414e+00
-6.359413862228393555e-01
-8.577242493629455566e-01
-1.619205325841903687e-01
-6.698001027107238770e-01
-1.366232275962829590e+00
-1.106219291687011719e+00
-8.935436606407165527e-01
-6.473833918571472168e-01
-4.787327945232391357e-01
-8.183744549751281738e-01
-1.097429275512695312e+00
-6.705991625785827637e-01
-3.204132020473480225e-01
-1.508751869201660156e+00
-1.017813801765441895e+00
-9.964991211891174316e-01
-5.979434251785278320e-01
-1.310114264488220215e+00
-7.000010013580322266e-01
-3.613480627536773682e-01
-4.690592288970947266e-01
-1.336747646331787109e+00
-1.507610201835632324e+00
-5.001069903373718262e-01
-4.413873553276062012e-01
-8.472844958305358887e-01
-1.208432674407958984e+00
-8.581293821334838867e-01
-7.357392311096191406e-01
-1.282984018325805664e+00
-8.583075404167175293e-01
-6.399733424186706543e-01
-9.028152823448181152e-01
-1.367831110954284668e+00
-4.797762334346771240e-01
-9.760439991950988770e-01
-9.833990335464477539e-01
-9.534462094306945801e-01
-7.976819872856140137e-01
-2.197059541940689087e-01
-2.095767706632614136e-01
-9.254449009895324707e-01
-5.936084985733032227e-01
-7.474457025527954102e-01
-1.066303968429565430e+00
-2.253881841897964478e-01
-1.123177170753479004e+00
-5.640947818756103516e-01
-6.135141253471374512e-01
-6.804495453834533691e-01
-4.538685381412506104e-01
-9.717020392417907715e-01
-9.158844947814941406e-01
-9.197223782539367676e-01
-6.426850557327270508e-01
-8.787274360656738281e-01
-1.810057640075683594e+00
-7.659410238265991211e-01
-1.118981957435607910e+00
-8.704698681831359863e-01
-1.240185022354125977e+00
-9.077998399734497070e-01
-8.554995656013488770e-01
-6.839485764503479004e-01
-7.123994231224060059e-01
-7.226157784461975098e-01
-1.178270816802978516e+00
-1.156239151954650879e+00
-5.897350907325744629e-01
-5.269376039505004883e-01
-7.612536549568176270e-01
