2.351722866296768188e-02
-4.349562153220176697e-02
-6.046512350440025330e-02
-1.936965249478816986e-02
-1.522274967283010483e-02
7.721843570470809937e-02
-2.035485580563545227e-02
1.460537966340780258e-02
2.564215846359729767e-02
4.800227005034685135e-03
-4.821090400218963623e-02
1.454675197601318359e-02
-6.543648778460919857e-04
1.134862564504146576e-02
-2.588174492120742798e-02
-5.636912584304809570e-02
5.148065742105245590e-03
7.955475151538848877e-02
2.387421904131770134e-03
5.959147587418556213e-03
3.925944492220878601e-02
-9.986672550439834595e-03
7.695227861404418945e-02
-3.780024126172065735e-02
1.157067995518445969e-02
4.808892309665679932e-02
9.507923386991024017e-03
-4.544344916939735413e-02
7.123181596398353577e-03
1.239950582385063171e-02
6.103434786200523376e-02
-8.359507657587528229e-03
-1.979232765734195709e-02
4.303044080734252930e-02
-7.690632250159978867e-03
2.231680043041706085e-02
-1.953732222318649292e-03
4.943760111927986145e-02
1.486791577190160751e-02
4.289318621158599854e-02
-5.392883345484733582e-02
-7.034367881715297699e-03
8.010265417397022247e-03
3.447547322139143944e-03
-5.893391557037830353e-03
-6.482685357332229614e-02
-4.672814160585403442e-02
-6.025022268295288086e-02
3.593199327588081360e-02
-2.310347557067871094e-02
2.336579374969005585e-02
-5.113553628325462341e-02
3.032228164374828339e-02
7.214541733264923096e-02
2.309372648596763611e-02
-6.506744772195816040e-03
1.935233362019062042e-02
-3.553698584437370300e-02
4.736687242984771729e-02
-8.536618202924728394e-03
1.715100929141044617e-02
3.397584334015846252e-02
-7.544448599219322205e-03
-1.002756971865892410e-02
1.045519951730966568e-02
-4.096349235624074936e-03
3.876193985342979431e-02
1.583070866763591766e-02
9.241296909749507904e-03
-5.314289033412933350e-02
-1.920832507312297821e-02
2.479957416653633118e-02
-4.790091514587402344e-02
1.222885400056838989e-02
1.408062037080526352e-02
-1.400746498256921768e-02
7.574203424155712128e-03
-4.396298527717590332e-02
-4.429385066032409668e-03
-5.143391340970993042e-02
-9.673760272562503815e-03
-4.290449246764183044e-02
1.246795058250427246e-02
-6.269121542572975159e-03
-5.242415890097618103e-02
5.525839515030384064e-04
1.086159516125917435e-02
-5.319564417004585266e-02
3.295861557126045227e-02
1.315579377114772797e-02
2.528343349695205688e-02
1.141293067485094070e-02
2.139172889292240143e-02
-2.560245245695114136e-02
-5.252432078123092651e-03
1.946016028523445129e-02
3.310155868530273438e-02
-1.994040329009294510e-03
6.654119491577148438e-02
1.056764833629131317e-02
-5.081963539123535156e-02
-3.160952776670455933e-02
-3.514422476291656494e-02
-3.694915398955345154e-02
1.756849326193332672e-02
3.725743293762207031e-02
2.576581947505474091e-02
-2.083295956254005432e-03
-4.819583892822265625e-02
6.334774941205978394e-02
-3.164687380194664001e-02
-2.850162098184227943e-03
-4.464207217097282410e-02
5.480444431304931641e-02
-2.307676523923873901e-02
-1.326374858617782593e-01
-4.881891421973705292e-03
-1.078070490621030331e-03
-1.982087455689907074e-02
4.634409397840499878e-02
-2.517304196953773499e-02
6.931173056364059448e-02
-4.774499218910932541e-03
3.858179599046707153e-02
3.711304441094398499e-02
-5.936854705214500427e-02
6.012717634439468384e-02
1.743617653846740723e-02
-8.529580198228359222e-03
1.747811958193778992e-02
5.611190572381019592e-02
2.420490980148315430e-02
2.318098768591880798e-02
5.063512176275253296e-02
1.077140569686889648e-01
-6.686155498027801514e-02
-1.452320162206888199e-02
-1.110819261521100998e-02
-3.802061453461647034e-02
2.382281702011823654e-03
4.474022984504699707e-02
6.236549839377403259e-02
2.133608795702457428e-02
4.148469492793083191e-02
-4.434057977050542831e-03
1.077673048712313175e-03
-3.858398273587226868e-02
1.778312586247920990e-02
2.236334234476089478e-02
1.295008789747953415e-02
-1.503668539226055145e-02
-2.555880695581436157e-02
-1.032365486025810242e-02
8.962846547365188599e-02
2.313827164471149445e-02
1.993853133171796799e-03
1.945901848375797272e-02
6.211707741022109985e-02
8.091279864311218262e-02
2.846298925578594208e-02
5.346959084272384644e-02
3.924888372421264648e-02
5.949892476201057434e-02
4.981295019388198853e-02
2.038008347153663635e-02
-1.493377611041069031e-02
-7.837619632482528687e-02
-7.301893830299377441e-02
1.814334420487284660e-03
-2.756141684949398041e-02
1.988481916487216949e-02
-3.214723244309425354e-02
1.576097332872450352e-03
-1.772344857454299927e-02
9.547732770442962646e-03
-3.885354846715927124e-02
-6.974891293793916702e-03
4.032348096370697021e-02
5.822568759322166443e-02
-1.151600480079650879e-02
-9.825754910707473755e-03
5.106324702501296997e-02
-3.289475291967391968e-02
-8.549652248620986938e-02
-5.314805358648300171e-02
4.954607039690017700e-02
-4.577458277344703674e-02
-4.717643186450004578e-02
3.489500610157847404e-03
-6.764991581439971924e-02
1.347054447978734970e-02
-2.530108671635389328e-03
-2.878550207242369652e-03
-4.479970037937164307e-02
3.719382360577583313e-02
-6.566942203789949417e-03
-9.814715012907981873e-03
-1.548560801893472672e-02
4.538779333233833313e-02
-1.395270973443984985e-02
-1.399125345051288605e-02
-1.304123667068779469e-03
-4.466687515377998352e-02
6.838645040988922119e-02
1.860329508781433105e-02
6.921319436514750123e-05
-1.507368870079517365e-02
2.676239795982837677e-02
-1.008220836520195007e-01
1.719745062291622162e-02
6.746381521224975586e-02
4.685235023498535156e-02
5.270476453006267548e-03
2.489944919943809509e-02
5.690021067857742310e-02
1.888144388794898987e-02
2.304313890635967255e-02
-4.811628023162484169e-04
3.791915252804756165e-02
-6.428109481930732727e-03
-1.077189203351736069e-02
7.008437998592853546e-03
1.628179848194122314e-02
1.584889180958271027e-02
3.774362057447433472e-02
3.248189762234687805e-02
5.639206245541572571e-02
3.296139463782310486e-02
-2.868545241653919220e-02
5.214337259531021118e-03
-1.532980706542730331e-02
1.468654256314039230e-03
-2.644610218703746796e-02
7.610568404197692871e-02
1.388181839138269424e-02
5.395342409610748291e-02
2.584191411733627319e-02
-3.377668932080268860e-02
-6.213250756263732910e-02
-3.755404427647590637e-02
7.373135536909103394e-02
-2.217717655003070831e-02
-5.777225270867347717e-02
-1.792379096150398254e-02
6.898234039545059204e-02
7.132764160633087158e-02
2.308067400008440018e-03
3.182110562920570374e-02
4.857829958200454712e-02
-2.235388569533824921e-02
7.076844573020935059e-02
3.144270554184913635e-02
8.876536041498184204e-03
2.357521839439868927e-02
-1.417198870331048965e-02
8.901318535208702087e-03
7.984769530594348907e-03
1.036292966455221176e-02
-7.207742333412170410e-02
1.100841164588928223e-02
1.340183429419994354e-02
-1.519986335188150406e-02
-4.509858787059783936e-02
4.478814452886581421e-02
-2.759196236729621887e-02
-2.681768685579299927e-02
-1.346782594919204712e-02
-6.998516619205474854e-02
3.031242452561855316e-02
-7.859589904546737671e-02
3.892918676137924194e-02
2.309068664908409119e-02
5.149950459599494934e-02
-4.253382608294487000e-02
-1.676247571595013142e-03
-2.182591892778873444e-02
1.280406210571527481e-02
-3.638407960534095764e-02
2.331015095114707947e-02
-1.721889711916446686e-02
-2.878372371196746826e-02
-1.085001323372125626e-02
1.671819249168038368e-03
4.529914632439613342e-02
-4.383002966642379761e-02
-5.775575060397386551e-03
2.496085688471794128e-02
2.017951570451259613e-02
-5.778894573450088501e-02
1.306994408369064331e-01
6.596279144287109375e-02
1.153970062732696533e-01
-1.828091591596603394e-02
4.083240777254104614e-02
-1.020063832402229309e-02
5.500723421573638916e-02
4.006192088127136230e-02
-9.442527079954743385e-04
2.749889157712459564e-03
7.241158280521631241e-03
