-1.450870227813720703e+01
-1.035409832000732422e+01
-5.839679241180419922e+00
-1.406402206420898438e+01
-1.327155685424804688e+01
-1.319122409820556641e+01
-1.090932941436767578e+01
-5.097859382629394531e+00
-1.667104530334472656e+01
-5.245946884155273438e+00
-8.073171615600585938e+00
1.442267298698425293e+00
-7.652611255645751953e+00
-1.183966445922851562e+01
-4.644187927246093750e+00
-7.885653495788574219e+00
9.168561697006225586e-01
2.298387527465820312e+00
5.930372238159179688e+00
9.385881423950195312e+00
-2.849025964736938477e+00
5.385983943939208984e+00
-5.814937114715576172e+00
-4.177098751068115234e+00
-2.575129032135009766e+00
-3.810778617858886719e+00
1.218881607055664062e+01
-1.369142246246337891e+01
-7.501542091369628906e+00
-3.095637083053588867e+00
-7.211036682128906250e+00
-1.135274600982666016e+01
-5.089001178741455078e+00
-1.709002304077148438e+01
-6.415636062622070312e+00
4.401192665100097656e+00
-2.731596708297729492e+00
-2.574063062667846680e+00
-7.690078735351562500e+00
-4.961126327514648438e+00
-9.731677055358886719e+00
-9.578269004821777344e+00
-3.698087453842163086e+00
-3.588533774018287659e-02
-7.464462280273437500e+00
-9.854120254516601562e+00
-1.277380371093750000e+01
-2.598540544509887695e+00
-4.879408359527587891e+00
7.261176586151123047e+00
-4.232173442840576172e+00
-1.101135540008544922e+01
2.161849021911621094e+00
-6.588198184967041016e+00
-9.795663356781005859e-01
9.407061934471130371e-01
4.422278702259063721e-01
3.079648494720458984e+00
-9.518046379089355469e+00
-8.144788742065429688e+00
-8.196595191955566406e+00
-2.847542762756347656e+00
6.848388671875000000e+00
-4.332401275634765625e+00
-6.888921260833740234e+00
-1.150932025909423828e+01
-1.386348342895507812e+01
-4.955296218395233154e-02
2.355038821697235107e-01
-2.662475585937500000e+00
-1.798582458496093750e+01
-5.728702545166015625e+00
8.617817878723144531e+00
-1.221381950378417969e+01
-9.600061416625976562e+00
2.236633002758026123e-01
2.654623746871948242e+00
-5.847857952117919922e+00
1.783619403839111328e+00
-1.135578250885009766e+01
-5.353190422058105469e+00
4.393902719020843506e-01
-5.650418281555175781e+00
-7.589634418487548828e+00
4.080947399139404297e+00
-1.076944065093994141e+01
-1.077579021453857422e+01
-1.832895517349243164e+00
3.477103710174560547e+00
-6.189840316772460938e+00
-5.428274869918823242e-01
-5.707974910736083984e+00
-2.936576843261718750e+00
-1.415647506713867188e+01
5.422250032424926758e-01
-1.462109088897705078e+00
-3.583512306213378906e+00
-3.641949892044067383e+00
8.147701263427734375e+00
1.248169660568237305e+00
-1.093536472320556641e+01
-1.510141181945800781e+01
-2.798007011413574219e+00
-1.013568782806396484e+01
-1.045002937316894531e+01
-1.632573699951171875e+01
5.060821771621704102e-01
5.541537284851074219e+00
-7.924345016479492188e+00
-8.177459716796875000e+00
6.274214267730712891e+00
-5.273435592651367188e+00
-1.505313491821289062e+01
-5.477183341979980469e+00
-8.355976104736328125e+00
3.428418397903442383e+00
-1.143427753448486328e+01
-9.083813667297363281e+00
-1.545674610137939453e+01
-8.623905181884765625e+00
-7.638173580169677734e+00
-8.471915245056152344e+00
-4.997354745864868164e-01
-9.379203796386718750e+00
-1.723275065422058105e+00
-1.019550514221191406e+01
-3.431012153625488281e+00
-8.298257827758789062e+00
-4.658649921417236328e+00
-8.916143417358398438e+00
-5.070091724395751953e+00
2.498690605163574219e+00
-2.807758748531341553e-01
5.115242600440979004e-01
1.271807098388671875e+01
-1.292094230651855469e+01
-7.931834697723388672e+00
-8.242859840393066406e+00
-1.754242300987243652e+00
-8.525832176208496094e+00
-1.859404563903808594e+01
-1.040965080261230469e+01
-5.172986984252929688e+00
-8.007277488708496094e+00
-6.805545806884765625e+00
1.371806383132934570e+00
-4.153079986572265625e+00
8.671968460083007812e+00
-1.190214061737060547e+01
-4.974422931671142578e+00
-6.249611377716064453e+00
-1.375802707672119141e+01
1.375953555107116699e+00
2.013349384069442749e-01
-1.233732318878173828e+01
-8.906147003173828125e+00
2.175305843353271484e+00
-3.382161855697631836e+00
-2.861231327056884766e+00
-1.228255176544189453e+01
5.270395755767822266e+00
-1.027484321594238281e+01
5.964708805084228516e+00
1.172165751457214355e+00
4.143184661865234375e+00
-6.169943332672119141e+00
-4.977100372314453125e+00
-5.723033547401428223e-01
-7.325832366943359375e+00
1.519659996032714844e+00
9.981768608093261719e+00
-1.192531967163085938e+01
-1.472396850585937500e+01
-6.411672115325927734e+00
6.061622619628906250e+00
-4.252382755279541016e+00
-1.356584835052490234e+01
-5.733019828796386719e+00
-1.904203414916992188e+01
-1.178961658477783203e+01
1.397131681442260742e+00
-6.308673024177551270e-01
-8.430335998535156250e+00
-5.661550045013427734e+00
6.640017509460449219e+00
1.136881923675537109e+01
-9.196733474731445312e+00
9.715981483459472656e+00
-1.910465836524963379e+00
-9.317299723625183105e-01
-8.369315147399902344e+00
-1.191062831878662109e+01
-6.381848812103271484e+00
-2.589881658554077148e+00
-1.682117843627929688e+01
-8.192585945129394531e+00
-1.314159584045410156e+01
-3.716852426528930664e+00
-3.927250623703002930e+00
-7.563413619995117188e+00
-5.538022518157958984e+00
-8.355603218078613281e+00
-3.100717067718505859e+00
-2.842676401138305664e+00
3.436864852905273438e+00
-2.378101110458374023e+00
8.233071565628051758e-01
-1.279927372932434082e+00
-4.902915656566619873e-01
-1.196047019958496094e+01
-4.251307487487792969e+00
-3.173303127288818359e+00
-6.051164150238037109e+00
-4.808985233306884766e+00
-5.762954235076904297e+00
5.586469173431396484e-01
3.478778123855590820e+00
-1.067354774475097656e+01
-3.590077638626098633e+00
-2.298836469650268555e+00
-2.110705375671386719e+01
-1.069944190979003906e+01
-3.093025922775268555e+00
5.250058174133300781e+00
-6.192738533020019531e+00
-5.941020011901855469e+00
-1.638300180435180664e+00
-9.030253410339355469e+00
-1.047155952453613281e+01
-4.421093940734863281e+00
-5.495183467864990234e+00
-6.222873687744140625e+00
-7.008354187011718750e+00
2.402895689010620117e+00
5.222721576690673828e+00
-1.055802536010742188e+01
-1.312053203582763672e+01
-1.124253082275390625e+01
-1.541851806640625000e+01
-4.012817382812500000e+00
-4.328414440155029297e+00
-6.276411533355712891e+00
-8.012141227722167969e+00
-1.750106811523437500e+01
-1.056887340545654297e+01
-1.316294670104980469e+01
-2.369081079959869385e-01
4.759612381458282471e-01
-4.975255489349365234e+00
4.805980682373046875e+00
-7.049274444580078125e+00
7.716196775436401367e-01
2.412298679351806641e+00
5.699971318244934082e-01
-4.276276111602783203e+00
-9.031300544738769531e+00
2.959940195083618164e+00
-1.264607334136962891e+01
-4.759265422821044922e+00
-5.064315795898437500e+00
-6.999311447143554688e+00
-7.509273052215576172e+00
7.613713741302490234e+00
-9.152900695800781250e+00
-5.107881069183349609e+00
-5.518187999725341797e+00
-1.613278579711914062e+01
1.686103820800781250e+00
-6.575201511383056641e+00
-1.551560497283935547e+01
-4.045541763305664062e+00
-6.110320091247558594e+00
-5.417984127998352051e-01
3.364236831665039062e+00
-2.607542276382446289e+00
-2.774254083633422852e+00
-2.785661220550537109e+00
-4.610693454742431641e+00
1.876949906349182129e+00
-1.051087379455566406e+01
-3.222261428833007812e+00
-2.143865346908569336e+00
-1.146957969665527344e+01
3.318857252597808838e-01
-8.143159866333007812e+00
-2.884969949722290039e+00
-5.784153461456298828e+00
-4.506316661834716797e+00
-2.921055257320404053e-01
-1.034636116027832031e+01
-1.547608375549316406e+01
-9.845670700073242188e+00
4.995649814605712891e+00
3.348741680383682251e-02
-2.274176359176635742e+00
1.072142410278320312e+01
-8.216434478759765625e+00
-7.030688762664794922e+00
-4.019195079803466797e+00
-2.398247003555297852e+00
