2.600621059536933899e-02
5.767942219972610474e-02
2.219234965741634369e-02
5.041972175240516663e-02
6.172559037804603577e-02
4.670300334692001343e-02
4.662999510765075684e-02
5.853775888681411743e-02
-1.624922640621662140e-02
4.760539531707763672e-02
3.320403397083282471e-03
3.719622641801834106e-02
5.361021682620048523e-02
-3.422652557492256165e-02
-5.219884589314460754e-02
2.523459680378437042e-02
2.484467439353466034e-02
6.017252802848815918e-03
1.644749427214264870e-03
4.751972109079360962e-02
1.034359112381935120e-01
1.981144025921821594e-02
-1.480444334447383881e-02
5.203345324844121933e-03
4.030938446521759033e-02
-3.428786003496497869e-04
7.996322214603424072e-02
1.332269702106714249e-02
2.862454950809478760e-02
-1.742921158438548446e-04
-2.694850414991378784e-02
2.532817237079143524e-02
-5.018961429595947266e-02
1.923678815364837646e-02
7.025005668401718140e-02
8.648155257105827332e-03
-2.743220143020153046e-02
6.075164303183555603e-02
6.283760070800781250e-03
5.414005368947982788e-02
-6.201644241809844971e-02
1.901645399630069733e-02
-8.835827000439167023e-03
-2.190878242254257202e-02
5.038749892264604568e-03
-1.181758753955364227e-02
3.662154078483581543e-02
-2.368239872157573700e-02
-8.867783844470977783e-02
-1.716135255992412567e-02
6.475650519132614136e-02
-3.051933087408542633e-02
-6.422182777896523476e-04
-1.327621471136808395e-02
6.111423671245574951e-02
4.055167734622955322e-02
-3.741802647709846497e-03
1.794650778174400330e-02
-1.841024681925773621e-02
3.048630431294441223e-02
2.891110256314277649e-02
-4.285456985235214233e-02
1.510862819850444794e-02
-2.908631600439548492e-02
1.798113435506820679e-02
-2.319460501894354820e-03
-3.086301311850547791e-02
9.420844912528991699e-02
-1.096159219741821289e-02
2.139583043754100800e-02
1.610925421118736267e-02
-3.885464742779731750e-02
6.803241372108459473e-02
-4.206613637506961823e-03
2.725976519286632538e-02
-3.215553238987922668e-02
4.642775282263755798e-02
3.981086984276771545e-02
7.541134953498840332e-02
-2.230507321655750275e-02
7.357205450534820557e-02
-3.493516147136688232e-02
6.309580802917480469e-02
-3.167337970808148384e-03
-1.107768435031175613e-02
3.985294699668884277e-02
1.975830178707838058e-03
-6.374947726726531982e-03
8.321644738316535950e-03
4.874985665082931519e-02
4.666317254304885864e-02
1.970175467431545258e-02
-3.290027379989624023e-02
-4.907589405775070190e-02
2.002742327749729156e-02
5.169799551367759705e-03
8.599104359745979309e-03
5.871984176337718964e-03
1.308375038206577301e-02
4.158253222703933716e-02
-4.826505482196807861e-02
-9.096827707253396511e-04
3.995862603187561035e-02
-1.540999114513397217e-02
4.978763870894908905e-03
3.106962516903877258e-02
3.932429477572441101e-02
2.179894410073757172e-02
7.219602167606353760e-02
3.382904455065727234e-02
-1.682684570550918579e-02
-3.805179521441459656e-02
6.395234726369380951e-03
1.516518741846084595e-02
-9.048440493643283844e-03
-2.061804942786693573e-02
-1.336560864001512527e-02
-7.388662546873092651e-03
3.182632103562355042e-02
8.772848546504974365e-02
1.098894048482179642e-02
-2.900224365293979645e-02
-1.669703237712383270e-02
-2.802020404487848282e-03
4.542243853211402893e-02
-2.146415412425994873e-02
3.323692083358764648e-02
1.871077902615070343e-02
-3.974075242877006531e-02
5.348489433526992798e-02
2.659948775544762611e-03
5.277534574270248413e-02
2.304895594716072083e-02
-4.969164729118347168e-02
4.965078458189964294e-02
-5.679544061422348022e-02
-2.142765559256076813e-03
-6.504987925291061401e-02
3.126823529601097107e-02
-1.458134129643440247e-02
-9.237314015626907349e-02
5.448522046208381653e-03
-1.249738596379756927e-02
-2.027128450572490692e-02
-1.383019983768463135e-02
3.792775096371769905e-03
-8.999569341540336609e-03
-5.254283547401428223e-03
-3.376201167702674866e-02
3.767622634768486023e-02
2.753496868535876274e-03
2.349863573908805847e-02
-1.508905086666345596e-03
4.605675116181373596e-02
-4.360412433743476868e-02
-1.218393095768988132e-03
2.535711042582988739e-02
3.489957004785537720e-02
-3.647509217262268066e-02
-5.637397244572639465e-02
2.041975408792495728e-02
4.972916096448898315e-02
-1.022809930145740509e-02
-3.597682109102606773e-03
-8.794439025223255157e-03
3.777313744649291039e-03
6.885930150747299194e-02
-1.090929564088582993e-02
-6.531463563442230225e-02
-5.551770329475402832e-03
-6.199852004647254944e-02
4.445957392454147339e-02
-4.319132119417190552e-02
6.865091156214475632e-03
1.268499810248613358e-02
-1.135546807199716568e-02
8.544644713401794434e-02
3.247056901454925537e-02
-5.865294486284255981e-03
-6.223215907812118530e-02
-1.335379928350448608e-01
-1.294462755322456360e-02
-3.055325150489807129e-02
-4.324940219521522522e-02
6.672835350036621094e-02
-3.384444117546081543e-02
-5.962799303233623505e-03
8.799077011644840240e-03
-2.440098673105239868e-02
-5.259255878627300262e-03
2.918290905654430389e-02
8.867865055799484253e-02
1.202572695910930634e-02
-5.192673578858375549e-02
-2.276320382952690125e-02
4.194333776831626892e-02
-3.453529253602027893e-02
-2.111214399337768555e-02
6.293043494224548340e-02
-4.069657996296882629e-02
1.869449391961097717e-02
-4.433197900652885437e-02
-1.397797744721174240e-02
1.243800669908523560e-02
-1.744231022894382477e-02
1.801408454775810242e-02
3.248599171638488770e-02
1.650874130427837372e-02
9.136772714555263519e-03
1.150821242481470108e-02
6.492460519075393677e-02
2.471449039876461029e-02
2.806632779538631439e-02
-1.156505383551120758e-02
-6.920449435710906982e-03
-5.026182159781455994e-03
5.826415866613388062e-02
-1.198758278042078018e-02
2.135235443711280823e-02
3.349053859710693359e-02
2.987691015005111694e-02
-1.291102264076471329e-02
2.709387987852096558e-02
-1.217232923954725266e-02
-2.276218496263027191e-02
-2.716948650777339935e-02
5.747206136584281921e-02
4.544097930192947388e-02
-4.230245947837829590e-02
-1.165242958813905716e-02
6.721951812505722046e-02
-2.398306131362915039e-02
-6.657220423221588135e-03
-2.044467628002166748e-02
2.515388419851660728e-03
1.044284179806709290e-01
-3.586472570896148682e-02
-2.019504085183143616e-02
-4.251855891197919846e-03
-7.123433053493499756e-02
2.269567549228668213e-02
2.211199700832366943e-02
1.661878079175949097e-02
-3.606217354536056519e-02
-9.747133590281009674e-03
8.798426017165184021e-03
4.135940596461296082e-02
3.139728307723999023e-02
2.357093058526515961e-02
9.152773767709732056e-03
2.374717034399509430e-02
-2.429051324725151062e-02
7.668321579694747925e-02
-2.281659841537475586e-02
7.285008672624826431e-03
-1.598119619302451611e-03
-1.910645328462123871e-02
3.960568085312843323e-02
-3.843613201752305031e-03
1.029471829533576965e-01
8.438078314065933228e-02
-7.006711512804031372e-02
2.411738783121109009e-02
3.171416756231337786e-04
2.615466073621064425e-04
-2.737291529774665833e-02
1.156173367053270340e-02
-7.682616263628005981e-02
2.667826600372791290e-02
-5.222963541746139526e-02
7.208314538002014160e-02
-1.182590425014495850e-02
-2.654046006500720978e-02
-3.559287264943122864e-02
9.877712465822696686e-03
-4.101644083857536316e-02
5.440904945135116577e-02
-1.458937581628561020e-02
-1.849309168756008148e-02
-5.993346218019723892e-03
5.906880367547273636e-03
-1.001179590821266174e-02
1.048501953482627869e-01
-2.294424362480640411e-02
7.263918220996856689e-02
3.105679713189601898e-02
1.400312595069408417e-02
-3.471232578158378601e-02
-3.718477860093116760e-02
-1.550536509603261948e-02
6.123055517673492432e-02
-1.738996617496013641e-02
-6.848982721567153931e-02
-3.445861116051673889e-02
1.150513300672173500e-03
2.744597569108009338e-02
-4.137956351041793823e-02
-3.697223961353302002e-02
-1.058914046734571457e-02
-1.802732609212398529e-02
