-6.643567234277725220e-02
1.049303337931632996e-01
2.495604008436203003e-02
6.667053699493408203e-02
7.479670643806457520e-02
2.977130189538002014e-02
6.483215838670730591e-03
-1.069403998553752899e-02
3.219625679776072502e-03
4.648443311452865601e-02
3.308681771159172058e-02
-4.518669471144676208e-02
-3.320463746786117554e-02
-7.642020285129547119e-02
-2.571542188525199890e-02
1.138276532292366028e-01
3.595281019806861877e-02
-5.507786199450492859e-02
4.922004044055938721e-02
1.818109489977359772e-02
1.883190870285034180e-02
6.546151358634233475e-03
-1.163760423660278320e-01
5.890076979994773865e-02
6.031924113631248474e-02
2.783361449837684631e-02
1.665461659431457520e-01
-2.530222991481423378e-03
-2.868072688579559326e-02
-1.098938286304473877e-01
4.076215624809265137e-02
5.167936533689498901e-02
1.323835700750350952e-01
6.087298691272735596e-02
5.519964732229709625e-03
2.220081537961959839e-02
-6.984421610832214355e-02
3.052254579961299896e-02
1.421214044094085693e-01
5.891627445816993713e-02
1.646790653467178345e-02
1.330595910549163818e-01
-2.124523185193538666e-02
3.914050012826919556e-02
1.153738517314195633e-02
4.093378037214279175e-02
-2.969905734062194824e-02
-2.822359558194875717e-03
6.860722601413726807e-02
1.548297796398401260e-02
2.261571027338504791e-02
1.142652630805969238e-01
9.269368834793567657e-03
-1.452410370111465454e-01
8.186204358935356140e-03
3.820355981588363647e-03
1.137043982744216919e-01
3.606999292969703674e-03
-5.342083796858787537e-02
2.233513072133064270e-02
-2.819472551345825195e-02
-1.934523507952690125e-02
-4.035900160670280457e-02
1.393195539712905884e-01
7.299131900072097778e-02
5.479874834418296814e-02
4.146071523427963257e-02
1.231321394443511963e-01
2.234013192355632782e-02
-2.511255070567131042e-02
1.186137124896049500e-01
1.126938685774803162e-01
7.005788385868072510e-02
5.909092351794242859e-02
-7.376021146774291992e-02
