2.008772611618041992e+00
-4.091644763946533203e+00
-9.999077796936035156e+00
-7.469966888427734375e+00
-1.145835590362548828e+01
-7.684293270111083984e+00
-4.996527671813964844e+00
-3.388126611709594727e+00
-5.734367370605468750e+00
1.022582435607910156e+01
2.089913338422775269e-01
-6.405344963073730469e+00
-7.454332351684570312e+00
1.654149174690246582e+00
-1.514991664886474609e+01
3.105192184448242188e+00
-1.692312049865722656e+01
-5.880703926086425781e+00
-2.670061111450195312e+00
-6.466092586517333984e+00
-8.078652381896972656e+00
-9.548463821411132812e+00
-8.821295738220214844e+00
-3.922095775604248047e+00
-2.772277355194091797e+00
-3.464535713195800781e+00
-2.654594421386718750e+00
7.167271971702575684e-01
-3.990228414535522461e+00
-9.342888832092285156e+00
-4.396288990974426270e-01
5.028473138809204102e-01
5.530248165130615234e+00
4.620941638946533203e+00
3.783739089965820312e+00
-7.167440414428710938e+00
-4.415578842163085938e+00
-1.258110523223876953e+01
-9.111789703369140625e+00
9.629141539335250854e-02
-7.568288326263427734e+00
-1.149536895751953125e+01
-2.105417490005493164e+00
-2.158240079879760742e+00
1.322908020019531250e+01
-7.768259048461914062e+00
-6.182669401168823242e-01
-6.528952121734619141e+00
6.552002906799316406e+00
2.229554414749145508e+00
-1.040752029418945312e+01
-1.319166374206542969e+01
-1.245542144775390625e+01
-1.118652153015136719e+01
-1.748581767082214355e+00
-2.267621040344238281e+00
-8.426382064819335938e+00
-8.091238021850585938e+00
2.295958757400512695e+00
-2.295906305313110352e+00
-8.910563468933105469e+00
-8.023038864135742188e+00
1.085581898689270020e+00
-4.678865432739257812e+00
-1.058080387115478516e+01
-1.864951133728027344e+01
3.739982128143310547e+00
-1.852134323120117188e+01
4.119903564453125000e+00
-1.388356399536132812e+01
-2.714256763458251953e+00
-1.037900373339653015e-01
-2.774627447128295898e+00
3.343373537063598633e+00
4.375527381896972656e+00
-8.783424377441406250e+00
-6.578944683074951172e+00
-1.705653953552246094e+01
-3.368756532669067383e+00
-1.374519467353820801e+00
-1.195237636566162109e+01
4.440150737762451172e+00
-4.620038032531738281e+00
-6.313148021697998047e+00
-1.721237778663635254e+00
-1.698573493957519531e+01
-6.011717796325683594e+00
-9.999449849128723145e-01
-1.795813322067260742e+00
-5.289065361022949219e+00
-3.376278579235076904e-01
-1.172821712493896484e+01
-1.160006904602050781e+01
-1.598294830322265625e+01
-1.001022148132324219e+01
-8.430344581604003906e+00
-1.276557922363281250e+00
-2.373134136199951172e+00
-6.849625110626220703e+00
6.131957530975341797e+00
-7.787975311279296875e+00
3.746263265609741211e+00
-6.394563198089599609e+00
-6.304263591766357422e+00
-1.998643755912780762e+00
-1.391589999198913574e+00
-5.871115207672119141e+00
4.201865196228027344e+00
-8.201030731201171875e+00
1.258636713027954102e+00
-3.479607820510864258e+00
-2.130550622940063477e+00
-6.534982204437255859e+00
-1.808216857910156250e+01
-2.806485891342163086e+00
3.285297155380249023e+00
-6.187925338745117188e+00
-3.267694473266601562e+00
-1.542399597167968750e+01
-7.499122142791748047e+00
-1.357752895355224609e+01
-7.781436443328857422e+00
-7.374094486236572266e+00
-5.550746440887451172e+00
-8.860177040100097656e+00
-8.133256912231445312e+00
-4.165901660919189453e+00
-6.540359020233154297e+00
1.389478111267089844e+01
-5.268533229827880859e+00
-4.285473823547363281e+00
7.387372016906738281e+00
9.409865379333496094e+00
-1.237708377838134766e+01
-1.266467380523681641e+01
-1.404188990592956543e+00
-3.387177944183349609e+00
-8.791768074035644531e+00
1.556854009628295898e+00
2.229764610528945923e-01
-4.912228107452392578e+00
-7.752850651741027832e-01
2.697435617446899414e+00
3.109259605407714844e+00
-6.168163299560546875e+00
4.645081996917724609e+00
-1.367845439910888672e+01
-5.502286911010742188e+00
3.262531995773315430e+00
-1.375177192687988281e+01
-1.577623271942138672e+01
-6.002101898193359375e+00
-1.419741630554199219e+01
-2.476659059524536133e+00
-4.045027732849121094e+00
-2.012600708007812500e+01
-1.414459800720214844e+01
-4.039467334747314453e+00
9.583377838134765625e+00
-2.263854503631591797e+00
-1.193106269836425781e+01
-1.128127956390380859e+01
-8.825006484985351562e+00
-9.306138038635253906e+00
3.172759532928466797e+00
-1.377983188629150391e+01
-3.124183654785156250e+00
-3.235119342803955078e+00
1.280165791511535645e+00
6.909872531890869141e+00
1.557060003280639648e+00
-3.612530708312988281e+00
2.625379264354705811e-01
-3.432200908660888672e+00
-1.139111518859863281e+01
-4.504807949066162109e+00
-6.658987045288085938e+00
-4.513314247131347656e+00
-7.117323875427246094e+00
4.275554180145263672e+00
5.096949338912963867e-01
-1.231970596313476562e+01
2.979652881622314453e+00
-1.338621425628662109e+01
-4.224104881286621094e+00
8.920705318450927734e-01
3.906509876251220703e+00
-1.489936065673828125e+01
-1.673722076416015625e+01
-7.318459749221801758e-01
-7.473362922668457031e+00
7.581344246864318848e-01
-9.475760459899902344e+00
-3.933516502380371094e+00
-2.186573743820190430e+00
-5.883435249328613281e+00
-8.276595115661621094e+00
8.358660340309143066e-01
-1.409557628631591797e+01
-7.075142860412597656e-01
5.363163471221923828e+00
-7.599454402923583984e+00
-4.716790914535522461e-01
-5.899422988295555115e-02
-5.471653938293457031e+00
-7.244781970977783203e+00
7.737924575805664062e+00
-2.083227396011352539e+00
-1.299285125732421875e+01
-2.075944137573242188e+01
-1.539737701416015625e+01
4.719340801239013672e+00
-2.520760536193847656e+00
-1.050648689270019531e+00
-2.379532098770141602e+00
-4.610216140747070312e+00
-5.727705001831054688e+00
8.795627593994140625e+00
-8.389399528503417969e+00
5.921019554138183594e+00
3.980974107980728149e-02
-2.930602788925170898e+00
-3.762573957443237305e+00
1.974724531173706055e+00
-5.292058467864990234e+00
-7.147635936737060547e+00
-2.144426345825195312e+01
-5.126743316650390625e+00
-1.518760585784912109e+01
4.688915252685546875e+00
-1.988661956787109375e+01
-1.559849643707275391e+01
-1.172947597503662109e+01
-9.488414764404296875e+00
-8.060301780700683594e+00
-5.270931720733642578e+00
9.465577006340026855e-01
-9.422600746154785156e+00
-6.275562763214111328e+00
-5.761744499206542969e+00
2.564213752746582031e+00
-8.033376693725585938e+00
-9.807106018066406250e+00
-1.185148715972900391e+01
-2.256654739379882812e+00
-1.463914966583251953e+01
4.844229698181152344e+00
-5.398631572723388672e+00
-1.096397304534912109e+01
-3.337179422378540039e+00
-1.776388549804687500e+01
-3.932958096265792847e-02
-2.831842899322509766e+00
-5.890985488891601562e+00
-4.626589417457580566e-01
-5.217322349548339844e+00
7.151875495910644531e-01
-8.600465774536132812e+00
-3.381081342697143555e+00
-5.629989147186279297e+00
-1.399258899688720703e+01
-5.252052783966064453e+00
-1.224588513374328613e+00
4.626006603240966797e+00
-1.835326957702636719e+01
-9.033127784729003906e+00
6.522991508245468140e-02
4.873344421386718750e+00
-1.328418922424316406e+01
1.261326909065246582e+00
-2.244421195983886719e+01
-2.636296987533569336e+00
-1.018714523315429688e+01
-7.201267480850219727e-01
-1.400372409820556641e+01
-3.406543254852294922e+00
1.235325431823730469e+01
-8.634691834449768066e-01
-8.655692100524902344e+00
-1.232781887054443359e+01
-1.672537565231323242e+00
-2.834267616271972656e+00
2.399900436401367188e+00
-9.102456092834472656e+00
-1.490290546417236328e+01
-4.800746440887451172e+00
-1.299786949157714844e+01
6.713746070861816406e+00
-5.721773624420166016e+00
-3.746783256530761719e+00
6.287292003631591797e+00
-7.224862098693847656e+00
-4.844002246856689453e+00
-4.733135700225830078e+00
-5.608885288238525391e+00
-6.378394126892089844e+00
3.156034946441650391e+00
4.857592582702636719e+00
-4.333237707614898682e-01
3.124748945236206055e+00
