2.119777165353298187e-02
-4.291096236556768417e-03
-1.351421140134334564e-02
-8.622018992900848389e-02
8.647909760475158691e-02
1.896420866250991821e-02
-5.831518769264221191e-02
3.631976619362831116e-02
3.771665319800376892e-02
-1.529175322502851486e-02
1.512627862393856049e-02
9.383019804954528809e-02
4.982707649469375610e-02
4.623230919241905212e-02
4.667738452553749084e-02
-1.612449064850807190e-03
3.073435463011264801e-02
3.999042324721813202e-03
3.302109614014625549e-02
5.207390058785676956e-03
-9.102299809455871582e-03
7.302621752023696899e-02
1.515326928347349167e-02
-3.120206855237483978e-02
-4.499104991555213928e-02
-4.807455465197563171e-02
6.774930655956268311e-02
2.070854976773262024e-02
5.990472808480262756e-02
1.004345528781414032e-02
2.801063284277915955e-02
6.080814450979232788e-02
5.499845137819647789e-04
-1.679019257426261902e-02
-1.498221047222614288e-02
-2.112651988863945007e-02
1.533754076808691025e-02
-2.773075364530086517e-02
8.411087095737457275e-02
1.032720953226089478e-01
2.946889214217662811e-02
1.797759346663951874e-02
4.435271024703979492e-02
-5.846203770488500595e-03
5.832869932055473328e-02
7.973352074623107910e-02
5.378670990467071533e-02
-8.558081090450286865e-02
1.686812341213226318e-01
-3.309363126754760742e-02
4.150089621543884277e-02
8.492662757635116577e-02
-4.120226483792066574e-03
4.979168251156806946e-02
7.529805600643157959e-02
-1.025175116956233978e-02
-1.294917985796928406e-02
5.064579471945762634e-02
5.862108618021011353e-02
-1.100738765671849251e-03
-2.123336307704448700e-02
5.060012266039848328e-02
-4.967300221323966980e-02
-6.207331549376249313e-03
1.846051029860973358e-02
5.592768266797065735e-02
1.006730645895004272e-01
1.169671788811683655e-01
2.602074481546878815e-02
-3.768732398748397827e-02
-9.804826974868774414e-02
-1.712412014603614807e-02
5.466280505061149597e-02
8.377784490585327148e-02
5.432354658842086792e-02
1.348556876182556152e-01
1.108780875802040100e-01
8.843396604061126709e-02
3.892888501286506653e-02
-1.783709973096847534e-02
-3.712007403373718262e-02
-6.574850995093584061e-03
-2.435696125030517578e-02
8.425869047641754150e-02
1.024696528911590576e-01
1.456702500581741333e-02
9.318285435438156128e-02
9.247257374227046967e-03
5.203811824321746826e-02
1.717337034642696381e-02
-1.084933988749980927e-03
3.896960616111755371e-02
7.537024468183517456e-02
6.323145236819982529e-03
-1.055084988474845886e-01
-3.529155626893043518e-02
6.705882400274276733e-02
6.900969147682189941e-02
3.622817993164062500e-02
2.278345171362161636e-03
2.839973603840917349e-04
1.006781235337257385e-01
-1.059577148407697678e-02
-7.789535075426101685e-02
-3.181381896138191223e-02
3.327067941427230835e-02
4.890516400337219238e-02
-5.731983110308647156e-02
8.779615908861160278e-02
3.883653506636619568e-02
5.431596934795379639e-02
2.467774320393800735e-03
6.662059575319290161e-02
-2.967397682368755341e-02
3.845805302262306213e-02
-5.765191093087196350e-02
-7.185105932876467705e-04
9.987375140190124512e-02
6.574729830026626587e-02
2.512395381927490234e-02
-8.214213699102401733e-02
2.295233123004436493e-02
2.796179614961147308e-02
1.659221760928630829e-02
-6.366837769746780396e-02
3.026836737990379333e-02
-2.421710826456546783e-02
-1.614424958825111389e-02
6.414218991994857788e-02
-6.708207726478576660e-02
-2.746775746345520020e-02
4.050690680742263794e-02
1.559084188193082809e-02
-2.077286131680011749e-02
-7.823684811592102051e-02
3.772614151239395142e-02
7.142134755849838257e-02
6.043147668242454529e-02
9.883659332990646362e-02
-2.952865697443485260e-02
3.152006119489669800e-02
-5.454282090067863464e-02
-3.864720836281776428e-02
1.746802590787410736e-02
1.196442842483520508e-01
7.032888382673263550e-02
1.169780455529689789e-02
-1.166993081569671631e-01
-4.561262205243110657e-02
1.571434289216995239e-01
