-1.172685718536376953e+01
1.841425418853759766e+00
7.558647155761718750e+00
2.293296337127685547e+00
-6.355333328247070312e+00
-1.652972340583801270e+00
-1.410918331146240234e+01
-3.234750032424926758e+00
-1.381488227844238281e+01
-2.292101860046386719e+00
-4.804146587848663330e-01
-4.480676174163818359e+00
1.418559312820434570e+00
-3.844377756118774414e+00
1.327500104904174805e+00
-9.829804420471191406e+00
-2.656758069992065430e+00
-3.115489721298217773e+00
-7.928481578826904297e+00
-3.682360410690307617e+00
-7.960145950317382812e+00
-8.509115219116210938e+00
-1.535756111145019531e+01
3.237764835357666016e+00
-7.184382915496826172e+00
-9.221367835998535156e+00
-1.395196723937988281e+01
-4.976044654846191406e+00
-7.353451251983642578e+00
-5.828123569488525391e+00
-5.097778320312500000e+00
7.855939865112304688e+00
-1.154762983322143555e+00
-8.505422472953796387e-01
-4.744385242462158203e+00
-9.379247665405273438e+00
-9.454229354858398438e+00
1.469802260398864746e+00
-3.355586290359497070e+00
-1.236322784423828125e+01
-4.869382858276367188e+00
7.138364791870117188e+00
-1.796803855895996094e+01
5.677907943725585938e+00
3.073443472385406494e-01
-3.016745805740356445e+00
-4.869654655456542969e+00
-1.893736720085144043e-01
-1.382927775382995605e+00
-1.846583747863769531e+01
-2.040472030639648438e+00
-2.812300205230712891e+00
2.165902376174926758e+00
-1.790215682983398438e+01
-1.540995883941650391e+01
-9.645621299743652344e+00
-6.586184978485107422e+00
-1.613783073425292969e+01
-8.904131889343261719e+00
-1.678275871276855469e+01
-5.515554428100585938e+00
2.103479146957397461e+00
-7.306162834167480469e+00
-9.964481353759765625e+00
-1.190202426910400391e+01
5.288493633270263672e+00
-5.955542564392089844e+00
-2.541014289855957031e+01
3.815670311450958252e-01
-6.093811511993408203e+00
-4.598982810974121094e+00
-7.501602172851562500e+00
-1.328220367431640625e+01
-5.173951148986816406e+00
-1.256294059753417969e+01
1.079426169395446777e+00
-1.380745792388916016e+01
-8.363741874694824219e+00
-5.384295940399169922e+00
-3.915591001510620117e+00
-4.298282146453857422e+00
-5.777256488800048828e+00
-6.888525009155273438e+00
5.696865081787109375e+00
-7.427536010742187500e+00
-3.063891410827636719e+00
-7.973778247833251953e-01
-3.804973363876342773e+00
-1.438883590698242188e+01
1.542907357215881348e-01
-9.710589408874511719e+00
-5.969300746917724609e+00
8.120968818664550781e+00
2.358263731002807617e+00
-4.311482906341552734e+00
-3.024892330169677734e+00
4.779731482267379761e-02
-4.436252117156982422e+00
-2.552000761032104492e+00
-2.483945786952972412e-01
-1.405019283294677734e+00
-5.077396392822265625e+00
-1.145708560943603516e+01
4.409486770629882812e+00
1.333758234977722168e+00
-6.013126373291015625e+00
-6.938841342926025391e+00
-4.928747653961181641e+00
-6.811718940734863281e+00
-7.069717884063720703e+00
1.400204777717590332e+00
-1.471426677703857422e+01
1.621568799018859863e+00
4.483047962188720703e+00
-1.034295749664306641e+01
-8.113435745239257812e+00
-9.549722671508789062e+00
-1.217796897888183594e+01
-1.070353507995605469e+00
-3.006771802902221680e-01
-8.042697906494140625e+00
-4.628334999084472656e+00
2.812874555587768555e+00
-1.017255496978759766e+01
-1.179047679901123047e+01
-8.412142753601074219e+00
-8.982694625854492188e+00
-1.403555965423583984e+01
-8.708825111389160156e+00
5.885540485382080078e+00
1.405652618408203125e+01
-3.333802938461303711e+00
-1.312751197814941406e+01
7.330949306488037109e-01
-4.339291572570800781e+00
-5.445363998413085938e+00
-3.987412214279174805e+00
-1.329855060577392578e+01
7.290317058563232422e+00
1.567034721374511719e-01
-7.111698627471923828e+00
-6.883643627166748047e+00
-4.904550075531005859e+00
-8.281855583190917969e+00
-3.432122468948364258e+00
-3.904771566390991211e+00
-1.464299392700195312e+01
-1.280814075469970703e+01
-2.043840408325195312e+01
-6.858226060867309570e-01
5.836791038513183594e+00
-5.762614250183105469e+00
2.668982505798339844e+00
4.205192923545837402e-01
-9.092457771301269531e+00
1.328707337379455566e+00
-7.214436531066894531e-01
-4.466064274311065674e-02
-3.847603797912597656e-01
-5.296861171722412109e+00
1.961003684997558594e+01
-1.533564853668212891e+01
-1.027972602844238281e+01
-2.516974925994873047e+00
6.456080436706542969e+00
-8.471306800842285156e+00
-1.142027664184570312e+01
-1.365153789520263672e+00
-3.091683626174926758e+00
-1.783191442489624023e+00
-1.320673656463623047e+01
-1.249369144439697266e+01
8.415364027023315430e-01
-8.986216545104980469e+00
-1.630329728126525879e+00
-3.672373533248901367e+00
-1.682025337219238281e+01
6.891806125640869141e+00
-2.022562599182128906e+01
-5.826201438903808594e+00
5.395382881164550781e+00
7.354406356811523438e+00
-6.671933531761169434e-01
-2.074186801910400391e+00
-8.269482612609863281e+00
-8.505936622619628906e+00
8.819451332092285156e+00
1.247954607009887695e+00
2.666597962379455566e-01
9.804336547851562500e+00
-7.035469532012939453e+00
-7.090936660766601562e+00
-6.308572769165039062e+00
-8.202661514282226562e+00
-9.085926055908203125e+00
4.858255386352539062e+00
-4.455446720123291016e+00
-1.020450496673583984e+01
1.757863759994506836e+00
4.397324562072753906e+00
-1.693224143981933594e+01
-6.153880596160888672e+00
1.897126555442810059e+00
-7.752344131469726562e+00
-3.714027166366577148e+00
-3.881918191909790039e-01
-9.682899475097656250e+00
-1.350607395172119141e+01
-1.692443132400512695e+00
-1.416167068481445312e+01
-1.454141330718994141e+01
-7.243441104888916016e+00
4.639073908329010010e-01
-5.262608051300048828e+00
-1.214071393013000488e+00
5.304436206817626953e+00
-2.496119737625122070e+00
3.383854150772094727e+00
-1.492708015441894531e+01
1.050501823425292969e+00
-8.832855224609375000e+00
-1.322449803352355957e+00
-5.596416473388671875e+00
-3.199309349060058594e+00
-6.808696746826171875e+00
-1.419974422454833984e+01
-3.514625132083892822e-01
1.004199504852294922e+00
-4.460400640964508057e-01
7.249839901924133301e-01
-5.823801517486572266e+00
5.270398855209350586e-01
-1.431482791900634766e+01
-1.242476654052734375e+01
-1.563948512077331543e+00
-1.009331226348876953e+01
7.311588525772094727e-01
-2.642076492309570312e+00
-8.873993873596191406e+00
-3.231300830841064453e+00
-8.713011741638183594e+00
-2.644485473632812500e+00
5.047637462615966797e+00
-7.615469455718994141e+00
8.618257939815521240e-02
-2.930926322937011719e+00
-1.926688194274902344e+01
-3.418331623077392578e+00
-8.828283309936523438e+00
2.549667835235595703e+00
-7.961722373962402344e+00
-2.148898839950561523e+00
4.603300571441650391e+00
-5.743807315826416016e+00
-8.280656814575195312e+00
-4.277636110782623291e-01
-1.017786884307861328e+01
5.494068145751953125e+00
1.696048498153686523e+00
-1.556576824188232422e+01
3.208346843719482422e+00
3.747832775115966797e-01
-8.757096290588378906e+00
-5.507364273071289062e+00
-4.410869598388671875e+00
-3.090050697326660156e+00
1.714253544807434082e+00
-9.444724082946777344e+00
3.882728815078735352e+00
-5.764562129974365234e+00
-1.983451843261718750e+00
-8.222599029541015625e+00
-5.143394947052001953e+00
-1.951012849807739258e+00
-8.393364906311035156e+00
-7.962982654571533203e+00
-1.484345626831054688e+01
-1.266521739959716797e+01
-2.462881469726562500e+01
1.018526196479797363e+00
-8.806602478027343750e+00
-7.534256458282470703e+00
-2.271370887756347656e+00
-8.174658775329589844e+00
2.567689180374145508e+00
4.779711246490478516e+00
-2.289651155471801758e+00
-8.217841148376464844e+00
-5.737351417541503906e+00
-1.577201485633850098e+00
7.936962693929672241e-02
-8.705607414245605469e+00
3.249173164367675781e+00
-3.798106908798217773e+00
-3.765997171401977539e+00
6.606591224670410156e+00
-5.477319717407226562e+00
7.135366916656494141e+00
2.432540893554687500e+00
9.071062088012695312e+00
