8.726581186056137085e-02
-7.048033922910690308e-02
2.427891939878463745e-01
7.705567404627799988e-03
7.423970848321914673e-02
2.755693197250366211e-01
2.884887754917144775e-01
1.799738500267267227e-03
2.490982860326766968e-01
1.677945554256439209e-01
6.038685515522956848e-02
2.683527171611785889e-01
-9.661458432674407959e-02
2.193908095359802246e-01
2.859500981867313385e-02
9.640445560216903687e-02
2.117792218923568726e-01
1.362387537956237793e-01
-1.316287666559219360e-01
-3.691211715340614319e-02
5.707998573780059814e-02
6.840877234935760498e-02
-1.197835803031921387e-01
3.124707564711570740e-02
2.562669813632965088e-01
1.265620738267898560e-01
2.272309511899948120e-01
5.708660483360290527e-01
2.399051189422607422e-01
1.931120455265045166e-01
