-4.789411127567291260e-01
-5.673443078994750977e-01
-5.279207825660705566e-01
-5.506585836410522461e-01
-7.707961201667785645e-01
-6.444154381752014160e-01
-3.040852844715118408e-01
-5.948283076286315918e-01
-3.080724179744720459e-01
-3.669981062412261963e-01
-4.149178266525268555e-01
-5.874893069267272949e-01
-2.579217255115509033e-01
-4.611423313617706299e-01
-4.072134494781494141e-01
-4.757216572761535645e-01
-4.225763380527496338e-01
-5.223758816719055176e-01
-4.523924887180328369e-01
-3.945444822311401367e-01
-5.284051299095153809e-01
-4.472181797027587891e-01
-5.397961139678955078e-01
-1.436081230640411377e-01
-6.150102615356445312e-01
-2.320237457752227783e-01
-2.629566192626953125e-01
-5.593578219413757324e-01
-5.178259611129760742e-01
-4.102140367031097412e-01
-4.653296768665313721e-01
-5.277070403099060059e-01
-3.985518515110015869e-01
-6.428461670875549316e-01
-3.447879552841186523e-01
-3.181726038455963135e-01
-4.155532419681549072e-01
-3.423346877098083496e-01
-5.345014929771423340e-01
-3.854903578758239746e-01
-2.754853963851928711e-01
-5.123139023780822754e-01
-3.748117685317993164e-01
-2.995081543922424316e-01
-3.813010454177856445e-01
-4.002130031585693359e-01
-3.661383092403411865e-01
-6.847073435783386230e-01
-5.654847621917724609e-01
-3.192109167575836182e-01
-6.835653185844421387e-01
-3.883996009826660156e-01
-4.006791412830352783e-01
-3.415142595767974854e-01
-6.130307912826538086e-01
-3.850738108158111572e-01
-4.896108508110046387e-01
-4.737992286682128906e-01
-3.924600780010223389e-01
-2.740087211132049561e-01
-3.395586311817169189e-01
-4.355212152004241943e-01
-3.017708659172058105e-01
-4.145010411739349365e-01
-4.997539222240447998e-01
-5.827484726905822754e-01
-4.580985903739929199e-01
-2.577617466449737549e-01
-6.070341467857360840e-01
-6.981286406517028809e-01
-4.631120860576629639e-01
-2.331869453191757202e-01
-2.615713477134704590e-01
-2.408161759376525879e-01
-4.172922074794769287e-01
-4.740051031112670898e-01
-6.056215167045593262e-01
-2.283301353454589844e-01
-5.222014784812927246e-01
-4.392498433589935303e-01
-2.800993323326110840e-01
-3.143087923526763916e-01
-4.656839370727539062e-01
-4.300793111324310303e-01
-3.468364179134368896e-01
-2.645179033279418945e-01
-6.215251684188842773e-01
-4.393636286258697510e-01
-5.791552662849426270e-01
-4.103253781795501709e-01
-6.938493251800537109e-01
-3.553852140903472900e-01
-4.941506087779998779e-01
-6.585289835929870605e-01
-4.805104434490203857e-01
-5.034914016723632812e-01
-8.085964620113372803e-02
-5.448349714279174805e-01
-7.679705023765563965e-01
-6.161402463912963867e-01
-1.682084500789642334e-01
-3.341443836688995361e-01
-9.146406054496765137e-01
-2.455216199159622192e-01
-4.290919303894042969e-01
-3.214885592460632324e-01
-3.483579456806182861e-01
-3.445391952991485596e-01
-4.928045868873596191e-01
-4.678443074226379395e-01
-4.036477208137512207e-01
-5.108153820037841797e-01
-4.293726384639739990e-01
-4.414738714694976807e-01
-5.375133156776428223e-01
-3.723234832286834717e-01
-1.912566423416137695e-01
-5.085632205009460449e-01
-3.280176818370819092e-01
-3.658272325992584229e-01
-3.474927544593811035e-01
-3.544863760471343994e-01
-4.733295738697052002e-01
-2.835129797458648682e-01
-4.077286124229431152e-01
-2.767112851142883301e-01
-3.995004296302795410e-01
-4.007566273212432861e-01
-3.256123661994934082e-01
-2.803735733032226562e-01
-4.186052978038787842e-01
-4.468085765838623047e-01
-6.024727821350097656e-01
-1.264061480760574341e-01
-6.588082909584045410e-01
-6.759308576583862305e-01
-5.167020559310913086e-01
-6.443791389465332031e-01
-3.713636994361877441e-01
-4.126478135585784912e-01
-4.171699881553649902e-01
-4.837498068809509277e-01
-3.431941866874694824e-01
-2.245312929153442383e-01
-4.246423542499542236e-01
-4.455897510051727295e-01
-3.423772156238555908e-01
-3.703900575637817383e-01
-5.837399363517761230e-01
-3.456799983978271484e-01
-1.870404332876205444e-01
-3.203144371509552002e-01
-2.862377762794494629e-01
-2.293096333742141724e-01
-1.689997762441635132e-01
-1.141697466373443604e-01
-4.619647264480590820e-01
-4.634747505187988281e-01
-4.108003079891204834e-01
-3.936491608619689941e-01
-3.860860764980316162e-01
-5.094684362411499023e-01
-5.875427126884460449e-01
-4.134518504142761230e-01
-4.554544091224670410e-01
-3.754797577857971191e-01
-4.983272552490234375e-01
-4.482748806476593018e-01
-4.718307554721832275e-01
-3.817337453365325928e-01
-2.742335200309753418e-01
-2.276279479265213013e-01
-1.490704417228698730e-01
-5.841946601867675781e-01
-5.504450201988220215e-01
-4.383523166179656982e-01
-3.820647299289703369e-01
-2.964962422847747803e-01
-2.238045781850814819e-01
-6.421769857406616211e-01
-3.457702398300170898e-01
-3.863763809204101562e-01
-2.482163608074188232e-01
-6.551426649093627930e-01
-4.900890886783599854e-01
-3.687810003757476807e-01
-4.893147051334381104e-01
-3.934070467948913574e-01
-3.114055097103118896e-01
-2.121482789516448975e-01
-5.979207158088684082e-01
-2.908100783824920654e-01
-5.557778477668762207e-01
-1.448286920785903931e-01
-4.423802793025970459e-01
-6.212814450263977051e-01
-1.247225925326347351e-01
-3.102879822254180908e-01
-1.602384448051452637e-01
-5.204645395278930664e-01
-2.845396697521209717e-01
-3.651488125324249268e-01
-1.789127141237258911e-01
-2.207289487123489380e-01
-4.278957545757293701e-01
-3.298821747303009033e-01
-4.895769655704498291e-01
-3.888691365718841553e-01
-4.441396296024322510e-01
-5.555290579795837402e-01
-4.341066777706146240e-01
-3.880839943885803223e-01
-4.096933305263519287e-01
-2.238791137933731079e-01
-4.660248756408691406e-01
-4.129042625427246094e-01
-4.616406857967376709e-01
-1.797954291105270386e-01
-3.771666586399078369e-01
-4.269718229770660400e-01
-5.319719314575195312e-01
-4.242010414600372314e-01
-3.130425810813903809e-01
-4.622934162616729736e-01
-5.625625848770141602e-01
-2.107497900724411011e-01
-5.707976222038269043e-01
-5.177304744720458984e-01
-4.968692660331726074e-01
-4.445585012435913086e-01
-2.640289664268493652e-01
-4.060495495796203613e-01
-5.338480472564697266e-01
-5.664579868316650391e-01
-2.461088150739669800e-01
-5.297430157661437988e-01
-3.146026134490966797e-01
-2.191131412982940674e-01
-3.227583467960357666e-01
-1.998153924942016602e-01
-4.998293519020080566e-01
-4.339735507965087891e-01
-5.046478509902954102e-01
-4.012113511562347412e-01
-6.241719722747802734e-01
-3.653391301631927490e-01
-6.154781579971313477e-01
-3.117168247699737549e-01
-5.049687623977661133e-01
-4.051571190357208252e-01
-5.074990987777709961e-01
-5.539873838424682617e-01
-5.336226224899291992e-01
-2.800519466400146484e-01
-2.192209810018539429e-01
-5.152399539947509766e-01
-5.948054790496826172e-01
-5.024279356002807617e-01
-3.331494927406311035e-01
-5.904351472854614258e-01
-4.574516415596008301e-01
-3.351174294948577881e-01
-4.016647040843963623e-01
-2.689294219017028809e-01
-5.299540162086486816e-01
-1.641475409269332886e-01
-3.255750238895416260e-01
-3.933870196342468262e-01
-5.318152308464050293e-01
-2.301847934722900391e-01
-4.381614625453948975e-01
-3.655561506748199463e-01
-5.449658036231994629e-01
-5.159181952476501465e-01
-1.384647637605667114e-01
-3.428869247436523438e-01
-4.051184654235839844e-01
-5.391235351562500000e-01
-3.670966625213623047e-01
-6.002013683319091797e-01
-4.744710922241210938e-01
-4.504565000534057617e-01
-1.185665875673294067e-01
-3.663375675678253174e-01
-5.131870508193969727e-01
-5.005729794502258301e-01
-5.255073308944702148e-01
-5.415940284729003906e-01
-3.762183785438537598e-01
-3.534132242202758789e-01
-5.118597149848937988e-01
-6.450090408325195312e-01
-1.970487087965011597e-01
-4.591667950153350830e-01
-8.081635087728500366e-02
-3.708698749542236328e-01
-2.718599140644073486e-01
-5.868057012557983398e-01
-6.314984560012817383e-01
-4.015247225761413574e-01
