3.407698124647140503e-02
4.107495397329330444e-02
5.862464755773544312e-02
2.778318710625171661e-02
1.473035290837287903e-02
3.036124445497989655e-02
1.105929911136627197e-01
2.224537916481494904e-02
1.563082635402679443e-02
-2.429798245429992676e-02
-3.202003613114356995e-02
8.397587575018405914e-03
-2.053092606365680695e-02
5.160406231880187988e-02
2.925541065633296967e-02
1.409570407122373581e-02
3.314640745520591736e-02
-1.740340888500213623e-02
-3.614844055846333504e-03
8.707066066563129425e-03
-6.925321184098720551e-03
2.915204688906669617e-02
9.073661640286445618e-03
5.074962042272090912e-03
3.699036687612533569e-02
7.186936587095260620e-02
-2.181352116167545319e-02
1.865436136722564697e-02
5.420474335551261902e-02
-4.468678683042526245e-02
-3.832595050334930420e-02
-7.640086580067873001e-03
-1.416214276105165482e-03
-1.754313148558139801e-02
4.488732665777206421e-02
-3.553012758493423462e-02
6.820602715015411377e-02
-3.904444351792335510e-02
-2.165159210562705994e-02
3.004692029207944870e-03
-4.251682385802268982e-02
-1.434138696640729904e-02
4.623128473758697510e-02
7.053428888320922852e-02
1.166851539164781570e-02
1.609636936336755753e-03
4.876999184489250183e-03
6.674171239137649536e-02
4.996957629919052124e-02
-6.027770228683948517e-03
1.000455394387245178e-01
2.388723567128181458e-02
-1.832656934857368469e-02
-1.126303337514400482e-02
5.100504960864782333e-03
2.932888083159923553e-02
-3.866273164749145508e-02
3.710365667939186096e-02
2.893846482038497925e-02
2.988662756979465485e-02
3.421795740723609924e-02
-2.451767213642597198e-02
-2.022483386099338531e-02
-7.616018503904342651e-02
2.316379919648170471e-02
-2.380356751382350922e-02
-1.143245026469230652e-02
-2.568599209189414978e-02
1.090328302234411240e-02
-2.667548321187496185e-02
-6.130013614892959595e-02
-8.885892108082771301e-03
5.112650617957115173e-02
3.099176846444606781e-02
2.312785945832729340e-02
2.849903702735900879e-02
3.399404138326644897e-02
5.610626563429832458e-02
6.645274907350540161e-02
-6.730476394295692444e-03
5.812621489167213440e-02
8.685860037803649902e-02
4.225637763738632202e-03
6.494592130184173584e-02
-2.303945459425449371e-02
2.370797097682952881e-03
8.254642039537429810e-02
1.076744347810745239e-01
-4.817459732294082642e-02
-9.637821465730667114e-03
9.713941253721714020e-03
1.687453687191009521e-02
-2.545198076404631138e-04
-4.237371310591697693e-02
-3.433535248041152954e-02
6.475141644477844238e-02
3.650879487395286560e-02
-4.314538091421127319e-03
-1.699823513627052307e-02
4.510646313428878784e-02
-1.522841304540634155e-02
8.926939219236373901e-03
1.616884581744670868e-02
2.895995043218135834e-02
-7.075699511915445328e-03
-7.772151380777359009e-02
3.272834420204162598e-02
-3.715214878320693970e-02
2.588247694075107574e-02
-3.222784399986267090e-02
-3.133156895637512207e-02
-6.987233459949493408e-02
8.577047847211360931e-03
4.196732491254806519e-02
3.848175518214702606e-03
6.840205937623977661e-02
-2.888114005327224731e-02
-1.335883885622024536e-02
-3.531662747263908386e-02
2.067638747394084930e-02
2.392766997218132019e-02
1.722427271306514740e-02
-1.472780108451843262e-01
4.526574921328574419e-04
8.915119804441928864e-03
-1.272185426205396652e-02
3.481613099575042725e-02
-2.093242108821868896e-02
4.379835724830627441e-02
5.773507803678512573e-02
5.813675932586193085e-03
6.943614035844802856e-02
-8.894021622836589813e-03
1.875302288681268692e-03
-1.907839067280292511e-02
1.680643670260906219e-02
1.361952349543571472e-02
-8.011048659682273865e-03
3.598444163799285889e-02
-4.690443351864814758e-02
3.378674015402793884e-02
5.030817701481282711e-04
8.015136118046939373e-04
-7.935421890579164028e-04
-6.527873128652572632e-02
4.263049736618995667e-02
4.997988697141408920e-03
-5.624535307288169861e-02
5.872088484466075897e-03
-7.935340702533721924e-02
-5.486098304390907288e-02
-1.770608499646186829e-02
9.720799513161182404e-03
-4.212463274598121643e-02
-9.614379145205020905e-03
-9.592515998519957066e-04
-3.238970786333084106e-02
-8.415468968451023102e-03
1.501653715968132019e-02
-1.941902935504913330e-02
2.332208864390850067e-02
-1.721576787531375885e-02
1.692926697432994843e-02
5.124298110604286194e-02
-3.630058839917182922e-02
4.235788807272911072e-02
2.761930599808692932e-02
-3.155361860990524292e-02
-3.047605790197849274e-02
5.025509744882583618e-03
1.297880150377750397e-02
-1.392229646444320679e-02
-3.563905879855155945e-02
-2.754536643624305725e-02
1.430702209472656250e-02
3.766456618905067444e-03
1.575883477926254272e-02
4.418372735381126404e-02
4.461784288287162781e-02
-6.072628125548362732e-02
-1.501599047333002090e-02
1.573012955486774445e-02
-3.430274873971939087e-02
3.902029246091842651e-02
-5.267189815640449524e-02
-7.362610660493373871e-03
-1.376900915056467056e-02
1.017809845507144928e-02
2.004756592214107513e-02
4.972450900822877884e-03
-3.593165054917335510e-02
6.102211307734251022e-03
1.586978905834257603e-03
-2.498248592019081116e-02
1.046954095363616943e-02
1.911390013992786407e-02
-2.911871671676635742e-02
5.276484414935112000e-03
3.037250367924571037e-03
1.066789478063583374e-01
2.817619778215885162e-02
4.007757827639579773e-02
-8.438196033239364624e-03
-1.204970479011535645e-02
-1.672136969864368439e-02
-3.875932097434997559e-02
1.498296484351158142e-02
-3.783141449093818665e-02
-1.317184418439865112e-02
-6.803331896662712097e-03
4.131859634071588516e-03
-2.938795089721679688e-02
8.139336109161376953e-02
-6.037893146276473999e-02
-2.929567731916904449e-02
-1.308078039437532425e-02
1.362228579819202423e-02
-5.122483707964420319e-03
-3.825087333098053932e-03
2.288716100156307220e-02
-2.323438040912151337e-02
-7.471583038568496704e-02
6.928470917046070099e-03
1.004556845873594284e-02
-2.468919847160577774e-03
-9.923051111400127411e-03
-1.741813123226165771e-02
5.505173653364181519e-02
7.582154124975204468e-03
4.239986592438071966e-04
2.923519536852836609e-02
5.703323334455490112e-02
4.708521813154220581e-02
8.123459666967391968e-02
2.513157576322555542e-02
-4.099654778838157654e-02
2.648572064936161041e-02
5.118891969323158264e-02
3.694729134440422058e-02
7.161814719438552856e-02
2.058127522468566895e-02
-3.276099264621734619e-02
2.446135506033897400e-02
-3.099015727639198303e-02
-1.839774288237094879e-02
-2.797987544909119606e-03
9.883565455675125122e-02
-6.858678162097930908e-02
-7.190531119704246521e-03
-1.461042184382677078e-02
-6.594699621200561523e-02
-1.972906477749347687e-02
2.304939739406108856e-02
5.109997931867837906e-03
-3.530852869153022766e-02
6.095588579773902893e-02
1.246660365723073483e-03
-7.279408164322376251e-03
-2.997004240751266479e-02
-3.598548844456672668e-02
2.710462082177400589e-03
-1.610323041677474976e-02
-4.536034911870956421e-02
-7.667520642280578613e-02
-1.695553399622440338e-02
2.469531446695327759e-02
3.396910429000854492e-02
8.432143367826938629e-03
-3.488659486174583435e-02
5.704954266548156738e-02
3.384560719132423401e-02
7.802441250532865524e-03
-9.406774304807186127e-03
-2.879401855170726776e-02
1.142262145876884460e-01
-5.047625303268432617e-02
-2.216850034892559052e-02
-2.175434865057468414e-02
-1.470697019249200821e-02
3.168267384171485901e-02
-2.354679815471172333e-02
-4.866014420986175537e-02
-1.671081967651844025e-02
1.643873867578804493e-03
-6.804647855460643768e-03
4.899091646075248718e-02
8.569126017391681671e-03
5.411216616630554199e-02
-7.481184788048267365e-03
-2.877319604158401489e-02
2.296256087720394135e-02
-1.161753460764884949e-01
-5.091898515820503235e-02
1.424377039074897766e-02
4.996203258633613586e-02
2.986429259181022644e-02
-2.032326161861419678e-02
-9.065903723239898682e-02
1.009283680468797684e-02
-4.050027206540107727e-02
