-4.584106430411338806e-02
-1.324330270290374756e-01
-1.592515110969543457e-01
-1.682302951812744141e-01
-1.867058426141738892e-01
-9.803162515163421631e-02
-1.377891898155212402e-01
-1.862144023180007935e-01
-1.302130222320556641e-01
-2.187611907720565796e-01
-1.238969936966896057e-01
-1.681026220321655273e-01
-1.556005477905273438e-01
-1.466249227523803711e-01
-3.408485651016235352e-02
-1.980723738670349121e-01
-1.110635399818420410e-01
-7.976844161748886108e-02
-1.522766500711441040e-01
-2.177250832319259644e-01
-1.326737850904464722e-01
-8.707908540964126587e-02
-9.996265918016433716e-02
-4.713639989495277405e-02
-6.532348692417144775e-02
-7.050432264804840088e-02
-1.391413807868957520e-01
-5.322648212313652039e-02
-1.359713673591613770e-01
-9.827315062284469604e-02
-1.553359329700469971e-01
-1.063135415315628052e-01
-6.691440194845199585e-02
-5.073319748044013977e-02
-1.488038897514343262e-01
-1.394610852003097534e-01
-5.743549391627311707e-02
-2.219689637422561646e-01
-1.571857929229736328e-01
-8.847077190876007080e-02
-6.042496487498283386e-02
-1.715039014816284180e-01
-9.749361872673034668e-02
-1.615047752857208252e-01
-1.476482599973678589e-01
-1.432121396064758301e-01
-1.160093545913696289e-01
-1.672347187995910645e-01
-5.319428816437721252e-02
-1.676909327507019043e-01
-1.158225759863853455e-01
-9.870800375938415527e-02
-1.421410739421844482e-01
-4.050861299037933350e-02
-1.328952759504318237e-01
-6.488387286663055420e-02
-1.038041710853576660e-01
-1.428283900022506714e-01
-1.412123590707778931e-01
-9.786278754472732544e-02
-1.812266185879707336e-02
-1.593535840511322021e-01
-1.245797798037528992e-01
-8.676977455615997314e-02
-1.754688620567321777e-01
-1.489265263080596924e-01
-8.622871339321136475e-02
-9.752364456653594971e-02
-6.059354171156883240e-02
-1.884299814701080322e-01
-1.406937092542648315e-01
-2.985749393701553345e-02
-1.964815855026245117e-01
-5.048185586929321289e-02
-1.461072862148284912e-01
-2.523288689553737640e-02
-1.579139977693557739e-01
-4.570312425494194031e-02
-6.828387081623077393e-02
-1.564874947071075439e-01
-1.527946442365646362e-01
-1.086175367236137390e-01
-1.434459984302520752e-01
-7.477119565010070801e-02
-1.763314604759216309e-01
-8.113997429609298706e-02
-1.539332121610641479e-01
-1.810159236192703247e-01
-1.151504814624786377e-01
-1.904380470514297485e-01
-1.863771975040435791e-01
-3.130412846803665161e-02
-2.193652391433715820e-01
-1.751735210418701172e-01
-1.231497302651405334e-01
-4.485112801194190979e-02
-1.243705898523330688e-01
-1.714642047882080078e-01
-9.388431906700134277e-02
-7.732290029525756836e-02
-2.099386006593704224e-01
-1.826352328062057495e-01
-7.857952266931533813e-02
-1.759018003940582275e-01
-7.489762455224990845e-02
-7.654926180839538574e-02
-8.355669677257537842e-02
-1.048551872372627258e-01
-1.167558208107948303e-01
-1.529441475868225098e-01
-4.737970232963562012e-02
-2.346943914890289307e-01
-5.083555355668067932e-02
-1.104357391595840454e-01
-1.438993513584136963e-01
-7.290366291999816895e-02
-4.549855366349220276e-02
-1.073614731431007385e-01
-1.000000163912773132e-01
-1.329836249351501465e-01
-1.631666123867034912e-01
-4.162272810935974121e-02
-1.539191752672195435e-01
-1.819860041141510010e-01
-1.167538985610008240e-01
-9.989923238754272461e-02
-1.113054305315017700e-01
-1.385047286748886108e-01
-2.076873034238815308e-01
-9.226012974977493286e-02
-5.209575966000556946e-02
-3.332852572202682495e-02
-7.692376524209976196e-02
-7.509286701679229736e-02
-1.330365389585494995e-01
-2.006413936614990234e-01
-1.188946217298507690e-01
-1.113992407917976379e-01
-1.309113949537277222e-01
-1.346400231122970581e-01
-7.425195723772048950e-02
-1.267144978046417236e-01
-9.229511767625808716e-02
-2.466701567173004150e-01
-1.773775368928909302e-01
-1.606846600770950317e-01
-1.507334560155868530e-01
-1.117354407906532288e-01
-6.818436831235885620e-02
-8.016483485698699951e-02
-1.263514608144760132e-01
-6.044995412230491638e-02
-7.326799631118774414e-02
-1.549494713544845581e-01
-5.665196105837821960e-02
-9.389805793762207031e-02
-3.441641852259635925e-02
-7.092528790235519409e-02
-1.080750375986099243e-01
-5.008809641003608704e-02
-1.776623725891113281e-01
-1.395580917596817017e-01
-1.361444145441055298e-01
-9.916324913501739502e-02
-6.375581026077270508e-02
-1.349436491727828979e-01
-1.001783162355422974e-01
-1.589268743991851807e-01
-8.868782222270965576e-02
-1.256767362356185913e-01
-1.831923127174377441e-01
-1.242377534508705139e-01
-1.233367770910263062e-01
-1.446125805377960205e-01
-1.860227137804031372e-01
-5.624782294034957886e-02
-1.157150268554687500e-01
-4.767628759145736694e-02
-1.299262195825576782e-01
-8.470085263252258301e-02
-1.361764222383499146e-01
-2.731116302311420441e-02
-1.577751934528350830e-01
-9.109026193618774414e-02
-1.481715589761734009e-01
-6.783774495124816895e-02
-1.631830781698226929e-01
-3.830908238887786865e-02
-1.930593401193618774e-01
-8.724968135356903076e-02
-1.550805419683456421e-01
-1.481288373470306396e-01
-1.443144530057907104e-01
-7.250936329364776611e-02
-4.696014523506164551e-02
-8.948552608489990234e-02
-1.559570133686065674e-01
-2.957903780043125153e-02
-1.590587198734283447e-01
-1.426884979009628296e-01
-1.042667478322982788e-01
-4.099307581782341003e-02
-2.090012431144714355e-01
-8.866238594055175781e-02
-1.150596141815185547e-01
-6.725464761257171631e-02
-9.098986536264419556e-02
-4.914519935846328735e-02
-1.590998917818069458e-01
-1.101875156164169312e-01
-5.363963171839714050e-02
-4.415698722004890442e-02
-9.693714231252670288e-02
-1.218758374452590942e-01
-1.278486847877502441e-01
-1.505343765020370483e-01
-5.816569179296493530e-02
-1.591827571392059326e-01
-1.522021144628524780e-01
-9.454945474863052368e-02
-1.471958309412002563e-01
-1.024718135595321655e-01
-1.481067985296249390e-01
-1.183533370494842529e-01
-1.026928573846817017e-01
-1.388417631387710571e-01
-6.068729609251022339e-02
-4.533156752586364746e-02
-7.484711706638336182e-02
-7.430538535118103027e-02
-5.966081470251083374e-02
-1.172819882631301880e-01
-1.576094925403594971e-01
-8.784919977188110352e-02
-1.243671774864196777e-01
-1.507528573274612427e-01
-6.556898355484008789e-02
-1.237137764692306519e-01
-1.378725171089172363e-01
-7.806266099214553833e-02
-1.772878170013427734e-01
-8.963429927825927734e-02
-1.530916094779968262e-01
-1.096108630299568176e-01
-2.005483508110046387e-01
-1.254014670848846436e-01
-7.638476788997650146e-02
-1.457654982805252075e-01
-1.616463512182235718e-01
-7.208025455474853516e-02
-1.281036585569381714e-01
-7.371002435684204102e-02
-8.100436627864837646e-02
-1.640227437019348145e-01
-1.434963643550872803e-01
-1.392549127340316772e-01
-1.438165903091430664e-01
-4.574492201209068298e-02
-1.613916605710983276e-01
-1.387958377599716187e-01
-1.783779859542846680e-01
-7.767409086227416992e-02
-1.339676231145858765e-01
-7.223620265722274780e-02
-1.383825242519378662e-01
-7.870471477508544922e-02
-6.100082024931907654e-02
-1.963137835264205933e-01
-1.561042964458465576e-01
-1.931880861520767212e-01
-1.190875396132469177e-01
-7.865100353956222534e-02
-6.183936074376106262e-02
-9.933580458164215088e-02
-1.694335937500000000e-01
-1.294738501310348511e-01
-6.241263076663017273e-02
-7.225522398948669434e-02
-1.646775156259536743e-01
-1.230126842856407166e-01
-4.579614475369453430e-02
-1.570231914520263672e-01
-1.503434777259826660e-01
-4.877172037959098816e-02
-6.886059045791625977e-02
-1.032561138272285461e-01
-1.989344954490661621e-01
-6.979749351739883423e-02
-1.216400712728500366e-01
-7.242015004158020020e-02
-9.513537585735321045e-02
-1.543755382299423218e-01
-1.104061380028724670e-01
-1.502413302659988403e-01
-7.313875854015350342e-02
-1.760097891092300415e-01
-1.206091269850730896e-01
-2.595455013215541840e-02
-4.002582654356956482e-02
-1.158509328961372375e-01
