-1.286676526069641113e-01
-1.716706603765487671e-01
-1.253604590892791748e-01
-6.207503005862236023e-02
-8.671228587627410889e-02
-6.582873314619064331e-02
-9.420327097177505493e-02
-1.529978811740875244e-01
-3.378873690962791443e-02
-2.875060215592384338e-02
-1.580291539430618286e-01
-8.015373349189758301e-02
-1.097551882266998291e-01
-9.074711799621582031e-02
-1.213099285960197449e-01
-1.529746502637863159e-01
-1.165267229080200195e-01
-1.726509779691696167e-01
-1.309983581304550171e-01
-5.912091955542564392e-02
-2.816566079854965210e-02
-8.046273887157440186e-02
-1.140052229166030884e-01
-1.482105255126953125e-01
-1.158541813492774963e-01
-9.296975284814834595e-02
-1.597358137369155884e-01
-9.117356687784194946e-02
-1.950371563434600830e-01
-1.384360194206237793e-01
-1.291601657867431641e-01
-1.210900098085403442e-01
-1.173444539308547974e-01
-3.641604259610176086e-02
-2.863004431128501892e-02
-9.503096342086791992e-02
-9.293632209300994873e-02
-8.732858300209045410e-02
-1.639672815799713135e-01
-8.053755015134811401e-02
-7.787490636110305786e-02
-6.909848749637603760e-02
-1.261719465255737305e-01
-1.304619312286376953e-01
-1.596965491771697998e-01
-1.869215369224548340e-01
-1.096657887101173401e-01
-1.311081349849700928e-01
-3.944176807999610901e-02
-5.399645492434501648e-02
-5.521112307906150818e-02
-7.403064519166946411e-02
-1.069101095199584961e-01
-1.744699031114578247e-01
-5.676556751132011414e-02
-4.824300855398178101e-02
-6.678960472345352173e-02
-5.866773799061775208e-02
-7.657652348279953003e-02
-8.041784912347793579e-02
-1.997984051704406738e-01
-8.951839804649353027e-02
-1.583463996648788452e-01
-4.635811597108840942e-02
-7.454323768615722656e-02
-1.594146490097045898e-01
-1.628828942775726318e-01
-1.529189646244049072e-01
-1.760133355855941772e-01
-1.222317889332771301e-01
-1.171518489718437195e-01
-1.735352575778961182e-01
-1.788122355937957764e-01
-1.956592649221420288e-01
-9.309889376163482666e-02
-8.030022680759429932e-02
-6.872302293777465820e-02
-1.033059656620025635e-01
-1.942346096038818359e-01
-6.668011844158172607e-02
-1.702031791210174561e-01
-1.434446424245834351e-01
-1.091218143701553345e-01
-5.077321827411651611e-02
-7.668649405241012573e-02
-1.069371923804283142e-01
-1.631056368350982666e-01
-7.733531296253204346e-02
-1.501057296991348267e-01
-4.952003434300422668e-02
-1.018021702766418457e-01
-9.454529732465744019e-02
-1.099140122532844543e-01
-7.545427978038787842e-02
-1.747981309890747070e-01
-1.093560978770256042e-01
-1.185677498579025269e-01
-4.139969125390052795e-02
-1.771316230297088623e-01
-1.018575727939605713e-01
-1.376111656427383423e-01
-7.068977504968643188e-02
-1.094939634203910828e-01
-1.745367944240570068e-01
-1.262188255786895752e-01
-1.289088875055313110e-01
-1.601480692625045776e-01
-1.287853568792343140e-01
-2.658029459416866302e-02
-1.524160504341125488e-01
-1.194543465971946716e-01
-1.243846938014030457e-01
-1.187081784009933472e-01
-1.076659709215164185e-01
-1.570499092340469360e-01
-1.613179892301559448e-01
-1.458140760660171509e-01
-1.504731625318527222e-01
-7.329826056957244873e-02
-9.739137440919876099e-02
-9.899324923753738403e-02
-6.835601478815078735e-02
-1.855341196060180664e-01
-1.468852460384368896e-01
-1.404785066843032837e-01
-5.022842437028884888e-02
-5.174348130822181702e-02
-7.690001279115676880e-02
-1.311365365982055664e-01
-1.307461112737655640e-01
-7.000310719013214111e-02
-9.503167867660522461e-02
-1.684924513101577759e-01
-8.368446677923202515e-02
-9.694150835275650024e-02
-1.913917064666748047e-01
-1.560520827770233154e-01
-6.612344086170196533e-02
-4.996614158153533936e-02
-1.546688973903656006e-01
-8.515775948762893677e-02
-1.362118124961853027e-01
-1.152783706784248352e-01
-1.642610877752304077e-01
-1.622257083654403687e-01
-1.283699274063110352e-01
-4.032243788242340088e-02
-5.307515338063240051e-02
-5.656465142965316772e-02
-1.495682001113891602e-01
-5.338697507977485657e-02
-1.518977284431457520e-01
-9.550976008176803589e-02
-1.083789095282554626e-01
-1.146799251437187195e-01
-2.114833891391754150e-01
-1.964224502444267273e-02
-1.204485669732093811e-01
-8.846227079629898071e-02
-1.341936886310577393e-01
-1.684371232986450195e-01
-1.018112972378730774e-01
-1.898002028465270996e-01
-9.306431561708450317e-02
-1.450464725494384766e-01
-1.807240247726440430e-01
-1.349069625139236450e-01
-1.619343161582946777e-01
-7.884822785854339600e-02
-1.460282653570175171e-01
-8.263625204563140869e-02
-7.541503757238388062e-02
-1.116434931755065918e-01
-3.013826906681060791e-02
-1.940851658582687378e-01
-8.075379580259323120e-02
-8.623749762773513794e-02
-1.526541262865066528e-01
-1.608933210372924805e-01
-4.885837808251380920e-02
-1.254529356956481934e-01
-1.408299654722213745e-01
-1.735945492982864380e-01
-1.730623692274093628e-01
-2.036846876144409180e-01
-1.674773842096328735e-01
-1.078956574201583862e-01
-2.046506293118000031e-02
-1.116473451256752014e-01
-1.389685422182083130e-01
-7.729989290237426758e-02
-5.689013376832008362e-02
-1.263455450534820557e-01
-5.521050095558166504e-02
-8.517302572727203369e-02
-1.797989606857299805e-01
-1.722421944141387939e-01
-8.536078780889511108e-02
-1.506430804729461670e-01
-1.102823242545127869e-01
-2.119571566581726074e-01
-1.716317236423492432e-01
-1.024069339036941528e-01
-1.577866971492767334e-01
-9.223160892724990845e-02
-8.296380192041397095e-02
-1.305877715349197388e-01
-1.991387605667114258e-01
-1.850876063108444214e-01
-1.313398927450180054e-01
-1.668731123208999634e-01
-8.416225016117095947e-02
-9.695602953433990479e-02
-1.707637459039688110e-01
-6.726473569869995117e-02
-1.061480939388275146e-01
-1.768495142459869385e-01
-2.029911577701568604e-01
-1.131174936890602112e-01
-1.865141838788986206e-01
-9.023805707693099976e-02
-1.658385097980499268e-01
-6.770292669534683228e-02
-5.250270664691925049e-02
-9.013441205024719238e-02
-1.503745466470718384e-01
-1.547377854585647583e-01
-1.282274127006530762e-01
-6.263925135135650635e-02
-4.564794525504112244e-02
-8.598428964614868164e-02
-6.275525689125061035e-02
-1.459458321332931519e-01
-1.100986674427986145e-01
-1.179895773530006409e-01
-4.600778967142105103e-02
-1.494681388139724731e-01
-9.658347815275192261e-02
-1.076639816164970398e-01
-1.525151431560516357e-01
-7.895106077194213867e-02
-2.042831182479858398e-01
-1.369427889585494995e-01
-9.831716120243072510e-02
-9.953096508979797363e-02
-1.207332164049148560e-01
-1.537386476993560791e-01
-5.868458747863769531e-02
-1.012546494603157043e-01
-1.058450043201446533e-01
-1.248169764876365662e-01
-1.821924448013305664e-01
-1.182036474347114563e-01
-8.120014518499374390e-02
-8.869808912277221680e-02
-8.037733286619186401e-02
-4.153253883123397827e-02
-1.646248102188110352e-01
-1.965197920799255371e-01
-1.019468009471893311e-01
-1.517796814441680908e-01
-1.643737256526947021e-01
-1.021991893649101257e-01
-8.276067674160003662e-02
-1.700881570577621460e-01
-1.199574619531631470e-01
-2.169374227523803711e-01
-1.441220641136169434e-01
-3.843145817518234253e-02
-1.674734652042388916e-01
-5.612302944064140320e-02
-7.113935798406600952e-02
-8.103396743535995483e-02
-4.900139942765235901e-02
-1.500416249036788940e-01
-1.115906536579132080e-01
-1.606611162424087524e-01
-1.533752679824829102e-01
-7.586023211479187012e-02
-1.294749677181243896e-01
-9.161468595266342163e-02
-1.056596785783767700e-01
-1.269620358943939209e-01
-8.905011415481567383e-02
-2.090160250663757324e-01
-8.128970116376876831e-02
-7.103236764669418335e-02
-1.263356059789657593e-01
-7.845015823841094971e-02
-1.383688300848007202e-01
-1.658720374107360840e-01
-2.181549519300460815e-01
-1.929714530706405640e-01
-9.864915907382965088e-02
-6.287261098623275757e-02
-1.785880327224731445e-01
-7.283072173595428467e-02
-2.140761315822601318e-01
-9.817285090684890747e-02
-1.632843762636184692e-01
