-1.207702383399009705e-01
-1.965753436088562012e-01
-1.738436371088027954e-01
-1.770491749048233032e-01
-9.117732197046279907e-02
-1.330212205648422241e-01
-1.897634007036685944e-02
-4.365477710962295532e-02
-1.145468577742576599e-01
-1.139133274555206299e-01
-4.993912577629089355e-02
-1.896299421787261963e-01
-1.700230538845062256e-01
-1.155015304684638977e-01
-2.158382534980773926e-02
-1.482827961444854736e-01
-1.304970979690551758e-01
-1.221115291118621826e-01
-1.032276898622512817e-01
-5.977555364370346069e-02
-1.200766637921333313e-01
-7.899776846170425415e-02
-1.302790790796279907e-01
-1.479393541812896729e-01
-1.054109632968902588e-01
-8.087898790836334229e-02
-1.098364070057868958e-01
-8.917254954576492310e-02
-5.807443708181381226e-02
-1.338796466588973999e-01
-8.882165700197219849e-02
-6.974127888679504395e-02
-7.805912196636199951e-02
-1.977057904005050659e-01
-6.432170420885086060e-02
-1.036884561181068420e-01
-7.738736271858215332e-02
-1.454950720071792603e-01
-1.192263439297676086e-01
-7.744011282920837402e-02
-1.682881861925125122e-01
-9.998634457588195801e-02
-1.087432056665420532e-01
-1.949527263641357422e-01
-2.806154265999794006e-02
-1.086180061101913452e-01
-1.288926303386688232e-01
-1.939966380596160889e-01
-1.039335280656814575e-01
-6.682122498750686646e-02
-1.155356094241142273e-01
-1.690200567245483398e-01
-5.902499333024024963e-02
-1.724361032247543335e-01
-4.801686853170394897e-02
-5.460248142480850220e-02
-5.288453400135040283e-02
-6.288432329893112183e-02
-1.730218529701232910e-01
-1.646565943956375122e-01
-1.265963017940521240e-01
-8.564523607492446899e-02
-1.353919506072998047e-01
-1.294917464256286621e-01
-1.369035691022872925e-01
-4.014842212200164795e-02
-1.268101632595062256e-01
-1.016735658049583435e-01
-1.099053248763084412e-01
-6.187598407268524170e-02
-4.853833466768264771e-02
-1.123774498701095581e-01
-9.967796504497528076e-02
-1.075120642781257629e-01
-1.311629414558410645e-01
-1.269674748182296753e-01
-1.505966037511825562e-01
-8.650697767734527588e-02
-1.360508203506469727e-01
-5.413081496953964233e-02
-1.716704666614532471e-01
-1.038736626505851746e-01
-1.358788013458251953e-01
-1.630687415599822998e-01
-1.488376259803771973e-01
-1.650313436985015869e-01
-6.123431771993637085e-02
-1.229954361915588379e-01
-7.742315530776977539e-02
-9.793981164693832397e-02
-1.580068767070770264e-01
-1.828926950693130493e-01
-7.897107303142547607e-02
-7.631383836269378662e-02
-1.748857498168945312e-01
-5.778465420007705688e-02
-1.383638978004455566e-01
-7.220220565795898438e-02
-1.606970876455307007e-01
-9.791617840528488159e-02
-1.414338499307632446e-01
-7.661423832178115845e-02
-8.343307673931121826e-02
-1.281890124082565308e-01
-1.120268031954765320e-01
-1.106964945793151855e-01
-6.230715662240982056e-02
-7.700442522764205933e-02
-1.723331212997436523e-01
-1.024350821971893311e-01
-1.154145076870918274e-01
-5.598454549908638000e-02
-1.838365197181701660e-01
-1.652599871158599854e-01
-1.152879148721694946e-01
-1.412954330444335938e-01
-4.891854524612426758e-02
-3.390121459960937500e-02
-1.117115616798400879e-01
-1.002382561564445496e-01
-1.598891168832778931e-01
-9.346920251846313477e-02
-1.400010138750076294e-01
-5.962712690234184265e-02
-1.725078225135803223e-01
-1.029399335384368896e-01
-1.895721405744552612e-01
-1.334967762231826782e-01
-8.117812126874923706e-02
-8.069461584091186523e-02
-9.091144055128097534e-02
-1.932358890771865845e-01
-1.301775574684143066e-01
-1.181700304150581360e-01
-1.660488992929458618e-01
-9.975890070199966431e-02
-1.192462146282196045e-01
-8.605453372001647949e-02
-2.050552815198898315e-01
-1.834902167320251465e-01
-9.756387025117874146e-02
-1.633427739143371582e-01
-1.794545650482177734e-01
-8.962251245975494385e-02
-1.705148965120315552e-01
-1.478551328182220459e-01
-4.827485606074333191e-02
-3.632035106420516968e-02
-1.116341948509216309e-01
-1.483100503683090210e-01
-1.540490984916687012e-01
-1.429895460605621338e-01
-1.581805050373077393e-01
-1.923190802335739136e-01
-1.184304133057594299e-01
-1.594098359346389771e-01
-1.339007318019866943e-01
-1.653409898281097412e-01
-1.211269348859786987e-01
-1.148617342114448547e-01
-2.251848950982093811e-02
-1.782157272100448608e-01
-1.148623451590538025e-01
-7.642129808664321899e-02
-8.750952780246734619e-02
-1.561761051416397095e-01
-7.478000223636627197e-02
-1.005294844508171082e-01
-1.645997762680053711e-01
-6.722553819417953491e-02
-1.854164153337478638e-02
-1.644942164421081543e-01
-2.272279858589172363e-01
-1.627554595470428467e-01
-1.369586139917373657e-01
-9.541360288858413696e-02
-1.505731493234634399e-01
-1.102064549922943115e-01
-1.622067838907241821e-01
-7.054357230663299561e-02
-6.125688552856445312e-02
-6.294202059507369995e-02
-1.743312776088714600e-01
-1.435162127017974854e-01
-1.135436892509460449e-01
-1.156084910035133362e-01
-5.713809281587600708e-02
-1.621152907609939575e-01
-1.297632604837417603e-01
-1.842473894357681274e-01
-1.256144195795059204e-01
-9.663069993257522583e-02
-1.473076492547988892e-01
6.822207476943731308e-03
-7.765378057956695557e-02
-8.603008091449737549e-02
-1.772752553224563599e-01
-1.591069400310516357e-01
-1.425396054983139038e-01
-1.240664124488830566e-01
-6.244804710149765015e-02
-2.627690322697162628e-02
-8.762742578983306885e-02
3.236015094444155693e-03
-1.081122756004333496e-01
-1.245206594467163086e-01
-1.239750683307647705e-01
-7.772894948720932007e-02
-1.421131640672683716e-01
-1.899890452623367310e-01
-5.598230287432670593e-02
-1.153695583343505859e-01
-1.988027840852737427e-01
-7.963427156209945679e-02
-4.310285300016403198e-02
-1.597671508789062500e-01
-3.944232687354087830e-02
-5.261890590190887451e-02
-9.165798127651214600e-02
-1.015268042683601379e-01
-1.925892680883407593e-01
-9.582252055406570435e-02
-1.177693828940391541e-01
-5.327537283301353455e-02
-2.034812271595001221e-01
-1.148439198732376099e-01
-1.237496882677078247e-01
-1.812759339809417725e-01
-1.194516420364379883e-01
-1.348246932029724121e-01
-6.431568413972854614e-02
-5.466575734317302704e-03
-7.514549046754837036e-02
-6.277754902839660645e-02
-8.164307475090026855e-02
-1.748708039522171021e-01
-1.389268636703491211e-01
-9.582909196615219116e-02
-1.721381396055221558e-01
-1.265087872743606567e-01
-1.692403703927993774e-01
-1.596534699201583862e-01
-1.893364936113357544e-01
-2.544632554054260254e-02
-1.898627430200576782e-01
-1.676060706377029419e-01
-1.244889646768569946e-01
-6.714563071727752686e-02
-8.813276141881942749e-02
-8.827698975801467896e-02
-1.270671039819717407e-01
-1.110561639070510864e-01
-1.428184956312179565e-01
-7.362702488899230957e-02
-2.014834880828857422e-01
-1.771029382944107056e-01
-1.590484976768493652e-01
-1.418842822313308716e-01
-2.041624039411544800e-01
-1.333507001399993896e-01
-1.508888304233551025e-01
-1.426556557416915894e-01
-7.224771380424499512e-02
-9.386947751045227051e-02
-1.895296871662139893e-01
-2.060014903545379639e-01
-6.423262506723403931e-02
-1.141481697559356689e-01
-8.121982216835021973e-02
-5.432178452610969543e-02
-1.118031069636344910e-01
-1.181337460875511169e-01
-8.151775598526000977e-02
-1.210573986172676086e-01
-9.293022006750106812e-02
-1.343460381031036377e-01
-2.016576975584030151e-01
-9.346765279769897461e-02
-2.169889062643051147e-01
-1.513164341449737549e-01
-5.800984799861907959e-02
-1.349045187234878540e-01
-7.642429322004318237e-02
-2.192689180374145508e-01
-1.670423299074172974e-01
-1.829130053520202637e-01
-1.605373769998550415e-01
-5.337614566087722778e-02
-1.187512651085853577e-01
-1.556097269058227539e-01
-8.262176811695098877e-02
-3.674691170454025269e-02
-8.018883317708969116e-02
-1.839912235736846924e-01
-1.282514780759811401e-01
-1.725908219814300537e-01
-1.054570600390434265e-01
-1.828788667917251587e-01
-1.839854866266250610e-01
-1.866407096385955811e-01
