-5.652355551719665527e-01
-1.560767173767089844e+00
-7.422602176666259766e-01
-9.658741354942321777e-01
-1.436390519142150879e+00
-5.188496708869934082e-01
-1.219969749450683594e+00
-1.180608272552490234e+00
-1.151234269142150879e+00
-1.264262795448303223e+00
-1.392500281333923340e+00
-9.439781904220581055e-01
-1.206527471542358398e+00
-5.601226091384887695e-01
-1.086971044540405273e+00
-1.081045985221862793e+00
-9.614503979682922363e-01
-7.604598402976989746e-01
-1.153648018836975098e+00
-1.594783782958984375e+00
-1.525956749916076660e+00
-8.640889525413513184e-01
-9.912243485450744629e-01
-5.482633113861083984e-01
-8.171764016151428223e-01
-1.494408011436462402e+00
-9.364521503448486328e-01
-8.505536317825317383e-01
-1.157068252563476562e+00
-1.020445108413696289e+00
-6.752393841743469238e-01
-1.248958826065063477e+00
-1.036380767822265625e+00
-8.985471725463867188e-01
-5.997302532196044922e-01
-7.576664686203002930e-01
-9.363800883293151855e-01
-8.055216073989868164e-01
-1.184818267822265625e+00
-7.570863962173461914e-01
-3.924721777439117432e-01
-7.896640896797180176e-01
-1.350789546966552734e+00
-1.530749917030334473e+00
-1.238447785377502441e+00
-1.342828750610351562e+00
-9.347761273384094238e-01
-1.202154040336608887e+00
-1.092220664024353027e+00
-1.247715950012207031e+00
