2.820661962032318115e-01
7.361825555562973022e-02
-1.707027405500411987e-01
1.487672477960586548e-01
-4.793479293584823608e-02
-1.942683607339859009e-01
2.721600234508514404e-01
-1.428133994340896606e-01
2.778437435626983643e-01
1.251682043075561523e-01
-4.550869464874267578e-01
-2.176866307854652405e-02
-4.284184277057647705e-01
8.723875135183334351e-02
-5.298680439591407776e-02
2.838144004344940186e-01
3.234638646245002747e-02
-6.276393681764602661e-02
4.664887785911560059e-01
-3.314950689673423767e-02
-8.231524378061294556e-02
7.552286982536315918e-02
1.817556172609329224e-01
-8.256485313177108765e-02
-6.287645548582077026e-02
2.397225797176361084e-01
2.542381882667541504e-01
-9.906763210892677307e-03
3.208185359835624695e-02
-1.800240129232406616e-01
-8.193537592887878418e-02
3.226751089096069336e-01
1.248097568750381470e-01
1.888913102447986603e-02
1.269593387842178345e-01
9.701089560985565186e-02
3.436619043350219727e-02
