-3.361088752746582031e+00
-2.019031286239624023e+00
-2.673931360244750977e+00
-3.229358434677124023e+00
-2.402814149856567383e+00
-1.693538427352905273e+00
-2.361282110214233398e+00
-2.011331319808959961e+00
-3.361871480941772461e+00
-9.964616894721984863e-01
-2.875773191452026367e+00
-3.218118906021118164e+00
-2.341198444366455078e+00
-1.057034730911254883e+00
-2.325410842895507812e+00
-6.162255257368087769e-02
-2.837049722671508789e+00
-4.784585475921630859e+00
-2.751340866088867188e+00
-4.218933105468750000e+00
-2.127181291580200195e+00
-2.099594831466674805e+00
-4.027624607086181641e+00
-4.264698028564453125e+00
-1.896769762039184570e+00
-3.665132522583007812e+00
-4.138178825378417969e+00
-2.481685161590576172e+00
-2.546137809753417969e+00
-1.950517177581787109e+00
-1.791380405426025391e+00
-3.827646732330322266e+00
-2.493557214736938477e+00
-4.580120563507080078e+00
-1.985409855842590332e+00
-2.471720457077026367e+00
-2.543426036834716797e+00
-1.382639050483703613e+00
-1.205903530120849609e+00
-1.995421409606933594e+00
-3.966557264328002930e+00
-4.296373367309570312e+00
-2.705507516860961914e+00
-4.384172439575195312e+00
-1.167517781257629395e+00
-5.155336856842041016e+00
-2.637634277343750000e+00
-7.547920346260070801e-01
-4.232331812381744385e-01
-1.341170310974121094e+00
