3.258857643231749535e-03
3.258857410401105881e-03
3.258856479078531265e-03
3.258856246247887611e-03
3.258855780586600304e-03
3.258855082094669342e-03
3.258854383602738380e-03
3.258853452280163765e-03
3.258853452280163765e-03
3.258852753788232803e-03
3.258851589635014534e-03
3.258851356804370880e-03
3.258850425481796265e-03
3.258849726989865303e-03
3.258849028497934341e-03
3.258849028497934341e-03
3.258848562836647034e-03
3.258848097175359726e-03
3.258847864344716072e-03
3.258846001699566841e-03
3.258845070376992226e-03
3.258844837546348572e-03
3.258844371885061264e-03
3.258843673393130302e-03
3.258843207731842995e-03
3.258842742070555687e-03
3.258842043578624725e-03
3.258841810747981071e-03
3.258840879425406456e-03
3.258840180933475494e-03
3.258839016780257225e-03
3.258838551118969917e-03
3.258838318288326263e-03
3.258837852627038956e-03
3.258837154135107994e-03
3.258836455643177032e-03
3.258835989981889725e-03
3.258834825828671455e-03
3.258834360167384148e-03
3.258833661675453186e-03
3.258832497522234917e-03
3.258832264691591263e-03
3.258831333369016647e-03
3.258830634877085686e-03
3.258830634877085686e-03
3.258829936385154724e-03
3.258829936385154724e-03
3.258829005062580109e-03
3.258828306570649147e-03
3.258827608078718185e-03
3.258826909586787224e-03
3.258826443925499916e-03
3.258825745433568954e-03
3.258825279772281647e-03
3.258824581280350685e-03
3.258823882788419724e-03
3.258822951465845108e-03
3.258822252973914146e-03
3.258821787312626839e-03
3.258821088820695877e-03
3.258820390328764915e-03
3.258819691836833954e-03
3.258819691836833954e-03
3.258818527683615685e-03
3.258817596361041069e-03
3.258816897869110107e-03
3.258816897869110107e-03
3.258816432207822800e-03
3.258815035223960876e-03
3.258814569562673569e-03
3.258814336732029915e-03
3.258813871070742607e-03
3.258813405409455299e-03
3.258812706917524338e-03
3.258812008425593376e-03
3.258811077103018761e-03
3.258810145780444145e-03
3.258809680119156837e-03
3.258809214457869530e-03
3.258808515965938568e-03
3.258807817474007607e-03
3.258807817474007607e-03
3.258806653320789337e-03
3.258806187659502029e-03
3.258805489167571068e-03
3.258804790675640106e-03
3.258804325014352798e-03
3.258803859353065491e-03
3.258803160861134529e-03
3.258802462369203568e-03
3.258801996707916260e-03
3.258801298215985298e-03
3.258800832554697990e-03
3.258800599724054337e-03
3.258800134062767029e-03
3.258798969909548759e-03
3.258798271417617798e-03
3.258797340095043182e-03
3.258797107264399529e-03
3.258796641603112221e-03
3.258795943111181259e-03
3.258795244619250298e-03
3.258794080466032028e-03
3.258793614804744720e-03
3.258793614804744720e-03
3.258792450651526451e-03
3.258792450651526451e-03
3.258791286498308182e-03
3.258790588006377220e-03
3.258790122345089912e-03
3.258788958191871643e-03
3.258788259699940681e-03
3.258788259699940681e-03
3.258788259699940681e-03
3.258787095546722412e-03
3.258786397054791451e-03
3.258786397054791451e-03
3.258785698562860489e-03
3.258784534409642220e-03
3.258784068748354912e-03
3.258782904595136642e-03
3.258782671764492989e-03
3.258781740441918373e-03
3.258781740441918373e-03
3.258781041949987411e-03
3.258780576288700104e-03
3.258780343458056450e-03
3.258779179304838181e-03
3.258778015151619911e-03
3.258777549490332603e-03
3.258777316659688950e-03
3.258776385337114334e-03
3.258775686845183372e-03
3.258774988353252411e-03
3.258774522691965103e-03
3.258774289861321449e-03
3.258773358538746834e-03
3.258772194385528564e-03
3.258771961554884911e-03
3.258771030232310295e-03
3.258770797401666641e-03
3.258770098909735680e-03
3.258770098909735680e-03
3.258769167587161064e-03
3.258768469095230103e-03
3.258767770603299141e-03
3.258766839280724525e-03
3.258766140788793564e-03
3.258765907958149910e-03
3.258764976635575294e-03
3.258764743804931641e-03
3.258764278143644333e-03
3.258763113990426064e-03
3.258762648329138756e-03
3.258761484175920486e-03
3.258761251345276833e-03
3.258760552853345871e-03
3.258759621530771255e-03
3.258759621530771255e-03
3.258758923038840294e-03
3.258758224546909332e-03
3.258757293224334717e-03
3.258757060393691063e-03
3.258756594732403755e-03
3.258755896240472794e-03
3.258755430579185486e-03
3.258755197748541832e-03
3.258754266425967216e-03
3.258754033595323563e-03
3.258753102272748947e-03
3.258752869442105293e-03
3.258751705288887024e-03
3.258751006796956062e-03
3.258750075474381447e-03
3.258749842643737793e-03
3.258749376982450485e-03
3.258748678490519524e-03
3.258747979998588562e-03
3.258747514337301254e-03
3.258747048676013947e-03
3.258746815845370293e-03
3.258745186030864716e-03
3.258744720369577408e-03
3.258744487538933754e-03
3.258744487538933754e-03
3.258743556216359138e-03
3.258742624893784523e-03
3.258741693571209908e-03
3.258741693571209908e-03
3.258740995079278946e-03
3.258739830926060677e-03
3.258738666772842407e-03
3.258738433942198753e-03
3.258737502619624138e-03
3.258737269788980484e-03
3.258736338466405869e-03
3.258736338466405869e-03
3.258735174313187599e-03
3.258734941482543945e-03
3.258734475821256638e-03
3.258733777329325676e-03
3.258732613176107407e-03
3.258732147514820099e-03
3.258731449022889137e-03
3.258730983361601830e-03
3.258730750530958176e-03
3.258730750530958176e-03
3.258729819208383560e-03
3.258728422224521637e-03
3.258727723732590675e-03
3.258727258071303368e-03
3.258726559579372406e-03
3.258726093918085098e-03
3.258725628256797791e-03
3.258724696934223175e-03
3.258724231272935867e-03
3.258723765611648560e-03
3.258722601458430290e-03
3.258722601458430290e-03
3.258722368627786636e-03
3.258721437305212021e-03
3.258720738813281059e-03
3.258720505982637405e-03
3.258719341829419136e-03
3.258718876168131828e-03
3.258718177676200867e-03
3.258717712014913559e-03
3.258716547861695290e-03
3.258716315031051636e-03
3.258715849369764328e-03
3.258715150877833366e-03
3.258714219555258751e-03
3.258714219555258751e-03
3.258713521063327789e-03
3.258712822571396828e-03
3.258711658418178558e-03
3.258711192756891251e-03
3.258710494264960289e-03
3.258710494264960289e-03
3.258710028603672981e-03
3.258709330111742020e-03
3.258708165958523750e-03
3.258707700297236443e-03
3.258707001805305481e-03
3.258706303313374519e-03
3.258705604821443558e-03
3.258705139160156250e-03
3.258704440668225288e-03
3.258703975006937981e-03
3.258703509345650673e-03
3.258703276515007019e-03
3.258702112361788750e-03
3.258701413869857788e-03
3.258700482547283173e-03
3.258700249716639519e-03
3.258699784055352211e-03
3.258699085563421249e-03
3.258698387071490288e-03
3.258697921410202980e-03
3.258697455748915672e-03
3.258697222918272018e-03
3.258695593103766441e-03
3.258695127442479134e-03
3.258694894611835480e-03
3.258694428950548172e-03
3.258693264797329903e-03
3.258693031966686249e-03
3.258692100644111633e-03
3.258691867813467979e-03
3.258691402152180672e-03
3.258690237998962402e-03
3.258689539507031441e-03
3.258688841015100479e-03
3.258688375353813171e-03
3.258687909692525864e-03
3.258687676861882210e-03
3.258686745539307594e-03
3.258686047047376633e-03
3.258685581386089325e-03
3.258684882894158363e-03
3.258684184402227402e-03
3.258683485910296440e-03
3.258683020249009132e-03
3.258682554587721825e-03
3.258681856095790863e-03
3.258681157603859901e-03
3.258680691942572594e-03
3.258679993450641632e-03
3.258678829297423363e-03
3.258678363636136055e-03
3.258678130805492401e-03
3.258677199482917786e-03
3.258676500990986824e-03
3.258676500990986824e-03
3.258675336837768555e-03
3.258675336837768555e-03
3.258674638345837593e-03
3.258673939853906631e-03
3.258672775700688362e-03
3.258672310039401054e-03
3.258671844378113747e-03
3.258671145886182785e-03
3.258670913055539131e-03
3.258670447394251823e-03
3.258669748902320862e-03
3.258668817579746246e-03
3.258668119087815285e-03
3.258666954934597015e-03
3.258665790781378746e-03
3.258665557950735092e-03
3.258665092289447784e-03
3.258664626628160477e-03
3.258664393797516823e-03
3.258663928136229515e-03
3.258663229644298553e-03
3.258662298321723938e-03
3.258661599829792976e-03
3.258660901337862015e-03
3.258660202845931053e-03
3.258660202845931053e-03
3.258659271523356438e-03
3.258658573031425476e-03
3.258658573031425476e-03
3.258657408878207207e-03
3.258656710386276245e-03
3.258656011894345284e-03
3.258655080571770668e-03
3.258654382079839706e-03
3.258653916418552399e-03
3.258653683587908745e-03
3.258652985095977783e-03
3.258652519434690475e-03
3.258651355281472206e-03
3.258650889620184898e-03
3.258650656789541245e-03
3.258649725466966629e-03
3.258649026975035667e-03
3.258648794144392014e-03
3.258648328483104706e-03
3.258647629991173744e-03
3.258646698668599129e-03
3.258646000176668167e-03
3.258644836023449898e-03
3.258644370362162590e-03
3.258644137531518936e-03
3.258643439039587975e-03
3.258643439039587975e-03
3.258642507717013359e-03
3.258641343563795090e-03
3.258641343563795090e-03
3.258640179410576820e-03
3.258640179410576820e-03
3.258639480918645859e-03
3.258638782426714897e-03
3.258638316765427589e-03
3.258637618273496628e-03
3.258637152612209320e-03
3.258636454120278358e-03
3.258636454120278358e-03
3.258635289967060089e-03
3.258635057136416435e-03
3.258633427321910858e-03
3.258632961660623550e-03
3.258632961660623550e-03
3.258631797507405281e-03
3.258631564676761627e-03
3.258630866184830666e-03
3.258630400523543358e-03
3.258629702031612396e-03
3.258629236370325089e-03
3.258628537878394127e-03
3.258627606555819511e-03
3.258626908063888550e-03
3.258626908063888550e-03
3.258626209571957588e-03
3.258625511080026627e-03
3.258624579757452011e-03
3.258623881265521049e-03
3.258623415604233742e-03
3.258623182773590088e-03
3.258622018620371819e-03
3.258621320128440857e-03
3.258620388805866241e-03
3.258619690313935280e-03
3.258619690313935280e-03
3.258619690313935280e-03
3.258618060499429703e-03
3.258617827668786049e-03
3.258616663515567780e-03
3.258616197854280472e-03
3.258615965023636818e-03
3.258615499362349510e-03
3.258615033701062202e-03
3.258614335209131241e-03
3.258613636717200279e-03
3.258612938225269318e-03
3.258612006902694702e-03
3.258611308410763741e-03
3.258611308410763741e-03
3.258610144257545471e-03
3.258610144257545471e-03
3.258608980104327202e-03
3.258608514443039894e-03
3.258607815951108932e-03
3.258607117459177971e-03
3.258606651797890663e-03
3.258606418967247009e-03
3.258604789152741432e-03
3.258604789152741432e-03
3.258604090660810471e-03
3.258603624999523163e-03
3.258603392168879509e-03
3.258602460846304893e-03
3.258601762354373932e-03
3.258601063862442970e-03
3.258601063862442970e-03
3.258599434047937393e-03
3.258599201217293739e-03
3.258598269894719124e-03
3.258597571402788162e-03
3.258597105741500854e-03
3.258596407249569893e-03
3.258595941588282585e-03
3.258595243096351624e-03
3.258595243096351624e-03
3.258594078943133354e-03
3.258593846112489700e-03
3.258592914789915085e-03
3.258592216297984123e-03
3.258591750636696815e-03
3.258591052144765854e-03
3.258590586483478546e-03
3.258589887991547585e-03
3.258589655160903931e-03
3.258588723838329315e-03
3.258588491007685661e-03
3.258588491007685661e-03
3.258586861193180084e-03
3.258586395531892776e-03
3.258585697039961815e-03
3.258584998548030853e-03
3.258584300056099892e-03
3.258583834394812584e-03
3.258583368733525276e-03
3.258582670241594315e-03
3.258582204580307007e-03
3.258581971749663353e-03
3.258581273257732391e-03
3.258580109104514122e-03
3.258579643443226814e-03
3.258578944951295853e-03
3.258578479290008545e-03
3.258578013628721237e-03
3.258577315136790276e-03
3.258576616644859314e-03
3.258576616644859314e-03
3.258575918152928352e-03
3.258574986830353737e-03
3.258574288338422775e-03
3.258573589846491814e-03
3.258572658523917198e-03
3.258572658523917198e-03
3.258571727201342583e-03
3.258571261540055275e-03
3.258571261540055275e-03
3.258570563048124313e-03
3.258569398894906044e-03
3.258568467572331429e-03
3.258568234741687775e-03
3.258567769080400467e-03
3.258567070588469505e-03
3.258566604927182198e-03
3.258566372096538544e-03
3.258565440773963928e-03
3.258564043790102005e-03
3.258563578128814697e-03
3.258562879636883736e-03
3.258562413975596428e-03
3.258561715483665466e-03
3.258561016991734505e-03
3.258561016991734505e-03
3.258560085669159889e-03
3.258559852838516235e-03
3.258558921515941620e-03
3.258558223024010658e-03
3.258557990193367004e-03
3.258557524532079697e-03
3.258556360378861427e-03
3.258555196225643158e-03
3.258555196225643158e-03
3.258554497733712196e-03
3.258554497733712196e-03
3.258553799241781235e-03
3.258552867919206619e-03
3.258552169427275658e-03
3.258551005274057388e-03
3.258550539612770081e-03
3.258549608290195465e-03
3.258549608290195465e-03
3.258548676967620850e-03
