1.181302592158317566e-01
1.179135739803314209e-01
1.181532070040702820e-01
1.179358139634132385e-01
1.181341335177421570e-01
1.179338619112968445e-01
1.180635392665863037e-01
1.179097071290016174e-01
1.179539635777473450e-01
1.178803369402885437e-01
1.178344488143920898e-01
1.178701445460319519e-01
1.177375763654708862e-01
1.178976818919181824e-01
1.176854968070983887e-01
1.179621070623397827e-01
1.176789030432701111e-01
1.180379390716552734e-01
1.176958382129669189e-01
1.180902719497680664e-01
1.177107170224189758e-01
1.181059107184410095e-01
1.177194789052009583e-01
1.181073859333992004e-01
1.177406758069992065e-01
1.181319728493690491e-01
1.177912876009941101e-01
1.181999966502189636e-01
1.178686246275901794e-01
1.183025389909744263e-01
1.179531365633010864e-01
1.184121370315551758e-01
1.180234998464584351e-01
1.185017600655555725e-01
1.180665865540504456e-01
1.185538917779922485e-01
1.180753409862518311e-01
1.185586079955101013e-01
1.180435568094253540e-01
1.185105964541435242e-01
1.179659068584442139e-01
1.184096708893775940e-01
1.178414151072502136e-01
1.182615235447883606e-01
1.176752671599388123e-01
1.180773079395294189e-01
1.174781844019889832e-01
1.178721934556961060e-01
1.172644495964050293e-01
1.176643073558807373e-01
1.170510277152061462e-01
1.174749359488487244e-01
1.168573722243309021e-01
1.173280254006385803e-01
1.167053580284118652e-01
1.172483265399932861e-01
1.166171282529830933e-01
1.172555312514305115e-01
1.166086271405220032e-01
1.173537075519561768e-01
1.166794523596763611e-01
1.175231933593750000e-01
1.168073341250419617e-01
1.177275404334068298e-01
1.169622689485549927e-01
1.179358661174774170e-01
1.171274781227111816e-01
1.181317865848541260e-01
1.172980368137359619e-01
1.182946264743804932e-01
1.174595206975936890e-01
1.183843761682510376e-01
1.175811737775802612e-01
1.183615848422050476e-01
1.176332607865333557e-01
1.182272806763648987e-01
1.176108121871948242e-01
1.180299296975135803e-01
1.175395771861076355e-01
1.178322881460189819e-01
1.174594834446907043e-01
1.176833361387252808e-01
1.174068450927734375e-01
1.176136508584022522e-01
1.174083352088928223e-01
1.176392957568168640e-01
1.174809113144874573e-01
1.177611425518989563e-01
1.176276877522468567e-01
1.179539561271667480e-01
1.178228855133056641e-01
1.181537955999374390e-01
1.180009990930557251e-01
1.182771325111389160e-01
1.180922612547874451e-01
1.182829737663269043e-01
1.180785670876502991e-01
1.181957498192787170e-01
1.179894506931304932e-01
1.180623918771743774e-01
1.178620457649230957e-01
1.179174706339836121e-01
1.177237331867218018e-01
1.177816540002822876e-01
1.175964325666427612e-01
1.176715716719627380e-01
1.175039336085319519e-01
1.176065951585769653e-01
1.174753680825233459e-01
1.176117435097694397e-01
1.175462305545806885e-01
1.177164763212203979e-01
1.177548244595527649e-01
1.179428100585937500e-01
1.181235015392303467e-01
1.182748079299926758e-01
1.186121478676795959e-01
1.186247766017913818e-01
1.190849468111991882e-01
1.188602149486541748e-01
1.193905249238014221e-01
1.189122572541236877e-01
1.194845959544181824e-01
1.188182160258293152e-01
1.194206997752189636e-01
1.186462193727493286e-01
1.192674040794372559e-01
1.184424832463264465e-01
1.190716698765754700e-01
1.182327643036842346e-01
1.188618987798690796e-01
1.180335432291030884e-01
1.186569109559059143e-01
1.178586035966873169e-01
1.184716448187828064e-01
1.177218630909919739e-01
1.183198019862174988e-01
1.176380217075347900e-01
1.182134374976158142e-01
1.176182404160499573e-01
1.181564927101135254e-01
1.176586523652076721e-01
1.181333363056182861e-01
1.177265718579292297e-01
1.181048452854156494e-01
1.177668720483779907e-01
1.180333644151687622e-01
1.177419200539588928e-01
1.179210916161537170e-01
1.176653802394866943e-01
1.178138703107833862e-01
1.175901144742965698e-01
1.177685335278511047e-01
1.175720691680908203e-01
1.178185567259788513e-01
1.176405623555183411e-01
1.179532557725906372e-01
1.177817732095718384e-01
1.181198880076408386e-01
1.179447993636131287e-01
1.182546541094779968e-01
1.180749759078025818e-01
1.183211877942085266e-01
1.181468516588211060e-01
1.183223649859428406e-01
1.181679666042327881e-01
1.182859390974044800e-01
1.181620955467224121e-01
1.182446777820587158e-01
1.181529313325881958e-01
1.182237640023231506e-01
1.181551367044448853e-01
1.182347312569618225e-01
1.181714609265327454e-01
1.182739883661270142e-01
1.181960478425025940e-01
1.183268576860427856e-01
1.182234361767768860e-01
1.183768585324287415e-01
1.182560548186302185e-01
1.184137687087059021e-01
1.183020025491714478e-01
1.184324249625205994e-01
1.183649525046348572e-01
1.184249967336654663e-01
1.184362694621086121e-01
1.183796748518943787e-01
1.184975951910018921e-01
1.182925552129745483e-01
1.185313090682029724e-01
1.181771233677864075e-01
1.185282990336418152e-01
1.180559694766998291e-01
1.184888780117034912e-01
1.179463118314743042e-01
1.184185668826103210e-01
1.178554072976112366e-01
1.183256730437278748e-01
1.177855953574180603e-01
1.182212978601455688e-01
1.177387312054634094e-01
1.181178092956542969e-01
1.177139133214950562e-01
1.180226430296897888e-01
1.177028417587280273e-01
1.179364249110221863e-01
1.176923066377639771e-01
1.178590580821037292e-01
1.176753565669059753e-01
1.177970096468925476e-01
1.176574006676673889e-01
1.177633926272392273e-01
1.176514625549316406e-01
1.177713498473167419e-01
1.176686733961105347e-01
1.178261563181877136e-01
1.177100092172622681e-01
1.179184168577194214e-01
1.177628040313720703e-01
1.180236116051673889e-01
1.178052648901939392e-01
1.181117445230484009e-01
1.178190410137176514e-01
1.181618645787239075e-01
1.177999526262283325e-01
1.181703358888626099e-01
1.177583485841751099e-01
1.181491687893867493e-01
1.177132800221443176e-01
1.181211173534393311e-01
1.176864281296730042e-01
1.181150898337364197e-01
1.176995262503623962e-01
1.181620582938194275e-01
1.177717074751853943e-01
1.182884648442268372e-01
1.179128438234329224e-01
1.185030639171600342e-01
1.181098371744155884e-01
1.187780424952507019e-01
1.183133423328399658e-01
1.190417334437370300e-01
1.184540018439292908e-01
1.192172840237617493e-01
1.184996590018272400e-01
1.192825585603713989e-01
1.184793710708618164e-01
1.192691922187805176e-01
1.184354498982429504e-01
1.192141100764274597e-01
1.183860003948211670e-01
1.191390380263328552e-01
1.183344274759292603e-01
1.190587878227233887e-01
1.182879731059074402e-01
1.189885288476943970e-01
1.182613521814346313e-01
1.189421266317367554e-01
1.182680651545524597e-01
1.189268082380294800e-01
1.183083876967430115e-01
1.189359873533248901e-01
1.183607652783393860e-01
1.189450100064277649e-01
1.183858290314674377e-01
1.189206317067146301e-01
1.183486729860305786e-01
1.188448220491409302e-01
1.182440072298049927e-01
1.187273338437080383e-01
1.180966794490814209e-01
1.185930296778678894e-01
1.179404780268669128e-01
1.184637546539306641e-01
1.178004294633865356e-01
1.183511316776275635e-01
1.176882311701774597e-01
1.182585656642913818e-01
1.176062747836112976e-01
1.181863546371459961e-01
1.175538301467895508e-01
1.181355714797973633e-01
1.175301671028137207e-01
1.181060522794723511e-01
1.175307631492614746e-01
1.180887818336486816e-01
1.175401732325553894e-01
1.180626600980758667e-01
1.175340339541435242e-01
1.180069595575332642e-01
1.174949109554290771e-01
1.179187595844268799e-01
1.174249127507209778e-01
1.178143396973609924e-01
1.173418611288070679e-01
1.177162751555442810e-01
1.172674670815467834e-01
1.176427155733108521e-01
1.172195523977279663e-01
1.176047697663307190e-01
1.172117888927459717e-01
1.176101043820381165e-01
1.172575205564498901e-01
1.176684945821762085e-01
1.173741444945335388e-01
1.177966669201850891e-01
1.175841093063354492e-01
1.180174797773361206e-01
1.179089620709419250e-01
1.183469370007514954e-01
1.183482185006141663e-01
1.187621727585792542e-01
1.188440173864364624e-01
1.191684231162071228e-01
1.192732155323028564e-01
1.194337308406829834e-01
1.195240020751953125e-01
1.194954365491867065e-01
1.195795014500617981e-01
1.193937957286834717e-01
1.194938719272613525e-01
1.192038357257843018e-01
1.193270757794380188e-01
1.189822256565093994e-01
1.191189959645271301e-01
1.187607944011688232e-01
1.188922747969627380e-01
1.185562163591384888e-01
1.186605691909790039e-01
1.183786764740943909e-01
1.184352412819862366e-01
1.182379275560379028e-01
1.182302013039588928e-01
1.181465089321136475e-01
1.180640235543251038e-01
1.181177496910095215e-01
1.179540306329727173e-01
1.181536018848419189e-01
1.179011464118957520e-01
1.182295382022857666e-01
1.178806424140930176e-01
1.182999610900878906e-01
1.178599968552589417e-01
1.183306872844696045e-01
1.178281158208847046e-01
1.183233261108398438e-01
1.178014427423477173e-01
1.183066740632057190e-01
1.178079694509506226e-01
1.183134019374847412e-01
1.178679317235946655e-01
1.183594241738319397e-01
1.179770603775978088e-01
1.184322237968444824e-01
1.181011199951171875e-01
1.184981688857078552e-01
1.181949079036712646e-01
1.185274645686149597e-01
1.182312890887260437e-01
1.185095310211181641e-01
1.182085424661636353e-01
1.184483021497726440e-01
1.181399747729301453e-01
1.183550879359245300e-01
1.180447116494178772e-01
1.182453483343124390e-01
1.179417371749877930e-01
1.181329488754272461e-01
1.178442835807800293e-01
1.180236414074897766e-01
1.177555397152900696e-01
1.179128140211105347e-01
1.176693588495254517e-01
1.177912950515747070e-01
1.175768524408340454e-01
1.176540926098823547e-01
1.174747198820114136e-01
1.175060272216796875e-01
1.173705309629440308e-01
1.173608675599098206e-01
1.172815188765525818e-01
1.172362565994262695e-01
1.172280535101890564e-01
1.171475201845169067e-01
1.172247081995010376e-01
1.171032488346099854e-01
1.172727420926094055e-01
1.171056032180786133e-01
1.173604279756546021e-01
1.171586886048316956e-01
1.174761131405830383e-01
1.172774061560630798e-01
1.176240816712379456e-01
1.174814477562904358e-01
1.178195700049400330e-01
1.177661344408988953e-01
1.180560663342475891e-01
1.180711165070533752e-01
1.182761117815971375e-01
1.182939335703849792e-01
1.184036135673522949e-01
1.183734461665153503e-01
1.184229254722595215e-01
1.183438077569007874e-01
1.183858141303062439e-01
1.182859465479850769e-01
1.183584481477737427e-01
1.182719841599464417e-01
1.183940917253494263e-01
1.183549910783767700e-01
1.185303851962089539e-01
1.185689195990562439e-01
1.187797263264656067e-01
1.189069077372550964e-01
1.191031336784362793e-01
1.192865967750549316e-01
1.193984374403953552e-01
1.195686906576156616e-01
1.195554956793785095e-01
1.196587681770324707e-01
1.195389628410339355e-01
1.195678487420082092e-01
1.193903088569641113e-01
1.193647459149360657e-01
1.191727817058563232e-01
1.191154792904853821e-01
1.189374774694442749e-01
1.188644915819168091e-01
1.187189668416976929e-01
1.186387091875076294e-01
1.185403168201446533e-01
1.184546053409576416e-01
1.184158548712730408e-01
1.183201447129249573e-01
1.183472797274589539e-01
1.182308867573738098e-01
1.183157190680503845e-01
1.181671768426895142e-01
1.182868555188179016e-01
1.181065067648887634e-01
1.182372197508811951e-01
1.180456802248954773e-01
1.181762218475341797e-01
1.180061250925064087e-01
1.181366667151451111e-01
1.180137917399406433e-01
1.181453615427017212e-01
1.180738061666488647e-01
1.182010993361473083e-01
1.181643679738044739e-01
1.182791292667388916e-01
1.182598993182182312e-01
1.183581575751304626e-01
1.183539181947708130e-01
1.184311062097549438e-01
1.184485629200935364e-01
1.184868440032005310e-01
1.185295060276985168e-01
1.184953525662422180e-01
1.185629144310951233e-01
1.184253171086311340e-01
1.185243502259254456e-01
1.182773038744926453e-01
1.184247955679893494e-01
1.180873885750770569e-01
1.183017715811729431e-01
1.179018318653106689e-01
1.181944087147712708e-01
1.177563443779945374e-01
1.181285753846168518e-01
1.176707521080970764e-01
1.181129887700080872e-01
1.176496595144271851e-01
1.181386485695838928e-01
1.176835820078849792e-01
1.181796044111251831e-01
1.177495270967483521e-01
1.181984841823577881e-01
1.178130283951759338e-01
1.181610077619552612e-01
1.178399622440338135e-01
1.180578470230102539e-01
1.178193390369415283e-01
1.179169341921806335e-01
1.177746430039405823e-01
1.177890375256538391e-01
1.177416518330574036e-01
1.177151128649711609e-01
1.177370250225067139e-01
1.177034154534339905e-01
1.177504360675811768e-01
1.177307516336441040e-01
1.177624762058258057e-01
1.177645996212959290e-01
1.177620813250541687e-01
1.177829951047897339e-01
1.177449971437454224e-01
1.177759170532226562e-01
1.177063360810279846e-01
1.177398785948753357e-01
