2.375231236219406128e-01
2.375231236219406128e-01
2.375231236219406128e-01
2.375231385231018066e-01
2.375231385231018066e-01
2.375231236219406128e-01
2.375230938196182251e-01
2.375230938196182251e-01
2.375230938196182251e-01
2.375230938196182251e-01
2.375230640172958374e-01
2.375230640172958374e-01
2.375230491161346436e-01
2.375230491161346436e-01
2.375230938196182251e-01
2.375230640172958374e-01
2.375230491161346436e-01
2.375230044126510620e-01
2.375230640172958374e-01
2.375230640172958374e-01
2.375230640172958374e-01
2.375230640172958374e-01
2.375230640172958374e-01
2.375230640172958374e-01
2.375230640172958374e-01
2.375230640172958374e-01
2.375230491161346436e-01
2.375230491161346436e-01
2.375230640172958374e-01
2.375230491161346436e-01
2.375230491161346436e-01
2.375230640172958374e-01
2.375230640172958374e-01
2.375230491161346436e-01
2.375230491161346436e-01
2.375230491161346436e-01
2.375230491161346436e-01
2.375230491161346436e-01
2.375230491161346436e-01
2.375230491161346436e-01
2.375230193138122559e-01
2.375230193138122559e-01
2.375230044126510620e-01
2.375230193138122559e-01
2.375230044126510620e-01
2.375230044126510620e-01
2.375230044126510620e-01
2.375230044126510620e-01
2.375229746103286743e-01
2.375230044126510620e-01
2.375230044126510620e-01
2.375230044126510620e-01
2.375230044126510620e-01
2.375229746103286743e-01
2.375230044126510620e-01
2.375229448080062866e-01
2.375229746103286743e-01
2.375229448080062866e-01
2.375229746103286743e-01
2.375229746103286743e-01
2.375230044126510620e-01
2.375229746103286743e-01
2.375230044126510620e-01
2.375230044126510620e-01
2.375230044126510620e-01
2.375229448080062866e-01
2.375229746103286743e-01
2.375230044126510620e-01
2.375229746103286743e-01
2.375229448080062866e-01
2.375229746103286743e-01
2.375229299068450928e-01
2.375229448080062866e-01
2.375229001045227051e-01
2.375229746103286743e-01
2.375230044126510620e-01
2.375229448080062866e-01
2.375229448080062866e-01
2.375229001045227051e-01
2.375229001045227051e-01
2.375229001045227051e-01
2.375228703022003174e-01
2.375229299068450928e-01
2.375229001045227051e-01
2.375229001045227051e-01
2.375229001045227051e-01
2.375229448080062866e-01
2.375229001045227051e-01
2.375229299068450928e-01
2.375229299068450928e-01
2.375229001045227051e-01
2.375229001045227051e-01
2.375229001045227051e-01
2.375229448080062866e-01
2.375229448080062866e-01
2.375229001045227051e-01
2.375229001045227051e-01
2.375229001045227051e-01
2.375228703022003174e-01
2.375228554010391235e-01
2.375228255987167358e-01
2.375228255987167358e-01
2.375228554010391235e-01
2.375228554010391235e-01
2.375228554010391235e-01
2.375228554010391235e-01
2.375228554010391235e-01
2.375228554010391235e-01
2.375228554010391235e-01
2.375228255987167358e-01
2.375228255987167358e-01
2.375228255987167358e-01
2.375228255987167358e-01
2.375228255987167358e-01
2.375227957963943481e-01
2.375227957963943481e-01
2.375227957963943481e-01
2.375228255987167358e-01
2.375228255987167358e-01
2.375228554010391235e-01
2.375228255987167358e-01
2.375228255987167358e-01
2.375228554010391235e-01
2.375227957963943481e-01
2.375227957963943481e-01
2.375227957963943481e-01
2.375227808952331543e-01
2.375227957963943481e-01
2.375227957963943481e-01
2.375227957963943481e-01
2.375227808952331543e-01
2.375227957963943481e-01
2.375227957963943481e-01
2.375227510929107666e-01
2.375227510929107666e-01
2.375227361917495728e-01
2.375227510929107666e-01
2.375227510929107666e-01
2.375227510929107666e-01
2.375227808952331543e-01
2.375227808952331543e-01
2.375227808952331543e-01
2.375227510929107666e-01
2.375227510929107666e-01
2.375227510929107666e-01
2.375227808952331543e-01
2.375227808952331543e-01
2.375227510929107666e-01
2.375227361917495728e-01
2.375227361917495728e-01
2.375227361917495728e-01
2.375227063894271851e-01
2.375227063894271851e-01
2.375227063894271851e-01
2.375227063894271851e-01
2.375227063894271851e-01
2.375227063894271851e-01
2.375227063894271851e-01
2.375227063894271851e-01
2.375227361917495728e-01
2.375227510929107666e-01
2.375227361917495728e-01
2.375226765871047974e-01
2.375226765871047974e-01
2.375226765871047974e-01
2.375227361917495728e-01
2.375226765871047974e-01
2.375227063894271851e-01
2.375227361917495728e-01
2.375227063894271851e-01
2.375227361917495728e-01
2.375227063894271851e-01
2.375227063894271851e-01
2.375227063894271851e-01
2.375227063894271851e-01
2.375227361917495728e-01
2.375226765871047974e-01
2.375226765871047974e-01
2.375226765871047974e-01
2.375226765871047974e-01
2.375226765871047974e-01
2.375226765871047974e-01
2.375226765871047974e-01
2.375226765871047974e-01
2.375226765871047974e-01
2.375226616859436035e-01
2.375226616859436035e-01
2.375226616859436035e-01
2.375226616859436035e-01
2.375227063894271851e-01
2.375226616859436035e-01
2.375226616859436035e-01
2.375226616859436035e-01
2.375227063894271851e-01
2.375226616859436035e-01
2.375226765871047974e-01
2.375226616859436035e-01
2.375227063894271851e-01
2.375226616859436035e-01
2.375226616859436035e-01
2.375227063894271851e-01
2.375226765871047974e-01
2.375226616859436035e-01
2.375226318836212158e-01
2.375226318836212158e-01
2.375226765871047974e-01
2.375226020812988281e-01
2.375226318836212158e-01
2.375226020812988281e-01
2.375226616859436035e-01
2.375226616859436035e-01
2.375226318836212158e-01
2.375226616859436035e-01
2.375226318836212158e-01
2.375226020812988281e-01
2.375226020812988281e-01
2.375226020812988281e-01
2.375226020812988281e-01
2.375226318836212158e-01
2.375226020812988281e-01
2.375226020812988281e-01
2.375226318836212158e-01
2.375226020812988281e-01
2.375226020812988281e-01
2.375226020812988281e-01
2.375226020812988281e-01
2.375225573778152466e-01
2.375225871801376343e-01
2.375225871801376343e-01
2.375225573778152466e-01
2.375225871801376343e-01
2.375225871801376343e-01
2.375226020812988281e-01
2.375225573778152466e-01
2.375225573778152466e-01
2.375225275754928589e-01
2.375225871801376343e-01
2.375225573778152466e-01
2.375225871801376343e-01
2.375225573778152466e-01
2.375226020812988281e-01
2.375226020812988281e-01
2.375225871801376343e-01
2.375225871801376343e-01
2.375225871801376343e-01
2.375226020812988281e-01
2.375225275754928589e-01
2.375225573778152466e-01
2.375225871801376343e-01
2.375225871801376343e-01
2.375225573778152466e-01
2.375225871801376343e-01
2.375225275754928589e-01
2.375225275754928589e-01
2.375225275754928589e-01
2.375225275754928589e-01
2.375225275754928589e-01
2.375225275754928589e-01
2.375225275754928589e-01
2.375225275754928589e-01
2.375225573778152466e-01
2.375225573778152466e-01
2.375225275754928589e-01
2.375225126743316650e-01
2.375224828720092773e-01
2.375224828720092773e-01
2.375225126743316650e-01
2.375224828720092773e-01
2.375224828720092773e-01
2.375224828720092773e-01
2.375224828720092773e-01
2.375224828720092773e-01
2.375224828720092773e-01
2.375224679708480835e-01
2.375224679708480835e-01
2.375224679708480835e-01
2.375224828720092773e-01
2.375224679708480835e-01
2.375224828720092773e-01
2.375224828720092773e-01
2.375224828720092773e-01
2.375224828720092773e-01
2.375224828720092773e-01
2.375224381685256958e-01
2.375224083662033081e-01
2.375223934650421143e-01
2.375224083662033081e-01
2.375223934650421143e-01
2.375224083662033081e-01
2.375224083662033081e-01
2.375224083662033081e-01
2.375224083662033081e-01
2.375224083662033081e-01
2.375224083662033081e-01
2.375224381685256958e-01
2.375224083662033081e-01
2.375224083662033081e-01
2.375224083662033081e-01
2.375224381685256958e-01
2.375224083662033081e-01
2.375224083662033081e-01
2.375223934650421143e-01
2.375224083662033081e-01
2.375223934650421143e-01
2.375224083662033081e-01
2.375223934650421143e-01
2.375223636627197266e-01
2.375223338603973389e-01
2.375223636627197266e-01
2.375223636627197266e-01
2.375223636627197266e-01
2.375223338603973389e-01
2.375223338603973389e-01
2.375223338603973389e-01
2.375223338603973389e-01
2.375223338603973389e-01
2.375223189592361450e-01
2.375223189592361450e-01
2.375223189592361450e-01
2.375223338603973389e-01
2.375223338603973389e-01
2.375223338603973389e-01
2.375223636627197266e-01
2.375223636627197266e-01
2.375223636627197266e-01
2.375223636627197266e-01
2.375223338603973389e-01
2.375223189592361450e-01
2.375223189592361450e-01
2.375223189592361450e-01
2.375223189592361450e-01
2.375222891569137573e-01
2.375222891569137573e-01
2.375222593545913696e-01
2.375222593545913696e-01
2.375222891569137573e-01
2.375222891569137573e-01
2.375222891569137573e-01
2.375223189592361450e-01
2.375222891569137573e-01
2.375222891569137573e-01
2.375222891569137573e-01
2.375222891569137573e-01
2.375222891569137573e-01
2.375222593545913696e-01
2.375222593545913696e-01
2.375222593545913696e-01
2.375222891569137573e-01
2.375222593545913696e-01
2.375222593545913696e-01
2.375222444534301758e-01
2.375222444534301758e-01
2.375222593545913696e-01
2.375222593545913696e-01
2.375222444534301758e-01
2.375222444534301758e-01
2.375222593545913696e-01
2.375222444534301758e-01
2.375222593545913696e-01
2.375222444534301758e-01
2.375222593545913696e-01
2.375222444534301758e-01
2.375222593545913696e-01
2.375222444534301758e-01
2.375222593545913696e-01
2.375222444534301758e-01
2.375222444534301758e-01
2.375222593545913696e-01
2.375222444534301758e-01
2.375222146511077881e-01
2.375222444534301758e-01
2.375221997499465942e-01
2.375221997499465942e-01
2.375221997499465942e-01
2.375221997499465942e-01
2.375222146511077881e-01
2.375222146511077881e-01
2.375222146511077881e-01
2.375222146511077881e-01
2.375222444534301758e-01
2.375222146511077881e-01
2.375221699476242065e-01
2.375222146511077881e-01
2.375221997499465942e-01
2.375221997499465942e-01
2.375221699476242065e-01
2.375221699476242065e-01
2.375222146511077881e-01
2.375221699476242065e-01
2.375221997499465942e-01
2.375221997499465942e-01
2.375221997499465942e-01
2.375221997499465942e-01
2.375221699476242065e-01
2.375221699476242065e-01
2.375221997499465942e-01
2.375221997499465942e-01
2.375221699476242065e-01
2.375221699476242065e-01
2.375221699476242065e-01
2.375221401453018188e-01
2.375221699476242065e-01
2.375221699476242065e-01
2.375221699476242065e-01
2.375221699476242065e-01
2.375221699476242065e-01
2.375221997499465942e-01
2.375221699476242065e-01
2.375221252441406250e-01
2.375221401453018188e-01
2.375221252441406250e-01
2.375221252441406250e-01
2.375221252441406250e-01
2.375221252441406250e-01
2.375221252441406250e-01
2.375221252441406250e-01
2.375221252441406250e-01
2.375220954418182373e-01
2.375220954418182373e-01
2.375220656394958496e-01
2.375220656394958496e-01
2.375220507383346558e-01
2.375220656394958496e-01
2.375220656394958496e-01
2.375220507383346558e-01
2.375220507383346558e-01
2.375220507383346558e-01
2.375220507383346558e-01
2.375220507383346558e-01
2.375220209360122681e-01
2.375220209360122681e-01
2.375220209360122681e-01
2.375220507383346558e-01
2.375220507383346558e-01
2.375220507383346558e-01
2.375220656394958496e-01
2.375220656394958496e-01
2.375220656394958496e-01
2.375220507383346558e-01
2.375220656394958496e-01
2.375220507383346558e-01
2.375220507383346558e-01
2.375220656394958496e-01
2.375220656394958496e-01
2.375220507383346558e-01
2.375220507383346558e-01
2.375220209360122681e-01
2.375220656394958496e-01
2.375220507383346558e-01
2.375220507383346558e-01
2.375220507383346558e-01
2.375220209360122681e-01
2.375220209360122681e-01
2.375220209360122681e-01
2.375220209360122681e-01
2.375220209360122681e-01
2.375219911336898804e-01
2.375220507383346558e-01
2.375220507383346558e-01
2.375220209360122681e-01
2.375220507383346558e-01
2.375219911336898804e-01
2.375220209360122681e-01
2.375220209360122681e-01
2.375220209360122681e-01
2.375220209360122681e-01
2.375220209360122681e-01
2.375220209360122681e-01
2.375220507383346558e-01
2.375220507383346558e-01
2.375220209360122681e-01
2.375220209360122681e-01
2.375220209360122681e-01
2.375220209360122681e-01
2.375219911336898804e-01
2.375219911336898804e-01
2.375219911336898804e-01
2.375219911336898804e-01
2.375219762325286865e-01
2.375219911336898804e-01
2.375219911336898804e-01
2.375219911336898804e-01
2.375219911336898804e-01
2.375219911336898804e-01
2.375219762325286865e-01
2.375219911336898804e-01
2.375219911336898804e-01
2.375219464302062988e-01
2.375219464302062988e-01
2.375219166278839111e-01
2.375219464302062988e-01
2.375219166278839111e-01
2.375219166278839111e-01
2.375219017267227173e-01
2.375219166278839111e-01
2.375219464302062988e-01
2.375219464302062988e-01
2.375219762325286865e-01
2.375219464302062988e-01
2.375219464302062988e-01
