9.377955645322799683e-02
9.378465265035629272e-02
9.377942979335784912e-02
9.378455579280853271e-02
9.377931803464889526e-02
9.378442168235778809e-02
9.377918392419815063e-02
9.378430247306823730e-02
9.377907961606979370e-02
9.378419071435928345e-02
9.377893060445785522e-02
9.378405660390853882e-02
9.377883374691009521e-02
9.378395229578018188e-02
9.377871453762054443e-02
9.378383308649063110e-02
9.377858787775039673e-02
9.378370642662048340e-02
9.377846866846084595e-02
9.378358721733093262e-02
9.377834945917129517e-02
9.378349035978317261e-02
9.377821534872055054e-02
9.378334134817123413e-02
9.377811849117279053e-02
9.378323704004287720e-02
9.377798438072204590e-02
9.378311783075332642e-02
9.377787262201309204e-02
9.378301352262496948e-02
9.377773106098175049e-02
9.378289431333541870e-02
9.377762675285339355e-02
9.378276020288467407e-02
9.377751499414443970e-02
9.378267079591751099e-02
9.377739578485488892e-02
9.378254413604736328e-02
9.377725422382354736e-02
9.378242492675781250e-02
9.377714246511459351e-02
9.378229081630706787e-02
9.377703070640563965e-02
9.378218650817871094e-02
9.377691149711608887e-02
9.378205239772796631e-02
9.377679228782653809e-02
9.378194808959960938e-02
9.377668052911758423e-02
9.378181397914886475e-02
9.377653896808624268e-02
9.378171712160110474e-02
9.377644956111907959e-02
9.378160536289215088e-02
9.377630800008773804e-02
9.378147870302200317e-02
9.377619624137878418e-02
9.378134459257125854e-02
9.377606213092803955e-02
9.378124028444290161e-02
9.377594292163848877e-02
9.378110617399215698e-02
9.377583861351013184e-02
9.378100931644439697e-02
9.377570450305938721e-02
9.378087520599365234e-02
9.377559274435043335e-02
9.378074854612350464e-02
9.377546608448028564e-02
9.378064423799514771e-02
9.377534687519073486e-02
9.378050267696380615e-02
9.377522766590118408e-02
9.378039836883544922e-02
9.377510845661163330e-02
9.378029406070709229e-02
9.377498924732208252e-02
9.378016740083694458e-02
9.377486258745193481e-02
9.378005564212799072e-02
9.377474337816238403e-02
9.377992898225784302e-02
9.377462416887283325e-02
9.377981722354888916e-02
9.377449750900268555e-02
9.377968311309814453e-02
9.377439320087432861e-02
9.377957135438919067e-02
9.377425909042358398e-02
9.377945214509963989e-02
9.377413988113403320e-02
9.377933293581008911e-02
9.377402067184448242e-02
9.377923607826232910e-02
9.377390146255493164e-02
9.377907961606979370e-02
9.377378225326538086e-02
9.377899020910263062e-02
9.377367049455642700e-02
9.377884864807128906e-02
9.377352148294448853e-02
9.377874433994293213e-02
9.377339482307434082e-02
9.377861768007278442e-02
9.377329051494598389e-02
9.377850592136383057e-02
9.377317875623703003e-02
9.377838671207427979e-02
9.377304464578628540e-02
9.377824515104293823e-02
9.377291053533554077e-02
9.377814084291458130e-02
9.377281367778778076e-02
9.377802163362503052e-02
9.377268701791763306e-02
9.377790987491607666e-02
9.377256035804748535e-02
9.377776831388473511e-02
9.377244859933853149e-02
9.377766400575637817e-02
9.377232193946838379e-02
9.377754479646682739e-02
9.377220273017883301e-02
9.377740323543548584e-02
9.377209097146987915e-02
9.377729892730712891e-02
9.377195686101913452e-02
9.377720952033996582e-02
9.377183765172958374e-02
9.377707540988922119e-02
9.377172589302062988e-02
9.377694875001907349e-02
9.377159923315048218e-02
9.377683699131011963e-02
9.377148747444152832e-02
9.377671778202056885e-02
9.377136826515197754e-02
9.377659112215042114e-02
9.377124160528182983e-02
9.377647191286087036e-02
9.377112984657287598e-02
9.377635270357131958e-02
9.377098083496093750e-02
9.377624094486236572e-02
9.377088397741317749e-02
9.377612173557281494e-02
9.377075731754302979e-02
9.377599507570266724e-02
9.377063810825347900e-02
9.377586841583251953e-02
9.377051144838333130e-02
9.377577155828475952e-02
9.377040714025497437e-02
9.377564489841461182e-02
9.377028048038482666e-02
9.377554059028625488e-02
9.377016127109527588e-02
9.377540647983551025e-02
9.377004206180572510e-02
9.377530217170715332e-02
9.376990795135498047e-02
9.377516806125640869e-02
9.376978874206542969e-02
9.377504140138626099e-02
9.376968443393707275e-02
9.377492964267730713e-02
9.376956522464752197e-02
9.377481043338775635e-02
9.376943856477737427e-02
9.377469122409820557e-02
9.376930445432662964e-02
9.377456456422805786e-02
9.376920014619827271e-02
9.377446025609970093e-02
9.376908838748931885e-02
9.377432614564895630e-02
9.376894682645797729e-02
9.377419948577880859e-02
9.376882761716842651e-02
9.377408772706985474e-02
9.376871585845947266e-02
9.377397596836090088e-02
9.376858919858932495e-02
9.377384930849075317e-02
9.376844763755798340e-02
9.377375245094299316e-02
9.376834332942962646e-02
9.377362579107284546e-02
9.376820921897888184e-02
9.377349168062210083e-02
9.376811236143112183e-02
9.377337992191314697e-02
9.376797825098037720e-02
9.377326816320419312e-02
9.376784414052963257e-02
9.377314150333404541e-02
9.376773238182067871e-02
9.377302974462509155e-02
9.376760572195053101e-02
9.377290308475494385e-02
9.376750141382217407e-02
9.377278387546539307e-02
9.376738220453262329e-02
9.377267211675643921e-02
9.376725554466247559e-02
9.377253800630569458e-02
9.376712888479232788e-02
9.377243369817733765e-02
9.376700222492218018e-02
9.377229958772659302e-02
9.376689046621322632e-02
9.377218037843704224e-02
9.376676380634307861e-02
9.377207607030868530e-02
9.376663714647293091e-02
9.377196431159973145e-02
9.376652538776397705e-02
9.377183020114898682e-02
9.376641362905502319e-02
9.377172589302062988e-02
9.376627206802368164e-02
9.377159178256988525e-02
9.376616030931472778e-02
9.377148002386093140e-02
9.376604855060577393e-02
9.377134591341018677e-02
9.376591444015502930e-02
9.377121925354003906e-02
9.376581013202667236e-02
9.377111494541168213e-02
9.376567602157592773e-02
9.377100318670272827e-02
9.376554936170578003e-02
9.377088397741317749e-02
9.376544505357742310e-02
9.377074986696243286e-02
9.376531094312667847e-02
9.377063810825347900e-02
9.376520663499832153e-02
9.377051889896392822e-02
9.376507252454757690e-02
9.377041459083557129e-02
9.376494586467742920e-02
9.377029538154602051e-02
9.376483410596847534e-02
9.377016127109527588e-02
9.376471489667892456e-02
9.377004951238632202e-02
9.376458823680877686e-02
9.376995265483856201e-02
9.376446902751922607e-02
9.376980364322662354e-02
9.376433491706848145e-02
9.376969933509826660e-02
9.376423060894012451e-02
9.376956522464752197e-02
9.376411139965057373e-02
9.376945346593856812e-02
9.376400709152221680e-02
9.376934915781021118e-02
9.376385807991027832e-02
9.376921504735946655e-02
9.376373887062072754e-02
9.376908838748931885e-02
9.376362711191177368e-02
9.376899152994155884e-02
9.376352280378341675e-02
9.376884251832962036e-02
9.376338124275207520e-02
9.376874566078186035e-02
9.376325458288192749e-02
9.376861900091171265e-02
9.376313537359237671e-02
9.376852214336395264e-02
9.376301616430282593e-02
9.376835823059082031e-02
9.376290440559387207e-02
9.376826137304306030e-02
9.376277774572372437e-02
9.376814216375350952e-02
9.376265108585357666e-02
9.376801550388336182e-02
9.376252442598342896e-02
9.376790374517440796e-02
9.376240521669387817e-02
9.376779198646545410e-02
9.376229345798492432e-02
9.376765042543411255e-02
9.376216679811477661e-02
9.376753866672515869e-02
9.376204013824462891e-02
9.376741945743560791e-02
9.376192837953567505e-02
9.376730024814605713e-02
9.376180917024612427e-02
9.376716613769531250e-02
9.376169741153717041e-02
9.376708418130874634e-02
9.376156330108642578e-02
9.376694262027740479e-02
9.376144409179687500e-02
9.376683086156845093e-02
9.376132488250732422e-02
9.376671165227890015e-02
9.376121312379837036e-02
9.376657754182815552e-02
9.376108646392822266e-02
9.376647323369979858e-02
9.376095235347747803e-02
9.376635402441024780e-02
9.376083314418792725e-02
9.376622736454010010e-02
9.376071393489837646e-02
9.376611560583114624e-02
9.376061707735061646e-02
9.376598149538040161e-02
9.376046806573867798e-02
9.376586228609085083e-02
9.376035630702972412e-02
9.376575797796249390e-02
9.376022964715957642e-02
9.376565366983413696e-02
9.376011788845062256e-02
9.376551210880279541e-02
9.375999122858047485e-02
9.376540780067443848e-02
9.375987201929092407e-02
9.376528114080429077e-02
9.375975281000137329e-02
9.376516193151473999e-02
9.375964105129241943e-02
9.376504272222518921e-02
9.375952184200286865e-02
9.376493841409683228e-02
9.375939518213272095e-02
9.376481920480728149e-02
9.375926852226257324e-02
9.376468509435653687e-02
9.375915676355361938e-02
9.376458078622817993e-02
9.375903010368347168e-02
9.376443922519683838e-02
9.375891834497451782e-02
9.376432746648788452e-02
9.375879168510437012e-02
9.376421570777893066e-02
9.375867992639541626e-02
9.376409649848937988e-02
9.375855326652526855e-02
9.376398473978042603e-02
9.375844150781631470e-02
9.376385807991027832e-02
9.375830739736557007e-02
9.376374632120132446e-02
9.375818818807601929e-02
9.376361221075057983e-02
9.375806152820587158e-02
9.376349300146102905e-02
9.375794231891632080e-02
9.376337379217147827e-02
9.375782310962677002e-02
9.376324713230133057e-02
9.375768899917602539e-02
9.376312047243118286e-02
9.375757724046707153e-02
9.376300871372222900e-02
9.375744313001632690e-02
9.376288950443267822e-02
9.375733882188796997e-02
9.376277774572372437e-02
9.375721216201782227e-02
9.376265108585357666e-02
9.375708550214767456e-02
9.376253187656402588e-02
9.375695884227752686e-02
9.376242011785507202e-02
9.375684708356857300e-02
9.376230835914611816e-02
9.375674277544021606e-02
9.376218914985656738e-02
9.375660866498947144e-02
9.376205503940582275e-02
9.375648945569992065e-02
9.376193583011627197e-02
9.375637024641036987e-02
9.376180917024612427e-02
9.375622868537902832e-02
9.376169741153717041e-02
9.375612437725067139e-02
9.376158565282821655e-02
9.375599771738052368e-02
9.376145899295806885e-02
9.375587850809097290e-02
9.376133978366851807e-02
9.375573694705963135e-02
9.376122057437896729e-02
9.375563263893127441e-02
9.376109391450881958e-02
9.375551342964172363e-02
9.376098960638046265e-02
9.375540167093276978e-02
9.376087039709091187e-02
9.375526756048202515e-02
9.376073628664016724e-02
9.375514835119247437e-02
9.376063942909240723e-02
9.375503659248352051e-02
9.376051276922225952e-02
9.375490993261337280e-02
9.376037865877151489e-02
9.375478327274322510e-02
9.376027435064315796e-02
9.375465661287307739e-02
9.376014769077301025e-02
9.375455230474472046e-02
9.376001358032226562e-02
9.375441819429397583e-02
9.375990182161331177e-02
9.375429898500442505e-02
9.375979751348495483e-02
9.375417977571487427e-02
9.375966340303421021e-02
9.375406056642532349e-02
9.375953674316406250e-02
9.375393390655517578e-02
9.375942498445510864e-02
9.375379979610443115e-02
9.375929832458496094e-02
9.375368058681488037e-02
9.375917166471481323e-02
9.375356137752532959e-02
9.375906735658645630e-02
9.375344961881637573e-02
9.375896304845809937e-02
9.375333040952682495e-02
9.375882893800735474e-02
9.375319629907608032e-02
9.375870227813720703e-02
9.375306963920593262e-02
9.375859051942825317e-02
9.375295042991638184e-02
9.375846385955810547e-02
9.375283867120742798e-02
9.375833719968795776e-02
9.375271201133728027e-02
9.375822544097900391e-02
9.375258535146713257e-02
9.375809878110885620e-02
9.375247359275817871e-02
9.375798702239990234e-02
9.375236928462982178e-02
9.375786781311035156e-02
9.375222027301788330e-02
9.375774115324020386e-02
9.375208616256713867e-02
9.375763684511184692e-02
9.375198185443878174e-02
9.375749528408050537e-02
9.375185519456863403e-02
9.375738352537155151e-02
9.375173598527908325e-02
9.375726431608200073e-02
9.375160187482833862e-02
9.375713765621185303e-02
9.375149011611938477e-02
9.375701844692230225e-02
9.375137835741043091e-02
9.375690668821334839e-02
9.375125169754028320e-02
9.375678002834320068e-02
9.375113248825073242e-02
9.375664591789245605e-02
9.375100582838058472e-02
9.375654160976409912e-02
9.375089406967163086e-02
9.375642985105514526e-02
9.375075995922088623e-02
9.375629574060440063e-02
9.375065565109252930e-02
9.375619143247604370e-02
9.375050663948059082e-02
9.375605732202529907e-02
9.375039488077163696e-02
9.375593811273574829e-02
9.375029057264328003e-02
9.375582635402679443e-02
9.375014901161193848e-02
9.375570714473724365e-02
9.375002980232238770e-02
9.375556558370590210e-02
9.374991059303283691e-02
9.375545382499694824e-02
9.374978393316268921e-02
9.375534206628799438e-02
9.374965727329254150e-02
9.375521540641784668e-02
9.374953806400299072e-02
9.375508874654769897e-02
9.374941140413284302e-02
9.375497698783874512e-02
