1.603270322084426880e-01
1.603269726037979126e-01
1.603268980979919434e-01
1.603268235921859741e-01
1.603267341852188110e-01
1.603266745805740356e-01
1.603265851736068726e-01
1.603265106678009033e-01
1.603264361619949341e-01
1.603263467550277710e-01
1.603262573480606079e-01
1.603261977434158325e-01
1.603261083364486694e-01
1.603260189294815063e-01
1.603259742259979248e-01
1.603258997201919556e-01
1.603258252143859863e-01
1.603257656097412109e-01
1.603256762027740479e-01
1.603255718946456909e-01
1.603254824876785278e-01
1.603254228830337524e-01
1.603253483772277832e-01
1.603252589702606201e-01
1.603252142667770386e-01
1.603251248598098755e-01
1.603250652551651001e-01
1.603249907493591309e-01
1.603248715400695801e-01
1.603248119354248047e-01
1.603247076272964478e-01
1.603246480226516724e-01
1.603245884180068970e-01
1.603245139122009277e-01
1.603244394063949585e-01
1.603243499994277954e-01
1.603242903947830200e-01
1.603242009878158569e-01
1.603240966796875000e-01
1.603240519762039185e-01
1.603239625692367554e-01
1.603238582611083984e-01
1.603238135576248169e-01
1.603237390518188477e-01
1.603236645460128784e-01
1.603235900402069092e-01
1.603235006332397461e-01
1.603234112262725830e-01
1.603233218193054199e-01
1.603232771158218384e-01
1.603232026100158691e-01
1.603231132030487061e-01
1.603230386972427368e-01
1.603229641914367676e-01
1.603228747844696045e-01
1.603228002786636353e-01
1.603227555751800537e-01
1.603226512670516968e-01
1.603225767612457275e-01
1.603225022554397583e-01
1.603224426507949829e-01
1.603223681449890137e-01
1.603222936391830444e-01
1.603221893310546875e-01
1.603220999240875244e-01
1.603219956159591675e-01
1.603219509124755859e-01
1.603218764066696167e-01
1.603218168020248413e-01
1.603217273950576782e-01
1.603216677904129028e-01
1.603216081857681274e-01
1.603214889764785767e-01
1.603214293718338013e-01
1.603213399648666382e-01
1.603212505578994751e-01
1.603211760520935059e-01
1.603211015462875366e-01
1.603210121393203735e-01
1.603209525346755981e-01
1.603208780288696289e-01
1.603207886219024658e-01
1.603206843137741089e-01
1.603206247091293335e-01
1.603205651044845581e-01
1.603204756975173950e-01
1.603204011917114258e-01
1.603203415870666504e-01
1.603202521800994873e-01
1.603201776742935181e-01
1.603201329708099365e-01
1.603200137615203857e-01
1.603199392557144165e-01
1.603198647499084473e-01
1.603197753429412842e-01
1.603197455406188965e-01
1.603196263313293457e-01
1.603195518255233765e-01
1.603194773197174072e-01
1.603194028139114380e-01
1.603193432092666626e-01
1.603192836046218872e-01
1.603191792964935303e-01
1.603191047906875610e-01
1.603190004825592041e-01
1.603189706802368164e-01
1.603188812732696533e-01
1.603187918663024902e-01
1.603187173604965210e-01
1.603186279535293579e-01
1.603185534477233887e-01
1.603184938430786133e-01
1.603184044361114502e-01
1.603183299303054810e-01
1.603182554244995117e-01
1.603181958198547363e-01
1.603181064128875732e-01
1.603180319070816040e-01
1.603179574012756348e-01
1.603178530931472778e-01
1.603177785873413086e-01
1.603177189826965332e-01
1.603176444768905640e-01
1.603175699710845947e-01
1.603174656629562378e-01
1.603174209594726562e-01
1.603173315525054932e-01
1.603172868490219116e-01
1.603171676397323608e-01
1.603170931339263916e-01
1.603170484304428101e-01
1.603169441223144531e-01
1.603168696165084839e-01
1.603168100118637085e-01
1.603167355060577393e-01
1.603166162967681885e-01
1.603165417909622192e-01
1.603164821863174438e-01
1.603164374828338623e-01
1.603163629770278931e-01
1.603162735700607300e-01
1.603161543607711792e-01
1.603160798549652100e-01
1.603160351514816284e-01
1.603159457445144653e-01
1.603158712387084961e-01
1.603157818317413330e-01
1.603157073259353638e-01
1.603156328201293945e-01
1.603155583143234253e-01
1.603154838085174561e-01
1.603153944015502930e-01
1.603153347969055176e-01
1.603152602910995483e-01
1.603151857852935791e-01
1.603150963783264160e-01
1.603150516748428345e-01
1.603149175643920898e-01
1.603148579597473145e-01
1.603148132562637329e-01
1.603147238492965698e-01
1.603146344423294067e-01
1.603145599365234375e-01
1.603144705295562744e-01
1.603143960237503052e-01
1.603143364191055298e-01
1.603142321109771729e-01
1.603142023086547852e-01
1.603140980005264282e-01
1.603140085935592651e-01
1.603139340877532959e-01
1.603138893842697144e-01
1.603137999773025513e-01
1.603137254714965820e-01
1.603136211633682251e-01
1.603135764598846436e-01
1.603134721517562866e-01
1.603134125471115112e-01
1.603133380413055420e-01
1.603132486343383789e-01
1.603131741285324097e-01
1.603130996227264404e-01
1.603130251169204712e-01
1.603129655122756958e-01
1.603128761053085327e-01
1.603128165006637573e-01
1.603126823902130127e-01
1.603126227855682373e-01
1.603125333786010742e-01
1.603124588727951050e-01
1.603124141693115234e-01
1.603123098611831665e-01
1.603122353553771973e-01
1.603121757507324219e-01
1.603121161460876465e-01
1.603119820356369019e-01
1.603119373321533203e-01
1.603118628263473511e-01
1.603117734193801880e-01
1.603117138147354126e-01
1.603116393089294434e-01
1.603115797042846680e-01
1.603115051984786987e-01
1.603114157915115356e-01
1.603112965822219849e-01
1.603112518787384033e-01
1.603111922740936279e-01
1.603111028671264648e-01
1.603110283613204956e-01
1.603109687566757202e-01
1.603108942508697510e-01
1.603107899427413940e-01
1.603107452392578125e-01
1.603106260299682617e-01
1.603105664253234863e-01
1.603104919195175171e-01
1.603104025125503540e-01
1.603103429079055786e-01
1.603102833032608032e-01
1.603101491928100586e-01
1.603100895881652832e-01
1.603100299835205078e-01
1.603099554777145386e-01
1.603098660707473755e-01
1.603097915649414062e-01
1.603097319602966309e-01
1.603096574544906616e-01
1.603095829486846924e-01
1.603095084428787231e-01
1.603094041347503662e-01
1.603093445301055908e-01
1.603092700242996216e-01
1.603091657161712646e-01
1.603090912103652954e-01
1.603090316057205200e-01
1.603089421987533569e-01
1.603088676929473877e-01
1.603088080883026123e-01
1.603087633848190308e-01
1.603086739778518677e-01
1.603085696697235107e-01
1.603084802627563477e-01
1.603084057569503784e-01
1.603083312511444092e-01
1.603082716464996338e-01
1.603081822395324707e-01
1.603081226348876953e-01
1.603080332279205322e-01
1.603079438209533691e-01
1.603078842163085938e-01
1.603078097105026245e-01
1.603077352046966553e-01
1.603076606988906860e-01
1.603075563907623291e-01
1.603074967861175537e-01
1.603074371814727783e-01
1.603073477745056152e-01
1.603072881698608398e-01
1.603072136640548706e-01
1.603070944547653198e-01
1.603070497512817383e-01
1.603069454431533813e-01
1.603068858385086060e-01
1.603068262338638306e-01
1.603067219257354736e-01
1.603066623210906982e-01
1.603065729141235352e-01
1.603065133094787598e-01
1.603064388036727905e-01
1.603063493967056274e-01
1.603062748908996582e-01
1.603062003850936890e-01
1.603061109781265259e-01
1.603060364723205566e-01
1.603059619665145874e-01
1.603059023618698120e-01
1.603057980537414551e-01
1.603057086467742920e-01
1.603056639432907104e-01
1.603055745363235474e-01
1.603055000305175781e-01
1.603054255247116089e-01
1.603053510189056396e-01
1.603052914142608643e-01
1.603052318096160889e-01
1.603051126003265381e-01
1.603050380945205688e-01
1.603049486875534058e-01
1.603048890829086304e-01
1.603048145771026611e-01
1.603047251701354980e-01
1.603046804666519165e-01
1.603046208620071411e-01
1.603044867515563965e-01
1.603044271469116211e-01
1.603043824434280396e-01
1.603042632341384888e-01
1.603041887283325195e-01
1.603041142225265503e-01
1.603040248155593872e-01
1.603039503097534180e-01
1.603038758039474487e-01
1.603038012981414795e-01
1.603037267923355103e-01
1.603036671876907349e-01
1.603035777807235718e-01
1.603034734725952148e-01
1.603033989667892456e-01
1.603033542633056641e-01
1.603032648563385010e-01
1.603032052516937256e-01
1.603031307458877563e-01
1.603030413389205933e-01
1.603029668331146240e-01
1.603028774261474609e-01
1.603027880191802979e-01
1.603027284145355225e-01
1.603026539087295532e-01
1.603025943040847778e-01
1.603024899959564209e-01
1.603024303913116455e-01
1.603023409843444824e-01
1.603022664785385132e-01
1.603021919727325439e-01
1.603021174669265747e-01
1.603020280599594116e-01
1.603019535541534424e-01
1.603018939495086670e-01
1.603017896413803101e-01
1.603017300367355347e-01
1.603016406297683716e-01
1.603015810251235962e-01
1.603015065193176270e-01
1.603014171123504639e-01
1.603013575077056885e-01
1.603012681007385254e-01
1.603011935949325562e-01
1.603011190891265869e-01
1.603010445833206177e-01
1.603009700775146484e-01
1.603008806705474854e-01
1.603007912635803223e-01
1.603007316589355469e-01
1.603006720542907715e-01
1.603005677461624146e-01
1.603005081415176392e-01
1.603004336357116699e-01
1.603003293275833130e-01
1.603002846240997314e-01
1.603002101182937622e-01
1.603001356124877930e-01
1.603000611066818237e-01
1.602999567985534668e-01
1.602998971939086914e-01
1.602998077869415283e-01
1.602997332811355591e-01
1.602996587753295898e-01
1.602995842695236206e-01
1.602995097637176514e-01
1.602994203567504883e-01
1.602993458509445190e-01
1.602992862462997437e-01
1.602992117404937744e-01
1.602991521358489990e-01
1.602990627288818359e-01
1.602989435195922852e-01
1.602988839149475098e-01
1.602988243103027344e-01
1.602987498044967651e-01
1.602986752986907959e-01
1.602985709905624390e-01
1.602984964847564697e-01
1.602984219789505005e-01
1.602983325719833374e-01
1.602982878684997559e-01
1.602981984615325928e-01
1.602981388568878174e-01
1.602980643510818481e-01
1.602979600429534912e-01
1.602979004383087158e-01
1.602978259325027466e-01
1.602977514266967773e-01
1.602976620197296143e-01
1.602975875139236450e-01
1.602975130081176758e-01
1.602974236011505127e-01
1.602973788976669312e-01
1.602973043918609619e-01
1.602971851825714111e-01
1.602971255779266357e-01
1.602970808744430542e-01
1.602969914674758911e-01
1.602969169616699219e-01
1.602968573570251465e-01
1.602967530488967896e-01
1.602966785430908203e-01
1.602966040372848511e-01
1.602965146303176880e-01
1.602964401245117188e-01
1.602963656187057495e-01
1.602962911128997803e-01
1.602962017059326172e-01
1.602961272001266479e-01
1.602960973978042603e-01
1.602960079908370972e-01
1.602958887815475464e-01
1.602958142757415771e-01
1.602957695722579956e-01
1.602956652641296387e-01
1.602956056594848633e-01
1.602955311536788940e-01
1.602954417467117310e-01
1.602953672409057617e-01
1.602953076362609863e-01
1.602952033281326294e-01
1.602951437234878540e-01
1.602950692176818848e-01
1.602949649095535278e-01
1.602948904037475586e-01
1.602948307991027832e-01
1.602947413921356201e-01
1.602946817874908447e-01
1.602946221828460693e-01
1.602945476770401001e-01
1.602944433689117432e-01
1.602943688631057739e-01
1.602942943572998047e-01
1.602942198514938354e-01
1.602941304445266724e-01
1.602940708398818970e-01
1.602939963340759277e-01
1.602938771247863770e-01
1.602938175201416016e-01
1.602937430143356323e-01
1.602936834096908569e-01
1.602936238050460815e-01
1.602935194969177246e-01
1.602934151887893677e-01
1.602933704853057861e-01
1.602932810783386230e-01
1.602932065725326538e-01
1.602931469678878784e-01
1.602930724620819092e-01
1.602929979562759399e-01
1.602929383516311646e-01
1.602928340435028076e-01
1.602927595376968384e-01
1.602926701307296753e-01
1.602926105260848999e-01
1.602925211191177368e-01
1.602924615144729614e-01
1.602923870086669922e-01
1.602922827005386353e-01
1.602922379970550537e-01
1.602921336889266968e-01
1.602920591831207275e-01
1.602920144796371460e-01
1.602919250726699829e-01
1.602918356657028198e-01
1.602917760610580444e-01
1.602916717529296875e-01
1.602916270494461060e-01
1.602915227413177490e-01
1.602914482355117798e-01
1.602913886308670044e-01
1.602912992238998413e-01
1.602912098169326782e-01
1.602911800146102905e-01
1.602910608053207397e-01
1.602909862995147705e-01
1.602909266948699951e-01
1.602908372879028320e-01
1.602907627820968628e-01
1.602907031774520874e-01
1.602906286716461182e-01
1.602905541658401489e-01
1.602904945611953735e-01
1.602904200553894043e-01
1.602903008460998535e-01
1.602902412414550781e-01
1.602901667356491089e-01
1.602900624275207520e-01
1.602899879217147827e-01
1.602899134159088135e-01
1.602898687124252319e-01
1.602897793054580688e-01
1.602896898984909058e-01
1.602896302938461304e-01
1.602895706892013550e-01
1.602894812822341919e-01
1.602893769741058350e-01
1.602892875671386719e-01
1.602892279624938965e-01
1.602891683578491211e-01
1.602890938520431519e-01
1.602890193462371826e-01
1.602889299392700195e-01
1.602888405323028564e-01
1.602887660264968872e-01
1.602886915206909180e-01
