4.120137309655547142e-04
4.120135854464024305e-04
4.120134399272501469e-04
4.120133526157587767e-04
4.120132362004369497e-04
4.120131488889455795e-04
4.120130615774542093e-04
4.120129451621323824e-04
4.120128578506410122e-04
4.120127123314887285e-04
4.120125668123364449e-04
4.120124795008450747e-04
4.120123048778623343e-04
4.120121011510491371e-04
4.120120138395577669e-04
4.120118974242359400e-04
4.120118101127445698e-04
4.120116645935922861e-04
4.120115772821009159e-04
4.120114899706095457e-04
4.120113444514572620e-04
4.120112280361354351e-04
4.120111116208136082e-04
4.120109661016613245e-04
4.120108496863394976e-04
4.120107623748481274e-04
4.120106168556958437e-04
4.120104422327131033e-04
4.120103258173912764e-04
4.120102385058999062e-04
4.120101511944085360e-04
4.120100638829171658e-04
4.120098601561039686e-04
4.120097728446125984e-04
4.120096273254603148e-04
4.120094818063080311e-04
4.120093944948166609e-04
4.120092780794948339e-04
4.120091907680034637e-04
4.120091034565120935e-04
4.120088997296988964e-04
4.120087542105466127e-04
4.120086668990552425e-04
4.120085213799029589e-04
4.120084340684115887e-04
4.120083467569202185e-04
4.120080848224461079e-04
4.120079975109547377e-04
4.120079101994633675e-04
4.120078228879719973e-04
4.120077064726501703e-04
4.120076191611588001e-04
4.120075318496674299e-04
4.120074154343456030e-04
4.120072408113628626e-04
4.120070952922105789e-04
4.120069497730582952e-04
4.120068042539060116e-04
4.120066587347537279e-04
4.120065714232623577e-04
4.120064841117709875e-04
4.120063385926187038e-04
4.120062221772968769e-04
4.120061348658055067e-04
4.120060475543141365e-04
4.120059602428227663e-04
4.120058147236704826e-04
4.120056692045181990e-04
4.120054654777050018e-04
4.120053199585527182e-04
4.120051453355699778e-04
4.120050289202481508e-04
4.120049416087567806e-04
4.120048542972654104e-04
4.120047669857740402e-04
4.120045632589608431e-04
4.120044759474694729e-04
4.120043886359781027e-04
4.120042431168258190e-04
4.120041267015039921e-04
4.120039811823517084e-04
4.120038647670298815e-04
4.120036610402166843e-04
4.120035737287253141e-04
4.120034573134034872e-04
4.120033700019121170e-04
4.120032244827598333e-04
4.120031371712684631e-04
4.120030498597770929e-04
4.120029334444552660e-04
4.120027588214725256e-04
4.120026133023202419e-04
4.120025259908288717e-04
4.120024095755070448e-04
4.120022349525243044e-04
4.120020894333720207e-04
4.120020021218806505e-04
4.120018857065588236e-04
4.120017983950674534e-04
4.120017110835760832e-04
4.120015655644237995e-04
4.120014200452715158e-04
4.120013327337801456e-04
4.120011872146278620e-04
4.120010707993060350e-04
4.120009543839842081e-04
4.120008088648319244e-04
4.120006924495100975e-04
4.120005469303578138e-04
4.120004305150359869e-04
4.120003140997141600e-04
4.120002267882227898e-04
4.120000230614095926e-04
4.119999357499182224e-04
4.119998484384268522e-04
4.119997611269354820e-04
4.119996156077831984e-04
4.119994991924613714e-04
4.119993827771395445e-04
4.119991790503263474e-04
4.119990335311740637e-04
4.119989462196826935e-04
4.119988007005304098e-04
4.119986551813781261e-04
4.119985096622258425e-04
4.119983059354126453e-04
4.119982186239212751e-04
4.119981313124299049e-04
4.119979857932776213e-04
4.119978984817862511e-04
4.119976947549730539e-04
4.119976074434816837e-04
4.119975201319903135e-04
4.119974037166684866e-04
4.119972581975162029e-04
4.119971417821943760e-04
4.119969380553811789e-04
4.119967343285679817e-04
4.119966470170766115e-04
4.119965597055852413e-04
4.119964723940938711e-04
4.119962686672806740e-04
4.119961813557893038e-04
4.119960649404674768e-04
4.119959776289761066e-04
4.119958903174847364e-04
4.119957447983324528e-04
4.119955992791801691e-04
4.119954537600278854e-04
4.119952791370451450e-04
4.119951336178928614e-04
4.119949880987405777e-04
4.119949007872492075e-04
4.119947552680969238e-04
4.119946388527750969e-04
4.119945515412837267e-04
4.119944642297923565e-04
4.119943478144705296e-04
4.119942605029791594e-04
4.119940858799964190e-04
4.119939694646745920e-04
4.119938239455223083e-04
4.119937366340309381e-04
4.119935038033872843e-04
4.119933582842350006e-04
4.119931254535913467e-04
4.119930381420999765e-04
4.119929217267781496e-04
4.119928344152867794e-04
4.119927471037954092e-04
4.119925433769822121e-04
4.119924560654908419e-04
4.119923687539994717e-04
4.119922523386776447e-04
4.119921650271862745e-04
4.119920777156949043e-04
4.119918739888817072e-04
4.119917284697294235e-04
4.119915538467466831e-04
4.119914665352553129e-04
4.119913210161030293e-04
4.119911172892898321e-04
4.119910299777984619e-04
4.119909426663070917e-04
4.119908262509852648e-04
4.119907389394938946e-04
4.119906516280025244e-04
4.119905352126806974e-04
4.119904479011893272e-04
4.119903023820370436e-04
4.119901568628847599e-04
4.119900695513933897e-04
4.119899822399020195e-04
4.119896912015974522e-04
4.119895456824451685e-04
4.119894583709537983e-04
4.119893419556319714e-04
4.119892546441406012e-04
4.119891673326492310e-04
4.119890800211578608e-04
4.119889636058360338e-04
4.119888180866837502e-04
4.119887307751923800e-04
4.119885852560400963e-04
4.119884106330573559e-04
4.119882942177355289e-04
4.119882069062441587e-04
4.119879740756005049e-04
4.119878867641091347e-04
4.119877703487873077e-04
4.119876248296350241e-04
4.119875084143131971e-04
4.119873919989913702e-04
4.119872464798390865e-04
4.119871009606868029e-04
4.119869845453649759e-04
4.119868390262126923e-04
4.119866935070604086e-04
4.119865770917385817e-04
4.119864897802472115e-04
4.119864024687558413e-04
4.119862569496035576e-04
4.119861114304512739e-04
4.119860241189599037e-04
4.119859077036380768e-04
4.119857330806553364e-04
4.119856457691639662e-04
4.119854420423507690e-04
4.119853547308593988e-04
4.119852674193680286e-04
4.119851510040462017e-04
4.119850054848939180e-04
4.119849181734025478e-04
4.119848308619111776e-04
4.119847435504198074e-04
4.119845980312675238e-04
4.119844525121152401e-04
4.119843069929629564e-04
4.119841614738106728e-04
4.119840159546583891e-04
4.119839286431670189e-04
4.119838122278451920e-04
4.119836667086929083e-04
4.119835793972015381e-04
4.119834338780492544e-04
4.119833465665578842e-04
4.119832592550665140e-04
4.119831428397446871e-04
4.119830555282533169e-04
4.119828226976096630e-04
4.119826771784573793e-04
4.119825316593050957e-04
4.119824443478137255e-04
4.119822988286614418e-04
4.119822115171700716e-04
4.119820951018482447e-04
4.119820077903568745e-04
4.119818622712045908e-04
4.119817167520523071e-04
4.119816294405609369e-04
4.119814257137477398e-04
4.119813092984259129e-04
4.119811637792736292e-04
4.119810182601213455e-04
4.119809018447995186e-04
4.119808145333081484e-04
4.119806690141558647e-04
4.119805234950035810e-04
4.119804361835122108e-04
4.119803488720208406e-04
4.119802615605294704e-04
4.119801451452076435e-04
4.119799123145639896e-04
4.119797667954117060e-04
4.119796794839203358e-04
4.119795921724289656e-04
4.119794466532766819e-04
4.119793011341243982e-04
4.119791847188025713e-04
4.119790974073112011e-04
4.119789518881589174e-04
4.119788645766675472e-04
4.119787772651761770e-04
4.119786317460238934e-04
4.119784862268716097e-04
4.119783407077193260e-04
4.119781951885670424e-04
4.119781078770756721e-04
4.119780205655843019e-04
4.119779041502624750e-04
4.119778168387711048e-04
4.119776131119579077e-04
4.119774675928056240e-04
4.119773802813142538e-04
4.119772929698228836e-04
4.119770892430096865e-04
4.119769146200269461e-04
4.119768273085355759e-04
4.119767108932137489e-04
4.119765653740614653e-04
4.119764198549091816e-04
4.119763325434178114e-04
4.119762452319264412e-04
4.119761579204350710e-04
4.119760415051132441e-04
4.119758959859609604e-04
4.119757795706391335e-04
4.119756631553173065e-04
4.119754885323345661e-04
4.119753721170127392e-04
4.119751974940299988e-04
4.119751101825386286e-04
4.119749937672168016e-04
4.119748482480645180e-04
4.119747609365731478e-04
4.119746736250817776e-04
4.119745281059294939e-04
4.119743825867772102e-04
4.119742952752858400e-04
4.119740915484726429e-04
4.119739460293203592e-04
4.119738587178289890e-04
4.119737714063376188e-04
4.119736549910157919e-04
4.119735676795244217e-04
4.119734221603721380e-04
4.119732766412198544e-04
4.119731893297284842e-04
4.119730438105762005e-04
4.119728982914239168e-04
4.119727527722716331e-04
4.119726654607802629e-04
4.119725199416279793e-04
4.119723744224756956e-04
4.119722871109843254e-04
4.119721997994929552e-04
4.119720833841711283e-04
4.119719378650188446e-04
4.119718505535274744e-04
4.119717050343751907e-04
4.119715304113924503e-04
4.119714139960706234e-04
4.119712684769183397e-04
4.119711811654269695e-04
4.119710065424442291e-04
4.119709483347833157e-04
4.119708028156310320e-04
4.119706572964787483e-04
4.119705699849873781e-04
4.119704826734960079e-04
4.119703662581741810e-04
4.119702207390218973e-04
4.119701334275305271e-04
4.119699879083782434e-04
4.119697550777345896e-04
4.119696677662432194e-04
4.119695222470909357e-04
4.119694349355995655e-04
4.119693185202777386e-04
4.119692312087863684e-04
4.119690856896340847e-04
4.119689401704818010e-04
4.119687946513295174e-04
4.119686491321772337e-04
4.119685618206858635e-04
4.119684163015335798e-04
4.119683289900422096e-04
4.119681834708899260e-04
4.119680379517376423e-04
4.119678924325853586e-04
4.119677469134330750e-04
4.119676596019417048e-04
4.119675722904503345e-04
4.119674558751285076e-04
4.119673394598066807e-04
4.119671357329934835e-04
4.119670484215021133e-04
4.119668446946889162e-04
4.119667573831975460e-04
4.119666700717061758e-04
4.119665245525538921e-04
4.119663208257406950e-04
4.119662335142493248e-04
4.119661462027579546e-04
4.119660006836056709e-04
4.119658551644533873e-04
4.119657387491315603e-04
4.119656223338097334e-04
4.119654768146574497e-04
4.119653312955051661e-04
4.119652148801833391e-04
4.119651275686919689e-04
4.119649820495396852e-04
4.119648947380483150e-04
4.119647492188960314e-04
4.119646619074046612e-04
4.119645163882523775e-04
4.119644290767610073e-04
4.119642835576087236e-04
4.119640216231346130e-04
4.119639052078127861e-04
4.119637887924909592e-04
4.119637014809995890e-04
4.119635559618473053e-04
4.119634104426950216e-04
4.119633231312036514e-04
4.119631776120513678e-04
4.119630903005599976e-04
4.119628865737468004e-04
4.119627992622554302e-04
4.119627119507640600e-04
4.119625082239508629e-04
4.119624209124594927e-04
4.119622753933072090e-04
4.119621880818158388e-04
4.119620716664940119e-04
4.119618970435112715e-04
4.119617515243589878e-04
4.119616060052067041e-04
4.119614604860544205e-04
4.119613731745630503e-04
4.119611694477498531e-04
4.119609948247671127e-04
4.119608784094452858e-04
4.119607910979539156e-04
4.119607037864625454e-04
4.119605873711407185e-04
4.119605000596493483e-04
4.119603254366666079e-04
4.119602090213447809e-04
4.119601217098534107e-04
4.119599470868706703e-04
4.119598306715488434e-04
4.119597433600574732e-04
4.119595978409051895e-04
4.119594523217529058e-04
4.119593068026006222e-04
4.119592194911092520e-04
4.119590739719569683e-04
4.119589284528046846e-04
4.119587829336524010e-04
4.119586956221610308e-04
4.119585501030087471e-04
4.119584045838564634e-04
4.119583172723650932e-04
4.119581717532128096e-04
4.119580262340605259e-04
4.119579389225691557e-04
4.119577934034168720e-04
4.119576478842645884e-04
4.119575605727732182e-04
4.119574441574513912e-04
4.119572986382991076e-04
4.119571822229772806e-04
4.119570367038249969e-04
4.119569202885031700e-04
4.119568329770117998e-04
4.119566583540290594e-04
4.119565419387072325e-04
4.119563964195549488e-04
4.119563091080635786e-04
4.119562217965722084e-04
4.119561053812503815e-04
4.119559889659285545e-04
4.119558434467762709e-04
4.119556979276239872e-04
4.119555815123021603e-04
4.119554942008107901e-04
4.119554068893194199e-04
4.119552031625062227e-04
4.119551158510148525e-04
4.119549703318625689e-04
4.119548248127102852e-04
4.119546792935580015e-04
4.119545046705752611e-04
4.119544173590838909e-04
4.119542136322706938e-04
4.119540681131184101e-04
4.119539808016270399e-04
4.119538643863052130e-04
4.119537479709833860e-04
4.119536315556615591e-04
4.119535442441701889e-04
4.119534569326788187e-04
4.119533405173569918e-04
4.119532532058656216e-04
4.119531658943742514e-04
4.119529330637305975e-04
4.119527875445783138e-04
4.119527002330869436e-04
4.119524965062737465e-04
4.119523509871214628e-04
4.119522636756300926e-04
4.119521472603082657e-04
4.119520308449864388e-04
4.119519144296646118e-04
4.119517689105123281e-04
4.119516815990209579e-04
4.119515360798686743e-04
4.119514487683773041e-04
