-3.467825174331665039e+00
-5.499850273132324219e+00
-2.508181810379028320e+00
-3.870046138763427734e+00
-3.639233589172363281e+00
-7.229893803596496582e-01
-1.631684780120849609e+00
-2.182909488677978516e+00
-3.800642251968383789e+00
-1.058298587799072266e+00
-4.854878902435302734e+00
-4.800682544708251953e+00
-2.980031013488769531e+00
-7.800810337066650391e-01
-5.755107402801513672e-01
-5.438030242919921875e+00
-3.448560953140258789e+00
-4.583568096160888672e+00
-2.615930557250976562e+00
-1.349492430686950684e+00
-4.858396053314208984e+00
-8.682882785797119141e-01
-2.747076749801635742e+00
-2.980120420455932617e+00
-6.361773967742919922e+00
-2.221176385879516602e+00
-5.243845462799072266e+00
-3.664349079132080078e+00
-4.020449638366699219e+00
3.024889230728149414e-01
-1.254241943359375000e+00
-3.811112880706787109e+00
-4.050930023193359375e+00
-3.630168914794921875e+00
-3.695559263229370117e+00
1.257109284400939941e+00
-1.812084078788757324e+00
-4.841010570526123047e+00
-3.350335121154785156e+00
-1.013722777366638184e+00
-2.781002759933471680e+00
-3.896090745925903320e+00
-9.291837811470031738e-01
3.158054649829864502e-01
-8.211353421211242676e-01
-4.170678615570068359e+00
-6.255462169647216797e+00
-4.176140129566192627e-01
-3.548400640487670898e+00
-5.158528804779052734e+00
