-1.055615901947021484e+00
-3.978585004806518555e+00
-3.140421628952026367e+00
-2.272650480270385742e+00
-2.119580030441284180e+00
-5.800428867340087891e+00
-3.922837257385253906e+00
-4.192824840545654297e+00
-1.815751671791076660e+00
-3.249502420425415039e+00
-2.542262315750122070e+00
-3.422327041625976562e+00
-3.656243085861206055e+00
-2.393242120742797852e+00
-3.470321655273437500e+00
-5.272033214569091797e+00
-2.276801824569702148e+00
-8.075398206710815430e-01
-1.224035263061523438e+00
-2.758557319641113281e+00
-2.020923614501953125e+00
-1.773975849151611328e+00
-4.752706527709960938e+00
-2.021540641784667969e+00
-1.443275094032287598e+00
-3.216479301452636719e+00
-6.129276275634765625e+00
-1.054856777191162109e+00
2.097304821014404297e+00
1.017587900161743164e+00
-1.078198432922363281e+00
-2.307807207107543945e+00
-2.546590566635131836e+00
-2.775370836257934570e+00
-4.959849357604980469e+00
-2.508555412292480469e+00
-4.897614002227783203e+00
-3.642729759216308594e+00
-4.479339122772216797e+00
-1.583262324333190918e+00
-2.901356220245361328e+00
-2.387095689773559570e+00
-2.074735641479492188e+00
-4.394660949707031250e+00
-2.404189825057983398e+00
-2.690349519252777100e-01
-2.534310579299926758e+00
-4.462607860565185547e+00
-5.111400485038757324e-01
-2.594898700714111328e+00
