-2.608759999275207520e-01
-2.881644964218139648e-01
-3.035095147788524628e-02
2.295112907886505127e-01
3.185536563396453857e-01
-3.756390810012817383e-01
-3.237001225352287292e-02
-2.915817685425281525e-02
-7.680454850196838379e-02
2.003824263811111450e-01
1.082414984703063965e-01
-5.735160410404205322e-02
1.282884329557418823e-01
-9.358571469783782959e-02
-1.446116343140602112e-02
2.149480879306793213e-01
-4.327337145805358887e-01
8.621088415384292603e-02
-9.654392302036285400e-02
-2.706935442984104156e-02
3.038816750049591064e-01
-1.618448495864868164e-01
-1.182360202074050903e-01
1.040755510330200195e-01
9.084803611040115356e-02
