-1.371789574623107910e+00
-1.018547534942626953e+00
-1.124289035797119141e+00
-1.230479955673217773e+00
-1.039410591125488281e+00
-1.115823864936828613e+00
-1.112430691719055176e+00
-8.940035700798034668e-01
-8.995403647422790527e-01
-1.273604273796081543e+00
-1.491968512535095215e+00
-1.286298632621765137e+00
-6.842940449714660645e-01
-1.010339498519897461e+00
-1.125850081443786621e+00
-4.293077886104583740e-01
-5.890542268753051758e-01
-1.375577807426452637e+00
-1.295416235923767090e+00
-1.775578141212463379e+00
-1.652788519859313965e+00
-3.611700832843780518e-01
-1.251085996627807617e+00
-1.997056245803833008e+00
-2.025175571441650391e+00
-1.239460110664367676e+00
-1.121781349182128906e+00
-1.721857070922851562e+00
-4.463860988616943359e-01
-2.172954797744750977e+00
-1.451921820640563965e+00
-7.935526371002197266e-01
-1.930497884750366211e+00
-1.185209870338439941e+00
-1.381661415100097656e+00
-4.040166735649108887e-01
-5.457711815834045410e-01
-1.259014129638671875e+00
-1.120885372161865234e+00
-1.823577880859375000e+00
-6.010062098503112793e-01
-6.402075886726379395e-01
-1.158182263374328613e+00
-7.260625958442687988e-01
-9.431091696023941040e-02
-2.276866286993026733e-01
3.047242760658264160e-02
-5.416263937950134277e-01
-5.974630117416381836e-01
-5.115966200828552246e-01
