-2.440443992614746094e+00
-3.737171173095703125e+00
-2.843367815017700195e+00
-4.080142021179199219e+00
-2.908592939376831055e+00
-5.004752635955810547e+00
-3.510785102844238281e+00
-5.492269992828369141e+00
9.535636752843856812e-02
-4.760763645172119141e+00
-3.564795494079589844e+00
-3.864510774612426758e+00
-4.180563449859619141e+00
-2.811009407043457031e+00
2.874368429183959961e-01
-2.070563316345214844e+00
-2.181468963623046875e+00
-4.905484676361083984e+00
-3.234344720840454102e+00
-3.742877006530761719e+00
-2.476408481597900391e-01
-8.878496289253234863e-01
-3.143044233322143555e+00
-7.411435842514038086e-01
-3.251423597335815430e+00
-3.484967470169067383e+00
1.751560121774673462e-01
-4.484520912170410156e+00
-4.681426048278808594e+00
-5.859528064727783203e+00
-2.049539387226104736e-01
9.220138192176818848e-02
-2.997286081314086914e+00
-4.142792701721191406e+00
-1.202304124832153320e+00
-3.966689586639404297e+00
-2.530541181564331055e+00
-2.335848569869995117e+00
-3.179809331893920898e+00
-1.936554193496704102e+00
-4.290947914123535156e+00
-6.819165349006652832e-01
-2.656167268753051758e+00
-1.886549711227416992e+00
-1.344255924224853516e+00
-1.079899430274963379e+00
-2.188587665557861328e+00
-3.825030803680419922e+00
-1.719124794006347656e+00
-2.538755893707275391e+00
