7.746245861053466797e+00
-1.601980400085449219e+01
-2.260179138183593750e+01
-3.004601240158081055e+00
-5.061141014099121094e+00
-6.202076911926269531e+00
-9.469544410705566406e+00
-8.679636955261230469e+00
-1.036637210845947266e+01
-1.725277137756347656e+01
-1.436618137359619141e+01
-2.054208946228027344e+01
7.355216026306152344e+00
-3.381634235382080078e+00
-2.633979320526123047e+00
-1.090971946716308594e+01
8.599528312683105469e+00
-7.530272960662841797e+00
-8.274500846862792969e+00
-2.407016515731811523e+00
-1.617462730407714844e+01
-9.440770149230957031e-01
-9.140927314758300781e+00
-2.344807434082031250e+01
-1.007934379577636719e+01
-2.139861297607421875e+01
-5.287380695343017578e+00
-1.293843936920166016e+01
-1.652566337585449219e+01
-2.983833551406860352e+00
-1.414515209197998047e+01
-1.317410755157470703e+01
-2.333222150802612305e+00
2.584639310836791992e+00
-6.570175647735595703e+00
-1.349189090728759766e+01
-6.618538379669189453e+00
-9.036253929138183594e+00
-2.751685857772827148e+00
2.665723562240600586e-01
-2.510820770263671875e+01
-1.703840827941894531e+01
-8.746175765991210938e+00
-6.564615726470947266e+00
-1.304538726806640625e+01
4.732308685779571533e-01
-9.055016517639160156e+00
-2.254765701293945312e+01
-2.232600450515747070e+00
-8.945744514465332031e+00
