-1.012489676475524902e+00
-1.371551418304443359e+01
-9.393895149230957031e+00
-7.546610832214355469e+00
-1.508408069610595703e+01
-3.344152450561523438e+01
-2.790071868896484375e+01
-1.496027183532714844e+01
-2.705434799194335938e+01
-3.929943466186523438e+01
4.355278491973876953e+00
-1.760227966308593750e+01
-3.133364105224609375e+01
-2.689326667785644531e+01
-2.602465438842773438e+01
-1.610053634643554688e+01
-8.013152122497558594e+00
-2.419946901500225067e-02
-3.129092788696289062e+01
-5.264756679534912109e+00
-7.861588478088378906e+00
-4.534826755523681641e+00
4.641455650329589844e+00
-9.814735412597656250e+00
-1.266105651855468750e+01
-1.641438007354736328e+00
-2.296996688842773438e+01
2.046290206909179688e+01
-2.507290267944335938e+01
6.514819622039794922e+00
-3.134499311447143555e+00
-1.519000887870788574e+00
-1.444767475128173828e+01
-6.367598056793212891e+00
-9.095221519470214844e+00
-2.412969779968261719e+01
-1.653243446350097656e+01
-1.407911968231201172e+01
2.622941017150878906e+00
-1.976224422454833984e+00
-4.505303382873535156e+00
-2.532080650329589844e+01
5.278730869293212891e+00
-8.773443222045898438e+00
-5.026054382324218750e-01
-1.278922748565673828e+01
-1.707685279846191406e+01
-2.234258842468261719e+01
-1.490367794036865234e+01
-2.162477111816406250e+01
