-3.191293478012084961e+00
-2.687765598297119141e+00
-2.253429740667343140e-01
-3.460050582885742188e+00
-3.295216560363769531e+00
-3.457973957061767578e+00
-2.413656949996948242e+00
-3.660519361495971680e+00
-4.225707054138183594e+00
-2.953377246856689453e+00
-1.773838520050048828e+00
-1.288399100303649902e+00
-1.508745789527893066e+00
-2.599487066268920898e+00
-2.188968658447265625e+00
-2.961207389831542969e+00
-3.745925664901733398e+00
-6.922510266304016113e-01
-3.721266746520996094e+00
-1.299492269754409790e-01
-2.126162052154541016e+00
-2.809701919555664062e+00
-4.357919692993164062e+00
-2.580919027328491211e+00
-1.698885083198547363e+00
-2.301660537719726562e+00
-3.217527389526367188e+00
-2.483496427536010742e+00
-3.079447984695434570e+00
-1.123024821281433105e+00
-1.458758950233459473e+00
-4.001656055450439453e+00
-4.305146634578704834e-01
-1.586145997047424316e+00
-3.463176488876342773e+00
-3.805928945541381836e+00
-2.214518785476684570e+00
-3.986399412155151367e+00
-2.690658092498779297e+00
-3.924987792968750000e+00
-3.491349220275878906e+00
-2.558457374572753906e+00
-1.949221849441528320e+00
-2.871579885482788086e+00
-1.111308813095092773e+00
-1.305371165275573730e+00
-2.920267581939697266e+00
-2.214012384414672852e+00
-1.142089486122131348e+00
-2.191499471664428711e+00
