-9.269385933876037598e-01
-3.472789764404296875e+00
-2.540142774581909180e+00
-6.498047828674316406e+00
-2.043101310729980469e+00
-2.448709487915039062e+00
-2.578779458999633789e+00
-2.881805419921875000e+00
-3.238739728927612305e+00
-3.839240550994873047e+00
-3.128445625305175781e+00
-2.973560571670532227e+00
3.242783248424530029e-01
-2.417036294937133789e+00
-2.691451311111450195e+00
-2.755815744400024414e+00
-5.890860080718994141e+00
-3.947046041488647461e+00
-1.197299718856811523e+00
-3.202620267868041992e+00
-1.931684851646423340e+00
-3.714030504226684570e+00
-2.369082212448120117e+00
-3.257556676864624023e+00
-6.955767154693603516e+00
-4.367591381072998047e+00
-2.250397920608520508e+00
-1.097323894500732422e+00
-5.643522739410400391e-01
-2.999755144119262695e+00
-3.885444164276123047e+00
-1.857959985733032227e+00
-1.588454127311706543e+00
-3.398914575576782227e+00
-2.804121494293212891e+00
-3.764064311981201172e+00
-3.063482761383056641e+00
-3.017468690872192383e+00
-2.742071636021137238e-02
-1.836724877357482910e+00
-6.025553941726684570e-01
-4.071137905120849609e+00
-1.510651230812072754e+00
-1.845519661903381348e+00
-2.730127334594726562e+00
-2.368292331695556641e+00
-3.705071687698364258e+00
-9.671887159347534180e-01
-3.752157449722290039e+00
-2.348758220672607422e+00
