9.068280458450317383e-02
-3.663566708564758301e-02
-7.679387927055358887e-02
4.538705945014953613e-02
3.195193409919738770e-01
-1.949743479490280151e-01
2.443339973688125610e-01
-2.008439302444458008e-01
1.066839322447776794e-01
1.262118816375732422e-01
-1.277626305818557739e-01
1.578281633555889130e-02
9.272523969411849976e-02
2.467662096023559570e-01
4.326492846012115479e-01
5.404901131987571716e-02
1.018292903900146484e-01
-2.844544947147369385e-01
-4.753086343407630920e-02
-3.092448972165584564e-02
1.663547754287719727e-01
7.492127269506454468e-02
5.336469784379005432e-02
-2.186851501464843750e-01
-9.662461280822753906e-02
1.195075213909149170e-01
6.570155918598175049e-02
-1.326944231986999512e-01
3.178648352622985840e-01
7.749763131141662598e-02
-2.947593480348587036e-02
-5.267714262008666992e-01
-1.362845022231340408e-02
3.699263930320739746e-02
4.177219793200492859e-02
1.438133977353572845e-02
-1.992539167404174805e-01
-1.787095144391059875e-02
-5.419413745403289795e-02
2.033239752054214478e-01
2.689944207668304443e-01
6.999187171459197998e-02
1.015726402401924133e-01
1.401188224554061890e-01
-8.794554322957992554e-02
8.535452187061309814e-03
-1.260571589227765799e-04
-6.199536845088005066e-02
-4.608529806137084961e-02
1.433123052120208740e-01
