-1.135526943206787109e+01
-2.022131443023681641e+00
-6.963512420654296875e+00
-1.770586848258972168e+00
8.031949996948242188e+00
-2.786914634704589844e+01
-1.704225349426269531e+01
-3.956505584716796875e+01
-3.406762695312500000e+01
-3.881901168823242188e+01
-5.120130062103271484e+00
1.049522876739501953e+00
-7.587300777435302734e+00
-2.505262947082519531e+01
-2.400911140441894531e+01
1.010560035705566406e+01
-9.691107749938964844e+00
3.438773870468139648e+00
-2.971973419189453125e+00
-6.167090415954589844e+00
-1.013664913177490234e+01
-1.521210479736328125e+01
-2.076427841186523438e+01
1.249641990661621094e+01
-1.257518005371093750e+01
-3.428036928176879883e+00
-2.510170936584472656e+01
1.640321540832519531e+01
-1.982930374145507812e+01
-2.985197830200195312e+01
9.957457542419433594e+00
-2.327701568603515625e+00
3.473694801330566406e+00
-1.945429611206054688e+01
-2.034300231933593750e+01
-1.270401716232299805e+00
-1.376842117309570312e+01
7.787966728210449219e-01
-1.897999763488769531e+01
-7.258069992065429688e+00
-1.858926200866699219e+01
-3.396600341796875000e+01
-6.988010883331298828e+00
-3.013262748718261719e+01
-2.581139373779296875e+01
2.279776000976562500e+01
-2.712454223632812500e+01
-3.781940460205078125e+01
5.099653720855712891e+00
-1.966482543945312500e+01
