-1.447115242481231689e-01
-7.009531557559967041e-02
-4.691749438643455505e-02
-1.898747980594635010e-01
1.757750958204269409e-01
-1.868531852960586548e-01
5.616043508052825928e-02
3.671650588512420654e-02
8.173452317714691162e-02
-6.263985484838485718e-02
7.509128004312515259e-02
1.955495476722717285e-01
-1.323249489068984985e-01
1.698064655065536499e-01
7.578771095722913742e-03
1.602143049240112305e-01
-2.354423850774765015e-01
-6.549823284149169922e-02
2.589572593569755554e-02
-1.934463717043399811e-02
-5.113955959677696228e-02
1.437454074621200562e-01
-8.382978849112987518e-03
5.234643071889877319e-02
-5.130001343786716461e-03
-2.206874452531337738e-02
-1.422714889049530029e-01
1.865496858954429626e-02
1.535591334104537964e-01
7.089152187108993530e-02
-3.009489923715591431e-02
2.842174768447875977e-01
-1.742147654294967651e-01
-2.921933829784393311e-01
-1.165382564067840576e-01
1.467611789703369141e-01
-1.368667185306549072e-01
-2.293031290173530579e-02
1.037127003073692322e-01
5.923845618963241577e-02
7.125891745090484619e-02
-1.341892927885055542e-01
-1.905136555433273315e-01
-2.069758474826812744e-01
5.407898128032684326e-02
2.744620479643344879e-02
2.369190379977226257e-02
6.969777494668960571e-02
-1.493040919303894043e-01
3.694957792758941650e-01
