-9.106797218322753906e+00
-1.349687671661376953e+01
-1.085672378540039062e+01
1.112736344337463379e+00
-6.545236110687255859e+00
8.966882705688476562e+00
-7.587619304656982422e+00
-7.214726924896240234e+00
-1.580602931976318359e+01
-6.989550113677978516e+00
-1.302105045318603516e+01
-2.489357471466064453e+00
-1.569336414337158203e+01
-1.372766494750976562e+00
-1.378138780593872070e+00
-2.171971511840820312e+01
-8.270333290100097656e+00
-1.108582878112792969e+01
1.078403830528259277e+00
-1.096086883544921875e+01
-7.451009154319763184e-01
-1.260623073577880859e+01
-1.860981178283691406e+01
-5.373210430145263672e+00
-1.537423133850097656e+01
-6.081441402435302734e+00
2.087551593780517578e+00
-1.231837463378906250e+01
-1.074566555023193359e+01
-7.776684284210205078e+00
-2.849420738220214844e+01
-2.704870700836181641e+00
-1.200437641143798828e+01
-1.914146995544433594e+01
-2.070554542541503906e+01
6.468851566314697266e+00
-1.305637836456298828e+01
-1.013041114807128906e+01
-2.080230522155761719e+01
-7.335571765899658203e+00
-1.417244529724121094e+01
-1.110211181640625000e+01
-3.229244947433471680e+00
-9.162746429443359375e+00
1.149759054183959961e+00
5.024979710578918457e-01
-1.648816108703613281e+01
-1.019189262390136719e+01
-2.396517515182495117e+00
-2.401785659790039062e+01
