-3.412376642227172852e-01
2.161246985197067261e-01
-3.109212636947631836e+00
-3.934557437896728516e+00
-3.054986000061035156e+00
-4.662155151367187500e+00
-2.955173254013061523e+00
1.253576040267944336e+00
-1.182918071746826172e+00
-6.965019226074218750e+00
-1.982951045036315918e+00
1.810775876045227051e+00
-4.547159671783447266e+00
-3.896878480911254883e+00
-3.734806060791015625e+00
-4.171202182769775391e+00
-3.962388277053833008e+00
-5.087346076965332031e+00
-7.775602817535400391e+00
-1.991939902305603027e+00
-1.328898429870605469e+00
-2.758593082427978516e+00
-5.155966758728027344e+00
-3.594388484954833984e+00
-3.639294862747192383e+00
-2.933183431625366211e+00
-4.053300380706787109e+00
-2.571382045745849609e+00
-4.345349788665771484e+00
-1.891331315040588379e+00
-2.517891168594360352e+00
-2.959583759307861328e+00
-3.634357929229736328e+00
-3.456560850143432617e+00
-3.806733131408691406e+00
-3.677624940872192383e+00
-4.300671577453613281e+00
-1.103197336196899414e+00
-6.389236450195312500e+00
-2.594479084014892578e+00
-5.120635032653808594e+00
-4.517997264862060547e+00
1.191156029701232910e+00
-3.216764450073242188e+00
-3.599549770355224609e+00
-7.310289144515991211e-01
-2.300018548965454102e+00
8.635225147008895874e-02
-2.723586320877075195e+00
-3.470604419708251953e+00
