-2.768169879913330078e+00
-3.203217267990112305e+00
-4.254607200622558594e+00
-1.584406852722167969e+00
-2.706736326217651367e+00
-3.583530187606811523e+00
-3.020060062408447266e+00
-1.460073947906494141e+00
-4.232069969177246094e+00
-3.612115144729614258e+00
-4.144537448883056641e+00
-3.518779277801513672e+00
-2.710506200790405273e+00
-3.058847188949584961e+00
-4.799232959747314453e+00
-6.700121760368347168e-01
-2.777937889099121094e+00
-3.608750104904174805e+00
-1.783864974975585938e+00
-2.625039339065551758e+00
-1.436008691787719727e+00
-3.813274621963500977e+00
5.185191631317138672e-01
-4.077730178833007812e+00
-4.577173233032226562e+00
-8.986378908157348633e-01
-3.915268421173095703e+00
-1.888743996620178223e+00
-2.387701511383056641e+00
-5.285067558288574219e+00
-2.496322631835937500e+00
-2.574125766754150391e+00
-2.390727758407592773e+00
-2.165037393569946289e+00
-2.070293664932250977e+00
-3.556485176086425781e+00
-3.387602806091308594e+00
-2.525702714920043945e+00
-2.478729248046875000e+00
-3.638784646987915039e+00
-2.176876306533813477e+00
-2.128953456878662109e+00
-1.075301766395568848e+00
-1.653992176055908203e+00
-1.718550175428390503e-01
-1.001435756683349609e+00
-2.031771421432495117e+00
-1.224089980125427246e+00
-2.339962720870971680e+00
-1.246678590774536133e+00
