-9.256096482276916504e-01
-9.271468520164489746e-01
-1.804243475198745728e-01
-6.711657047271728516e-01
-3.817262947559356689e-01
-7.717462182044982910e-01
-7.985576987266540527e-01
-4.014765322208404541e-01
-8.300623893737792969e-01
-6.281839609146118164e-01
-4.085374474525451660e-01
-1.126038670539855957e+00
-4.581591188907623291e-01
-9.293642044067382812e-01
-2.986395657062530518e-01
-9.112578630447387695e-01
-1.212204337120056152e+00
-7.719672322273254395e-01
-3.526022136211395264e-01
-4.007480442523956299e-01
-1.140750765800476074e+00
-7.376326322555541992e-01
-6.723560690879821777e-01
-8.702355623245239258e-01
-7.653534412384033203e-01
-5.838809013366699219e-01
-5.301436781883239746e-01
-8.210487961769104004e-01
-7.059880495071411133e-01
-6.580066084861755371e-01
6.061176955699920654e-02
-6.658439636230468750e-01
-8.347378969192504883e-01
-9.303473234176635742e-01
-2.927838265895843506e-01
-9.982073903083801270e-01
-3.911226391792297363e-01
-6.446856856346130371e-01
-7.018234729766845703e-01
-3.519258499145507812e-01
-7.053754925727844238e-01
-8.802804946899414062e-01
-5.046434402465820312e-01
-8.522136807441711426e-01
-4.749281704425811768e-01
-7.056860327720642090e-01
-9.795600771903991699e-01
-8.385488986968994141e-01
-7.484872937202453613e-01
-6.622957587242126465e-01
