-1.093013882637023926e+00
-1.079421281814575195e+00
-4.938979744911193848e-01
-8.761216402053833008e-01
-1.106733083724975586e+00
-7.500746250152587891e-01
-2.475067377090454102e-01
-2.102216482162475586e-01
-7.581381797790527344e-01
-6.720279455184936523e-01
-8.460063934326171875e-01
-7.795725464820861816e-01
-5.465044379234313965e-01
-9.292175173759460449e-01
-7.970696687698364258e-01
-4.702534675598144531e-01
-8.582608103752136230e-01
-8.220208883285522461e-01
-1.044919848442077637e+00
-5.194978713989257812e-01
-9.029512405395507812e-01
-6.432199478149414062e-01
-3.804462552070617676e-01
-5.045170187950134277e-01
-3.277506232261657715e-01
-5.681215524673461914e-01
-1.169032379984855652e-01
-5.967643260955810547e-01
-1.004735827445983887e+00
-6.291202902793884277e-01
-9.144285917282104492e-01
-5.779342651367187500e-01
-5.501135587692260742e-01
-9.638630747795104980e-01
-8.629742264747619629e-01
-7.846707105636596680e-01
-5.117291808128356934e-01
-5.422886610031127930e-01
-4.143233299255371094e-01
-8.354229331016540527e-01
-4.162358045578002930e-01
-4.890685677528381348e-01
-1.018142223358154297e+00
-5.476257205009460449e-01
-6.225067973136901855e-01
-7.483097910881042480e-01
-6.168786883354187012e-01
-7.394056320190429688e-01
-7.446398138999938965e-01
-9.341419935226440430e-01
