-5.338119864463806152e-01
-2.851055562496185303e-01
-6.016462445259094238e-01
-5.206894874572753906e-01
-4.705167114734649658e-01
-5.964102149009704590e-01
-4.725852310657501221e-01
-4.406199455261230469e-01
-6.019246578216552734e-01
-2.625868916511535645e-01
-1.513997763395309448e-01
-6.858898401260375977e-01
-3.105521500110626221e-01
-4.283356666564941406e-01
-6.537236571311950684e-01
-4.496301412582397461e-01
-3.054684102535247803e-01
-6.173478960990905762e-01
-5.934185385704040527e-01
-5.812062621116638184e-01
-7.302901148796081543e-01
-9.271897673606872559e-01
-6.433764696121215820e-01
-4.562869369983673096e-01
-6.137332320213317871e-01
-8.246883749961853027e-01
-8.122492432594299316e-01
-1.620890051126480103e-01
-8.724038600921630859e-01
-8.235371708869934082e-01
-3.161575198173522949e-01
-1.810848265886306763e-01
-8.247180283069610596e-02
-3.983854949474334717e-01
-3.205787539482116699e-01
-5.885829329490661621e-01
-2.721380442380905151e-03
-2.824947834014892578e-01
-4.782068431377410889e-01
-3.618537187576293945e-01
-3.047127723693847656e-01
-5.632784366607666016e-01
-4.039254188537597656e-01
-5.251647233963012695e-01
-2.322762161493301392e-01
-1.940981447696685791e-01
-3.950968086719512939e-01
-7.334927916526794434e-01
-8.581081032752990723e-01
-5.635889247059822083e-02
