-4.943514466285705566e-01
-2.640417218208312988e-01
-1.733009144663810730e-02
-5.126538276672363281e-01
-7.170037627220153809e-01
-5.833057761192321777e-01
-3.454811871051788330e-01
-3.855731785297393799e-01
-6.608251333236694336e-01
-3.224141299724578857e-01
-8.763484954833984375e-01
-2.463669329881668091e-01
-7.816797494888305664e-01
-9.584221839904785156e-01
-3.361507356166839600e-01
-6.357768774032592773e-01
-5.378550887107849121e-01
-6.632501482963562012e-01
-4.460423290729522705e-01
-4.266220331192016602e-01
-1.315697133541107178e-01
-1.029606342315673828e+00
-5.876387357711791992e-01
-5.719200372695922852e-01
-5.019178390502929688e-01
-7.704822421073913574e-01
-3.194582760334014893e-01
-7.111117839813232422e-01
-5.163106322288513184e-01
-7.347357869148254395e-01
-2.464391440153121948e-01
-8.300335407257080078e-01
-4.980566203594207764e-01
-4.285408854484558105e-01
-4.251289069652557373e-01
-2.694229781627655029e-01
-4.682047665119171143e-01
-3.902257084846496582e-01
-8.415944576263427734e-01
-7.750485539436340332e-01
-3.334785401821136475e-01
-9.811929613351821899e-02
-4.649146199226379395e-01
-5.609011650085449219e-01
-6.547582149505615234e-01
-3.099768757820129395e-01
-4.659927785396575928e-01
-7.526555657386779785e-01
-4.335195720195770264e-01
-3.116809725761413574e-01
