-3.419985771179199219e-01
-2.725605666637420654e-01
-5.279992222785949707e-01
-1.418140232563018799e-01
-2.992832064628601074e-01
-6.927745342254638672e-01
-2.568521201610565186e-01
-5.885609984397888184e-01
-8.781898617744445801e-01
-1.965189725160598755e-01
-4.924694001674652100e-01
-6.632092595100402832e-01
-4.043513536453247070e-01
-4.261659979820251465e-01
-5.772438645362854004e-01
-1.706729829311370850e-01
-2.685666680335998535e-01
-6.864073276519775391e-01
-1.184372082352638245e-01
-3.208777606487274170e-01
-5.459127426147460938e-01
-6.460266113281250000e-01
-7.062807679176330566e-01
-7.943391799926757812e-01
-5.113413929939270020e-01
-5.674185752868652344e-01
-5.340102314949035645e-01
-3.523925244808197021e-01
-2.821625173091888428e-01
-4.667488038539886475e-01
-3.606147766113281250e-01
-6.066905260086059570e-01
-1.848156750202178955e-01
-4.528112411499023438e-01
-6.611412763595581055e-01
-1.318754404783248901e-01
-9.818827509880065918e-01
-3.730886578559875488e-01
-3.846008181571960449e-01
-5.861185193061828613e-01
-5.741035342216491699e-01
-4.344973266124725342e-01
-4.743113815784454346e-01
-7.327176332473754883e-01
-6.511839628219604492e-01
-3.982462882995605469e-01
-4.193453192710876465e-01
-6.077488064765930176e-01
-2.924881279468536377e-01
-5.111433267593383789e-01
