9.374553710222244263e-02
-1.178688183426856995e-01
2.295955121517181396e-01
1.855921596288681030e-01
-3.430311977863311768e-01
1.430467814207077026e-01
1.546789333224296570e-02
-1.068841218948364258e-01
1.354152262210845947e-01
1.373470127582550049e-01
-3.154268562793731689e-01
1.794782727956771851e-01
-3.530346453189849854e-01
2.745291888713836670e-01
1.949381828308105469e-01
3.077601492404937744e-01
3.371887281537055969e-02
5.192640796303749084e-02
-4.760107696056365967e-01
2.046872675418853760e-01
3.962786495685577393e-01
-3.159531354904174805e-01
2.571745216846466064e-01
7.177884876728057861e-02
-1.466154307126998901e-01
