-7.969786971807479858e-02
-2.340561896562576294e-01
3.399103581905364990e-01
-3.947073593735694885e-02
-1.395107954740524292e-01
1.401313394308090210e-01
-9.089461714029312134e-02
3.632421046495437622e-02
2.978213131427764893e-01
-2.905959486961364746e-01
-8.415707945823669434e-02
5.754457712173461914e-01
-3.766409456729888916e-01
1.665333062410354614e-01
3.145220577716827393e-01
-9.161588549613952637e-02
3.053359389305114746e-01
9.411328285932540894e-02
8.412074297666549683e-02
-4.339526891708374023e-01
-8.829210698604583740e-02
-1.519526587799191475e-03
2.679684199392795563e-02
3.917445540428161621e-01
2.949300706386566162e-01
