-2.521798133850097656e+00
-2.930225610733032227e+00
-2.867564201354980469e+00
-3.818688869476318359e+00
-1.041801691055297852e+00
-3.343606472015380859e+00
-4.380032539367675781e+00
-3.684734344482421875e+00
-1.867102622985839844e+00
-2.846075057983398438e+00
-3.776805400848388672e+00
-1.572538495063781738e+00
-2.867249727249145508e+00
-1.436124920845031738e+00
-2.603151082992553711e+00
-2.461764097213745117e+00
-1.309114336967468262e+00
-2.348051309585571289e+00
-2.376991033554077148e+00
-3.938844442367553711e+00
-2.813964128494262695e+00
-1.768639802932739258e+00
-5.896070003509521484e-01
-4.149991512298583984e+00
-2.315531015396118164e+00
-4.464238166809082031e+00
-2.515626907348632812e+00
-4.420794963836669922e+00
-1.822462677955627441e+00
-2.957792043685913086e+00
-3.005648136138916016e+00
-2.304253339767456055e+00
-1.466184616088867188e+00
-2.886172533035278320e+00
-1.368931531906127930e+00
-1.978296756744384766e+00
-1.835359811782836914e+00
-1.590603113174438477e+00
-3.696957349777221680e+00
-2.446352005004882812e+00
-3.116569757461547852e+00
3.798896372318267822e-01
-3.773378610610961914e+00
-2.812589883804321289e+00
-1.228019118309020996e+00
-3.127401113510131836e+00
-2.429999589920043945e+00
-2.504755973815917969e+00
-3.540746688842773438e+00
-2.996750354766845703e+00
