-1.406860709190368652e+00
-3.297349452972412109e+00
-7.041163635253906250e+01
-1.873709917068481445e+00
-1.630024671554565430e+00
-3.824208831787109375e+01
-6.806384277343750000e+01
-5.785712242126464844e+00
3.744120836257934570e+00
-2.676482582092285156e+01
-4.820925521850585938e+01
-3.106736660003662109e+00
-3.498586416244506836e+00
-2.006778001785278320e+00
-5.813452720642089844e+00
-6.433515167236328125e+01
-2.054145240783691406e+01
-1.471493124961853027e+00
-1.855825805664062500e+01
-1.378082871437072754e+00
-1.826175570487976074e+00
-1.343422222137451172e+01
-2.688291072845458984e+00
-2.281319856643676758e+00
-2.331224918365478516e+00
9.769478797912597656e+00
-1.136335372924804688e+00
1.576594352722167969e+01
8.889724612236022949e-01
-2.083414316177368164e+00
2.507888793945312500e+01
-2.420166015625000000e+01
-2.825043439865112305e+00
-7.954004406929016113e-01
-3.129470348358154297e+00
-1.062670135498046875e+01
-3.301794290542602539e+00
-1.792700767517089844e+01
-3.582102203369140625e+01
2.038328647613525391e+00
-5.824401473999023438e+01
-1.756982326507568359e+00
-7.383326530456542969e+00
-4.806211090087890625e+01
-3.748138427734375000e+00
-2.708128356933593750e+01
-4.344739019870758057e-01
-2.777245521545410156e+01
1.185082817077636719e+01
-4.142801666259765625e+01
