-3.929481208324432373e-01
-4.239380955696105957e-01
-7.143900394439697266e-01
-4.634352326393127441e-01
-7.778289318084716797e-01
-3.415917754173278809e-01
-7.928615212440490723e-01
-3.978743255138397217e-01
-9.413066506385803223e-01
-9.441908448934555054e-02
-5.612536668777465820e-01
-4.966788887977600098e-01
-7.181853055953979492e-01
-9.840645194053649902e-01
-5.221651792526245117e-01
-5.648758411407470703e-01
-1.012435436248779297e+00
-6.236801147460937500e-01
-5.684411525726318359e-01
-8.601462841033935547e-01
-5.008538365364074707e-01
-3.907514810562133789e-01
-5.139415264129638672e-01
-6.517298221588134766e-01
-3.935419619083404541e-01
-3.152654469013214111e-01
-6.281682848930358887e-01
-3.649484217166900635e-01
-7.032482028007507324e-01
-4.223515391349792480e-01
-4.425349235534667969e-01
-2.711552381515502930e-01
-6.163390278816223145e-01
-8.545437455177307129e-01
-5.543661117553710938e-01
-4.657827615737915039e-01
-4.976100623607635498e-01
-6.258797049522399902e-01
-5.754728317260742188e-01
-7.176159620285034180e-01
-9.028198719024658203e-01
-7.599021196365356445e-01
-8.313485980033874512e-01
-1.036110520362854004e+00
-7.551669478416442871e-01
-9.821950793266296387e-01
-6.427153348922729492e-01
-6.983153820037841797e-01
-1.112376213073730469e+00
-1.061673760414123535e+00
