-2.535244750976562500e+01
-9.260608673095703125e+00
-2.711912536621093750e+01
-2.849200630187988281e+01
-2.401435470581054688e+01
4.148702144622802734e+00
-4.866124153137207031e+00
-8.618948936462402344e+00
-3.968608617782592773e+00
-1.338139629364013672e+01
-6.708483695983886719e+00
-6.111109256744384766e+00
-2.681065559387207031e+01
-1.325636100769042969e+01
-3.452293777465820312e+01
-1.955289840698242188e+01
-2.180186986923217773e+00
-7.226476669311523438e+00
-2.821545028686523438e+01
-2.605803871154785156e+01
1.350417709350585938e+01
-1.119283199310302734e+01
-6.324219703674316406e+00
-3.122062110900878906e+01
-1.666918182373046875e+01
-4.395961380004882812e+01
-5.054862499237060547e+00
-2.353480911254882812e+01
5.709423065185546875e+00
1.146242237091064453e+01
-6.621599674224853516e+00
9.984090805053710938e+00
7.674984455108642578e+00
-4.276787185668945312e+01
-1.529762172698974609e+01
-1.568721580505371094e+01
8.609499931335449219e+00
-2.418403625488281250e+01
-1.915276336669921875e+01
-2.193951606750488281e+01
-2.305572891235351562e+01
-9.430521011352539062e+00
-1.605580902099609375e+01
-3.162435054779052734e+00
-1.506900191307067871e+00
-9.451238632202148438e+00
-6.307593822479248047e+00
1.241683736443519592e-01
-1.772794342041015625e+01
-1.021748542785644531e+01
