-5.988481521606445312e+00
6.635630130767822266e-01
1.781920242309570312e+01
7.073713779449462891e+00
1.715606689453125000e+01
2.951810598373413086e+00
-1.418081164360046387e+00
1.259608554840087891e+01
1.527511405944824219e+01
1.461262226104736328e+01
-1.963829994201660156e+00
-1.369005918502807617e+00
-8.049786686897277832e-01
-8.860991001129150391e-01
-6.313981413841247559e-01
-2.425146818161010742e+00
-1.994769215583801270e+00
-1.018289804458618164e+00
-1.236901283264160156e+00
-1.910004615783691406e+00
-5.562201690673828125e+01
-1.074187278747558594e+01
-5.654083728790283203e+00
-2.191996955871582031e+01
-6.817961883544921875e+01
-8.161972045898437500e+01
-7.230819702148437500e+01
-1.000865268707275391e+01
-3.212516021728515625e+01
-4.893539905548095703e+00
-4.344250106811523438e+01
-3.078708648681640625e+01
-2.021742820739746094e+01
-9.900527000427246094e+00
-3.214709091186523438e+01
-7.077997589111328125e+01
-3.157122230529785156e+01
-1.569079780578613281e+01
-5.908763504028320312e+01
-1.127062416076660156e+01
-4.687100601196289062e+01
-3.510809421539306641e+00
-4.414443588256835938e+01
-5.995844841003417969e+00
-3.034125089645385742e+00
-6.631825923919677734e+00
-5.485533714294433594e+00
-2.426905155181884766e+00
-3.484890365600585938e+01
-4.714264392852783203e+00
