-1.305497735738754272e-01
1.614910960197448730e-01
-6.809840351343154907e-02
6.433809548616409302e-02
2.283002994954586029e-02
-6.959437578916549683e-02
1.039350032806396484e-01
3.510076925158500671e-02
4.368372261524200439e-01
9.231907874345779419e-02
1.480472274124622345e-02
1.334796845912933350e-01
3.461327254772186279e-01
-9.814345836639404297e-02
1.284054964780807495e-01
8.500455319881439209e-02
-1.291854977607727051e-01
9.896239638328552246e-02
1.484382301568984985e-01
2.183979451656341553e-01
1.628796011209487915e-01
-3.035097569227218628e-02
9.122323989868164062e-02
8.580159395933151245e-03
3.773256540298461914e-01
-5.020010471343994141e-02
-4.259292408823966980e-02
1.630581319332122803e-01
2.678184956312179565e-02
-1.208238452672958374e-01
4.269690066576004028e-02
-9.497023373842239380e-02
6.479796767234802246e-02
3.181447461247444153e-02
-1.477282792329788208e-01
-1.709143817424774170e-01
2.127391099929809570e-01
