-7.146679759025573730e-01
-1.949717879295349121e+00
-9.097386598587036133e-01
-9.001197814941406250e-01
-7.413956522941589355e-01
-1.843882799148559570e+00
-1.190130472183227539e+00
-9.111126661300659180e-01
-1.198907017707824707e+00
-5.125632882118225098e-01
-5.687462091445922852e-01
-2.559044659137725830e-01
-6.131783127784729004e-01
-7.724928259849548340e-01
-1.314731597900390625e+00
-1.090090394020080566e+00
-1.230355381965637207e+00
-9.895514249801635742e-01
-9.633506536483764648e-01
-6.389856934547424316e-01
-6.787569522857666016e-01
-7.152083516120910645e-01
-2.067116498947143555e+00
-7.130867242813110352e-01
-7.517227530479431152e-01
-1.644485116004943848e+00
-1.032961368560791016e+00
-8.434166312217712402e-01
-1.382286906242370605e+00
-1.243397712707519531e+00
-4.205597043037414551e-01
-1.540995121002197266e+00
-1.181154012680053711e+00
-9.786688685417175293e-01
-1.490357637405395508e+00
-3.708555698394775391e-01
-9.266014099121093750e-01
-1.198050260543823242e+00
-5.561475753784179688e-01
-5.226781964302062988e-01
-1.232641220092773438e+00
-7.497485280036926270e-01
-1.136868238449096680e+00
-1.402178883552551270e+00
-1.294216990470886230e+00
-4.522379934787750244e-01
-6.198399066925048828e-01
-1.232357144355773926e+00
-9.113978147506713867e-01
-1.028953075408935547e+00
