-1.027463600039482117e-01
-8.396057486534118652e-01
-5.018751621246337891e-01
-5.596445798873901367e-01
-6.633052825927734375e-01
-5.793110728263854980e-01
-8.468277454376220703e-01
-8.921192884445190430e-01
-2.851310074329376221e-01
-9.048418402671813965e-01
-4.883135259151458740e-01
-7.893345355987548828e-01
-1.287201195955276489e-01
-7.912127971649169922e-01
-6.566149592399597168e-01
-7.089460492134094238e-01
-3.531261682510375977e-01
-4.419936537742614746e-01
-6.414583921432495117e-01
-8.499004244804382324e-01
-4.945441186428070068e-01
-6.875563263893127441e-01
-1.158961772918701172e+00
-7.576632499694824219e-01
-7.062385678291320801e-01
-1.066858544945716858e-01
-3.454906940460205078e-01
-4.741368591785430908e-01
-3.299168944358825684e-01
-2.153466641902923584e-01
-8.917565941810607910e-01
-8.876381516456604004e-01
-8.026742935180664062e-01
-8.950039744377136230e-01
-5.833840370178222656e-01
-5.746788978576660156e-01
-5.426324605941772461e-01
-8.196113109588623047e-01
-5.417516231536865234e-01
-6.593996882438659668e-01
-1.011515974998474121e+00
-6.639075279235839844e-01
-5.952051281929016113e-01
-6.552134156227111816e-01
-4.937526881694793701e-01
-7.556916475296020508e-01
-1.012150645256042480e+00
-8.235886096954345703e-01
-8.466132283210754395e-01
-5.394197702407836914e-01
