-9.462220191955566406e+00
-7.138892173767089844e+00
-8.656430840492248535e-01
-4.300178527832031250e+00
-9.595393180847167969e+00
-4.015922546386718750e+00
-9.119029998779296875e+00
-4.786913394927978516e+00
-5.033005237579345703e+00
-5.046982765197753906e+00
4.798217773437500000e+00
4.183999061584472656e+00
-5.695723056793212891e+00
-7.762937068939208984e+00
-1.314094924926757812e+01
-7.355980873107910156e+00
-4.973750591278076172e+00
-1.975207090377807617e+00
-7.614995956420898438e+00
-1.108032417297363281e+01
-1.627557373046875000e+01
-5.465930938720703125e+00
-6.908568382263183594e+00
-6.876908302307128906e+00
-1.589852046966552734e+01
-8.691946983337402344e+00
-7.668798923492431641e+00
-3.094205141067504883e+00
-1.254805278778076172e+01
7.543287873268127441e-01
-9.978013992309570312e+00
-6.339623451232910156e+00
-6.900996685028076172e+00
-6.449769139289855957e-01
-6.643670558929443359e+00
-8.509593605995178223e-01
-1.063826847076416016e+01
-2.559206962585449219e+00
-4.757871627807617188e+00
-6.334825992584228516e+00
-5.778859853744506836e-01
-8.528156280517578125e+00
-9.174832344055175781e+00
-1.298915672302246094e+01
-8.502859115600585938e+00
-1.317085456848144531e+01
-1.772757720947265625e+01
-7.417134761810302734e+00
3.546609401702880859e+00
9.418620109558105469e+00
