-5.034152984619140625e+00
-2.002143144607543945e+00
-5.643208026885986328e+00
-6.313539028167724609e+00
1.607396960258483887e+00
-1.635498428344726562e+01
-1.023429489135742188e+01
-2.768412590026855469e+00
-8.963052928447723389e-02
-7.650646686553955078e+00
-5.513979911804199219e+00
-8.048294067382812500e+00
2.452470541000366211e+00
-1.342551612854003906e+01
-4.992014408111572266e+00
-9.466827392578125000e+00
-8.825082778930664062e+00
-1.067992305755615234e+01
-1.282480907440185547e+01
-8.339550971984863281e+00
-1.728141021728515625e+01
-2.513059377670288086e+00
-8.060526847839355469e-01
-5.630614757537841797e-01
-9.336695671081542969e+00
-9.817932128906250000e+00
-7.990941047668457031e+00
-1.107909965515136719e+01
-9.758073806762695312e+00
-2.392730951309204102e+00
-6.380112648010253906e+00
-9.878708839416503906e+00
-6.886973381042480469e+00
-1.329752349853515625e+01
-1.389593696594238281e+01
-4.427351951599121094e+00
-3.826493263244628906e+00
6.516955375671386719e+00
-1.039694881439208984e+01
-3.575172901153564453e+00
1.992298245429992676e+00
-1.089507579803466797e+01
-6.806962966918945312e+00
-6.667999744415283203e+00
-1.091926193237304688e+01
-1.129912853240966797e+01
-9.174020767211914062e+00
-2.402359485626220703e+00
-1.260264587402343750e+01
-8.210572242736816406e+00
