-1.092554211616516113e+00
-7.655313611030578613e-01
-6.700357794761657715e-01
-1.222376704216003418e+00
-4.112992882728576660e-01
-3.395912647247314453e-01
-4.897089898586273193e-01
-1.076937317848205566e+00
-8.489853143692016602e-01
-4.078572094440460205e-01
-9.081803560256958008e-01
-4.816509187221527100e-01
-8.138681650161743164e-01
-5.665747523307800293e-01
4.088758490979671478e-03
-7.622650861740112305e-01
-1.004827737808227539e+00
-6.515321135520935059e-01
-4.883923232555389404e-01
-7.434971332550048828e-01
-6.826872229576110840e-01
6.467453390359878540e-02
-4.017302691936492920e-01
-2.944765090942382812e-01
-4.997828900814056396e-01
-1.092406630516052246e+00
-7.393118143081665039e-01
-3.658123016357421875e-01
-1.150499701499938965e+00
-8.933967351913452148e-01
-4.670066833496093750e-01
-8.530281186103820801e-01
-7.296330928802490234e-01
-8.691850304603576660e-01
-5.166759490966796875e-01
-8.617513775825500488e-01
-5.119504928588867188e-01
-1.015850186347961426e+00
-9.907140135765075684e-01
-8.592618107795715332e-01
-6.833477020263671875e-01
-3.292350769042968750e-01
-1.234569668769836426e+00
-7.726192474365234375e-01
-7.744712233543395996e-01
-8.347837328910827637e-01
-7.673367261886596680e-01
-4.628597199916839600e-01
-1.464050859212875366e-01
-5.046916604042053223e-01
