-1.489243316650390625e+01
-1.458325767517089844e+01
4.580609798431396484e+00
1.408848881721496582e+00
-1.320534229278564453e+01
-6.578582286834716797e+00
-3.176548004150390625e+00
-9.597670555114746094e+00
-2.688673973083496094e+00
-5.963498592376708984e+00
-1.462722110748291016e+01
-1.582693290710449219e+01
-2.063824653625488281e+00
-2.183868980407714844e+01
2.323231697082519531e+00
4.615620244294404984e-03
-3.823044300079345703e+00
2.227222621440887451e-01
-2.333413124084472656e+01
-6.642746925354003906e+00
6.590225219726562500e+00
2.496896982192993164e+00
-1.319833374023437500e+01
-1.062724399566650391e+01
-1.044356703758239746e+00
-1.437775135040283203e+00
-1.014585781097412109e+01
-5.460390090942382812e+00
-1.186338520050048828e+01
-1.017970466613769531e+01
-2.179601430892944336e+00
-1.500950622558593750e+01
-4.882106482982635498e-01
-7.934291362762451172e+00
-8.884515762329101562e+00
-5.423585891723632812e+00
-8.013372421264648438e+00
-2.431887865066528320e+00
-6.065112113952636719e+00
-1.080910205841064453e+01
-1.806728720664978027e+00
-1.339362239837646484e+01
-1.257300949096679688e+01
-1.525747871398925781e+01
-3.290123224258422852e+00
-1.598605442047119141e+01
3.157937049865722656e+00
-1.244861698150634766e+01
-1.011938381195068359e+01
-1.526987266540527344e+01
