1.717541515827178955e-01
1.148119643330574036e-01
4.367596004158258438e-03
-5.452546104788780212e-02
1.211081445217132568e-02
-1.425149738788604736e-01
-2.210836857557296753e-01
4.593481123447418213e-02
1.212322413921356201e-01
-7.679270207881927490e-02
-8.087119460105895996e-02
-3.966394811868667603e-02
-1.701174229383468628e-01
-4.949565976858139038e-02
1.081273108720779419e-01
9.401187300682067871e-02
7.135839015245437622e-02
7.570264488458633423e-02
1.053076088428497314e-01
-1.679964661598205566e-01
1.732661724090576172e-01
2.136636525392532349e-02
7.769171148538589478e-02
1.805051416158676147e-02
-8.396515995264053345e-02
-3.457185626029968262e-02
-1.652440875768661499e-01
4.029557853937149048e-02
-8.586958795785903931e-02
-1.869831234216690063e-01
-4.392633959650993347e-02
2.348489314317703247e-01
7.655055820941925049e-02
-4.146783798933029175e-02
3.294754400849342346e-02
1.257161796092987061e-01
-9.774748980998992920e-02
1.144238412380218506e-01
1.448691487312316895e-01
-1.160181239247322083e-01
4.217152297496795654e-02
1.548322141170501709e-01
-1.096082404255867004e-01
7.229181379079818726e-02
-3.066151589155197144e-02
2.339713126420974731e-01
-3.913912549614906311e-02
1.927819475531578064e-02
-1.093397364020347595e-01
4.436038061976432800e-02
