-2.297382568940520287e-03
1.096203178167343140e-01
-8.358863997273147106e-04
-2.050787508487701416e-01
-2.789008617401123047e-01
1.796444654464721680e-01
1.636466979980468750e-01
2.585034072399139404e-01
-6.271942704916000366e-02
6.685964018106460571e-02
1.186461821198463440e-01
3.864206746220588684e-02
3.214475885033607483e-02
9.518953412771224976e-02
-7.285770028829574585e-02
-3.592770993709564209e-01
-9.749833494424819946e-02
-1.065042689442634583e-01
-2.704868316650390625e-01
-4.917086660861968994e-02
-3.724748641252517700e-02
4.355360940098762512e-02
5.263214558362960815e-02
-1.453730463981628418e-01
2.943971194326877594e-02
1.231769472360610962e-01
-4.703215137124061584e-02
-1.313877850770950317e-02
1.035804599523544312e-01
-1.216702088713645935e-01
-3.637467510998249054e-03
9.261351823806762695e-02
1.853738576173782349e-01
5.227264016866683960e-02
-4.428337514400482178e-02
6.557471305131912231e-02
9.275698661804199219e-02
