-1.448441505432128906e+01
-8.988379478454589844e+00
-1.597118616104125977e+00
-1.145155429840087891e+01
-6.530425071716308594e+00
-1.220821189880371094e+01
-3.107847571372985840e-01
-4.043003559112548828e+00
-1.554857635498046875e+01
2.268574535846710205e-01
4.503857493400573730e-01
-1.223994445800781250e+01
-7.174449920654296875e+00
-7.465879440307617188e+00
-1.205331897735595703e+01
-1.222328186035156250e+01
-1.978902244567871094e+01
6.293839931488037109e+00
-1.165659523010253906e+01
-1.206945800781250000e+01
-1.067955017089843750e+01
-1.247629070281982422e+01
-6.101304292678833008e-01
-1.107162857055664062e+01
-9.895893096923828125e+00
-8.199089050292968750e+00
7.330190181732177734e+00
-8.966634750366210938e+00
-1.374364185333251953e+01
-7.297307491302490234e+00
-3.706789016723632812e+00
-6.795982718467712402e-01
-1.744486808776855469e+01
-1.257757091522216797e+01
8.250300407409667969e+00
-9.320611953735351562e+00
5.195488452911376953e+00
-6.503138542175292969e+00
-1.665559887886047363e+00
-2.167603111267089844e+01
-3.515445232391357422e+00
-8.845477700233459473e-01
-1.415022850036621094e+01
1.056271553039550781e+01
-7.201494693756103516e+00
-1.345219421386718750e+01
-2.740295219421386719e+01
-5.448220252990722656e+00
-9.886866569519042969e+00
-7.093606472015380859e+00
