-8.302547931671142578e-01
-1.352703571319580078e+00
-1.677874088287353516e+00
-7.890328168869018555e-01
-4.057162404060363770e-01
-1.963365435600280762e+00
-1.155553698539733887e+00
-1.462364196777343750e+00
-6.361660361289978027e-01
-4.815724194049835205e-01
-1.228019237518310547e+00
-1.105549573898315430e+00
-5.767291188240051270e-01
-8.827998042106628418e-01
-1.351704120635986328e+00
-1.427675724029541016e+00
-7.773189544677734375e-01
-7.344262003898620605e-01
-1.702915787696838379e+00
-4.621870517730712891e-01
-1.467634558677673340e+00
-1.259178519248962402e+00
-5.549170970916748047e-01
-9.408965110778808594e-01
-8.207851648330688477e-01
-7.776507139205932617e-01
-1.233082771301269531e+00
-1.566986083984375000e+00
-1.213516235351562500e+00
-8.821997642517089844e-01
-9.375376105308532715e-01
-9.555594921112060547e-01
-9.534606933593750000e-01
-5.587794780731201172e-01
-1.007635831832885742e+00
-1.362502217292785645e+00
-1.313682675361633301e+00
-1.592438817024230957e+00
-6.883836984634399414e-01
-1.306695699691772461e+00
-1.024010419845581055e+00
-1.510389328002929688e+00
-1.275021195411682129e+00
-9.301797747611999512e-01
-8.005064129829406738e-01
-1.416442513465881348e+00
-1.389136433601379395e+00
-5.989814549684524536e-02
-6.544457674026489258e-01
-1.563706159591674805e+00
