-3.271919786930084229e-01
-5.489913225173950195e-01
-2.073750197887420654e-01
-3.259635269641876221e-01
-3.220241665840148926e-01
-6.931264996528625488e-01
-7.188708186149597168e-01
-3.532613813877105713e-02
-3.895984888076782227e-01
-8.228524327278137207e-01
-2.507550418376922607e-01
-6.865285634994506836e-01
-2.031007111072540283e-01
-4.037485718727111816e-01
-7.285457849502563477e-01
-8.078643083572387695e-01
-7.015778422355651855e-01
-7.809780836105346680e-01
-1.161665990948677063e-01
-8.524486422538757324e-01
-4.259360134601593018e-01
-3.688074052333831787e-01
-5.224205851554870605e-01
-1.954063177108764648e-01
-6.784155964851379395e-01
-1.111739650368690491e-01
-8.310479521751403809e-01
-2.846762239933013916e-01
-6.934206485748291016e-01
-4.755559861660003662e-01
-6.542781591415405273e-01
-4.100132286548614502e-01
-9.703133106231689453e-01
-4.970151484012603760e-01
-2.037450075149536133e-01
-6.895890831947326660e-01
-4.154059886932373047e-01
-5.862897634506225586e-01
-9.195364117622375488e-01
-8.165822029113769531e-01
-8.144841194152832031e-01
-9.006373882293701172e-01
-4.290429055690765381e-01
-3.308324217796325684e-01
-2.293867617845535278e-01
-2.363576740026473999e-01
-5.496757850050926208e-02
-2.726178467273712158e-01
-3.178850412368774414e-01
-1.022356033325195312e+00
