8.479140698909759521e-02
2.503746449947357178e-01
1.145168691873550415e-01
2.317762970924377441e-01
1.542113870382308960e-01
-2.129457294940948486e-01
1.610885262489318848e-01
1.564148217439651489e-01
-1.114042475819587708e-01
1.196892336010932922e-01
1.697664335370063782e-02
1.614999026060104370e-01
-5.179270356893539429e-02
1.572634428739547729e-01
-1.185629516839981079e-01
-7.164034992456436157e-02
-4.594397917389869690e-02
2.773410379886627197e-01
2.740189665928483009e-03
8.868288993835449219e-02
1.511284857988357544e-01
-1.233198959380388260e-02
7.363095879554748535e-02
1.842225044965744019e-01
-8.810150623321533203e-02
1.200124695897102356e-01
-2.516900300979614258e-01
-5.830049980431795120e-03
2.851248681545257568e-01
-1.332641988992691040e-01
1.160705238580703735e-01
1.526264399290084839e-01
-2.031707316637039185e-01
4.768468812108039856e-02
6.524824351072311401e-02
9.860535711050033569e-02
-4.390979930758476257e-02
-7.327984273433685303e-02
1.520411819219589233e-01
1.058590039610862732e-01
-1.047973260283470154e-01
1.074502095580101013e-01
2.114121317863464355e-01
-9.036790579557418823e-03
3.204152286052703857e-01
1.334520876407623291e-01
-1.606520265340805054e-01
9.794230014085769653e-02
8.384648710489273071e-02
-4.881910234689712524e-02
