2.789514064788818359e-01
1.747510433197021484e-01
-1.044515147805213928e-01
-2.028466314077377319e-01
1.557799130678176880e-01
-1.356431990861892700e-01
1.158386394381523132e-01
-3.096615336835384369e-02
-6.673833727836608887e-02
4.722594469785690308e-02
3.202967345714569092e-01
1.100259497761726379e-01
-3.131954073905944824e-01
-4.954087734222412109e-02
1.600449979305267334e-01
4.068644344806671143e-02
5.394304171204566956e-03
9.065597504377365112e-02
-2.375237941741943359e-01
2.090056892484426498e-03
-1.856747865676879883e-01
-1.047575026750564575e-01
7.080914080142974854e-02
1.465224176645278931e-01
-5.658322945237159729e-02
-1.664752811193466187e-01
6.216168403625488281e-02
-1.266042888164520264e-01
2.776010893285274506e-03
5.581329111009836197e-03
-1.858033388853073120e-01
-1.783958524465560913e-01
1.277422159910202026e-01
-1.443873941898345947e-01
-9.704837203025817871e-02
2.011343836784362793e-01
2.327740937471389771e-01
-1.522701233625411987e-01
2.716893516480922699e-02
2.786285988986492157e-02
-4.971136804670095444e-03
1.128962486982345581e-01
-3.711896762251853943e-02
-1.225490402430295944e-02
-9.510369598865509033e-02
-2.221203148365020752e-01
9.077846258878707886e-02
1.654739677906036377e-01
-1.458255350589752197e-01
2.272397279739379883e-02
