-7.099742412567138672e+00
-1.705396080017089844e+01
-3.555495977401733398e+00
-7.899487972259521484e+00
-4.498568534851074219e+00
-5.768631935119628906e+00
1.042393669486045837e-01
-1.527883338928222656e+01
-4.713706016540527344e+00
-7.867786407470703125e+00
-7.745903015136718750e+00
-1.114349555969238281e+01
-3.503830194473266602e+00
-4.801813602447509766e+00
-3.536291122436523438e+00
-4.857993125915527344e+00
-1.289432144165039062e+01
-3.939752817153930664e+00
-1.787301599979400635e-01
-5.650339603424072266e+00
-2.390485763549804688e+00
-4.288013935089111328e+00
-7.985903739929199219e+00
-1.173504924774169922e+01
-5.890302181243896484e+00
-1.355194282531738281e+01
3.481515884399414062e+00
-8.622671127319335938e+00
-1.551226228475570679e-01
9.938047409057617188e+00
2.295297145843505859e+00
-9.814432144165039062e+00
-2.232172393798828125e+01
-1.378037548065185547e+01
-7.475189685821533203e+00
-1.280506515502929688e+01
-4.528070449829101562e+00
9.666620254516601562e+00
-1.379783058166503906e+01
-1.993498229980468750e+01
-6.427426815032958984e+00
-1.226624488830566406e+01
-1.333229899406433105e+00
-1.907847023010253906e+01
-2.683062553405761719e+00
-4.486028194427490234e+00
-5.827742099761962891e+00
-1.215757656097412109e+01
5.553922176361083984e+00
-2.338220834732055664e+00
