-1.288824379444122314e-01
5.288385599851608276e-02
7.336224615573883057e-02
1.347266435623168945e-01
-1.092909500002861023e-01
9.687033295631408691e-02
2.307433634996414185e-01
-2.544351220130920410e-01
2.242106646299362183e-01
8.802302763797342777e-04
1.482602059841156006e-01
-5.330935865640640259e-02
3.862446546554565430e-01
-8.083616942167282104e-02
3.865342736244201660e-01
2.350881844758987427e-01
3.544040024280548096e-02
1.065188273787498474e-01
1.635280549526214600e-01
-2.911273017525672913e-02
3.953080177307128906e-01
-4.278075322508811951e-02
2.376484423875808716e-01
-2.523398101329803467e-01
-1.026428416371345520e-01
