-4.740555286407470703e+00
-1.609375953674316406e+01
-8.381630897521972656e+00
5.699338912963867188e+00
-1.060133647918701172e+01
-1.932563400268554688e+01
-1.929685354232788086e+00
-1.366442680358886719e+01
-1.941598892211914062e+01
1.509447479248046875e+01
4.099607169628143311e-01
-2.805301666259765625e+00
-1.938523411750793457e+00
-1.376104927062988281e+01
-3.055327224731445312e+01
-3.141025733947753906e+01
-1.326868152618408203e+01
-2.412071466445922852e+00
-1.222370529174804688e+01
-2.568188858032226562e+01
-1.077529716491699219e+01
7.299812793731689453e+00
1.018299961090087891e+01
6.687816143035888672e+00
-6.414319038391113281e+00
-1.604491806030273438e+01
-1.272827339172363281e+01
-2.388679313659667969e+01
-1.090964221954345703e+01
-2.804822540283203125e+01
-1.956881523132324219e+01
-2.872554016113281250e+01
-1.028577923774719238e+00
-2.562029266357421875e+01
-1.353358745574951172e+01
-2.327997398376464844e+01
-2.506000328063964844e+01
-4.598244667053222656e+00
5.035944938659667969e+00
-1.001236915588378906e+01
-2.464493370056152344e+01
-1.299365329742431641e+01
-2.435382843017578125e+01
-1.929915428161621094e+01
-2.013006401062011719e+01
-1.165208721160888672e+01
5.179334163665771484e+00
-2.709802436828613281e+01
-1.460206413269042969e+01
-1.080352020263671875e+01
