-1.567980861663818359e+01
-5.480422973632812500e+01
-3.048367261886596680e+00
-2.308330059051513672e+00
-5.896844100952148438e+01
6.846181392669677734e+00
4.975995540618896484e+00
-2.971332550048828125e+00
-3.385498809814453125e+01
-1.808469772338867188e+00
1.017597770690917969e+01
-2.438290834426879883e+00
-1.552069377899169922e+01
-2.895362615585327148e+00
-2.909413337707519531e+00
-3.687788391113281250e+01
-1.910170316696166992e+00
-2.634198188781738281e+00
-1.541602325439453125e+01
-3.892460346221923828e+00
-4.793779850006103516e+00
2.490133643150329590e-01
1.629140663146972656e+01
-2.703785896301269531e+00
-6.883249664306640625e+01
-3.436503171920776367e+00
-3.119117736816406250e+00
-6.967341613769531250e+01
-2.396492958068847656e+01
-2.316387653350830078e+00
-1.224629521369934082e+00
-2.818125009536743164e+00
-5.449263381958007812e+01
-3.180009603500366211e+00
1.908672451972961426e+00
5.809918642044067383e-01
-5.385364913940429688e+01
-1.698281097412109375e+01
-5.111152648925781250e+00
-1.343107414245605469e+01
2.703866064548492432e-01
-3.451394271850585938e+01
-2.786861610412597656e+01
5.252398967742919922e+00
2.144083976745605469e+01
-9.748650550842285156e+00
-1.532579183578491211e+00
-1.541024073958396912e-02
-2.606523036956787109e+00
-3.901690244674682617e+00
