8.021768927574157715e-02
7.015682011842727661e-02
-8.938871324062347412e-02
1.201519742608070374e-01
1.110250949859619141e-01
1.321459561586380005e-01
-1.108866333961486816e-01
1.864434331655502319e-01
-7.044768333435058594e-02
-7.411668449640274048e-02
-1.163796931505203247e-01
-2.564606629312038422e-02
-1.192142907530069351e-02
-3.644696995615959167e-02
-1.748436391353607178e-01
-8.113224059343338013e-02
1.037725433707237244e-01
8.887267112731933594e-02
-8.401903510093688965e-02
-2.393212914466857910e-01
-5.742816720157861710e-03
-1.194440666586160660e-02
1.497611701488494873e-01
1.288384050130844116e-01
-8.959848433732986450e-03
5.887280777096748352e-02
3.942483365535736084e-01
1.095995157957077026e-01
-1.326176524162292480e-01
9.137892723083496094e-02
3.982094116508960724e-03
-8.787964284420013428e-02
9.544909745454788208e-02
-3.126347959041595459e-01
6.932470947504043579e-02
-2.570535242557525635e-01
7.283619046211242676e-02
1.195200160145759583e-02
1.794901341199874878e-01
1.410108059644699097e-01
2.676840685307979584e-02
-5.837661027908325195e-02
6.675221771001815796e-02
-1.127963513135910034e-02
-6.685563176870346069e-02
-4.184293095022439957e-03
-1.150845289230346680e-01
1.098577976226806641e-01
3.620988130569458008e-02
7.229115813970565796e-02
