-1.655116528272628784e-01
4.380096122622489929e-02
3.173478543758392334e-01
-5.075632333755493164e-01
-4.370281696319580078e-01
-1.260097604244947433e-02
-1.599190533161163330e-01
-3.543904721736907959e-01
-6.939224600791931152e-01
-3.861684203147888184e-01
-2.365399897098541260e-01
-6.491349935531616211e-01
-7.453702688217163086e-01
-5.399734973907470703e-01
-8.382545113563537598e-01
-9.163278341293334961e-01
-3.598655462265014648e-01
-8.541877269744873047e-01
-5.435419082641601562e-01
-8.987647891044616699e-01
-5.718141794204711914e-01
-6.139457225799560547e-01
-5.036635398864746094e-01
-1.876825392246246338e-01
-4.503657817840576172e-01
-6.484596729278564453e-01
-6.371713280677795410e-01
-3.408157527446746826e-01
-5.728383064270019531e-01
-2.683530747890472412e-01
-5.191911458969116211e-01
-5.940809845924377441e-01
-5.599466562271118164e-01
-1.006275892257690430e+00
-6.772429347038269043e-01
-5.344338417053222656e-01
-8.315316438674926758e-01
-3.697492182254791260e-01
-6.138859391212463379e-01
-5.677967071533203125e-01
-6.893752217292785645e-01
-3.289667069911956787e-01
-1.445025354623794556e-01
-6.166381835937500000e-01
-7.208995819091796875e-01
-9.366458654403686523e-01
-5.841922760009765625e-01
-4.959209561347961426e-01
-2.942994832992553711e-01
-2.786349952220916748e-01
