-1.283935189247131348e+00
-1.329617619514465332e+00
-1.590348124504089355e+00
-8.091952204704284668e-01
-1.166630387306213379e+00
-1.075589776039123535e+00
-1.349688410758972168e+00
-9.692986011505126953e-01
-7.943469882011413574e-01
-1.205275654792785645e+00
-7.271105051040649414e-01
-1.112057447433471680e+00
-1.143783569335937500e+00
-4.568919837474822998e-01
-7.260612845420837402e-01
-1.411905884742736816e+00
-1.237491488456726074e+00
-8.702641725540161133e-01
-9.361818432807922363e-01
-8.758490681648254395e-01
-9.662775397300720215e-01
-1.097037196159362793e+00
-1.131964802742004395e+00
-1.132203459739685059e+00
-1.220419168472290039e+00
-6.304382085800170898e-01
-9.556350708007812500e-01
-1.414171457290649414e+00
-1.033879518508911133e+00
-5.466126799583435059e-01
-1.686297178268432617e+00
-8.581939935684204102e-01
-1.360930323600769043e+00
-7.236418128013610840e-01
-9.778483510017395020e-01
-5.048832297325134277e-01
-9.794185161590576172e-01
-9.247100353240966797e-01
-9.724274277687072754e-01
-5.749090909957885742e-01
-2.832892239093780518e-01
-1.412539958953857422e+00
-7.808182835578918457e-01
-9.002483487129211426e-01
-1.235182166099548340e+00
-3.910602033138275146e-01
-7.074648737907409668e-01
-1.176403164863586426e+00
-8.570252656936645508e-01
-8.934763669967651367e-01
