-1.067208051681518555e+00
-1.367926359176635742e+00
-1.477473616600036621e+00
-1.008223533630371094e+00
-9.529539346694946289e-01
-5.816534757614135742e-01
-1.056137442588806152e+00
-9.447526335716247559e-01
-1.490834116935729980e+00
-8.503278493881225586e-01
-1.111123919486999512e+00
-9.909598231315612793e-01
-1.186023116111755371e+00
-7.951205372810363770e-01
-9.325587749481201172e-01
-1.339752316474914551e+00
-1.263998389244079590e+00
-3.965044021606445312e-01
-8.940492272377014160e-01
-8.496626019477844238e-01
-7.760022878646850586e-01
-1.054271817207336426e+00
-6.014752388000488281e-01
-1.079004287719726562e+00
-1.549124598503112793e+00
-1.059457898139953613e+00
-7.139933705329895020e-01
-1.538636445999145508e+00
-8.208203911781311035e-01
-1.352643132209777832e+00
-7.840686440467834473e-01
-8.974226713180541992e-01
-9.096807241439819336e-01
-1.119339346885681152e+00
-1.050784349441528320e+00
-1.130548357963562012e+00
-8.641616106033325195e-01
-7.980463504791259766e-01
-1.502282857894897461e+00
-1.150762081146240234e+00
-1.591650009155273438e+00
-4.879021048545837402e-01
-7.622958421707153320e-01
-8.810915946960449219e-01
-1.305401802062988281e+00
-5.782792568206787109e-01
-1.021817684173583984e+00
-9.642136096954345703e-01
-1.123522043228149414e+00
-8.581311106681823730e-01
