-3.259698152542114258e-01
-9.636134505271911621e-01
-7.382197380065917969e-01
-4.950926601886749268e-01
-4.914222717285156250e+01
-4.948022842407226562e+01
-2.792289972305297852e+00
-8.843789100646972656e+00
-3.325092077255249023e+00
-1.235539436340332031e+00
-6.280631256103515625e+01
6.170258045196533203e+00
1.815203094482421875e+01
-5.418294295668601990e-02
-5.465562820434570312e+01
-3.920784711837768555e+00
-1.840110969543457031e+01
-5.417302131652832031e+00
-5.110179185867309570e-01
-2.584274101257324219e+01
-5.994784545898437500e+01
-1.821004748344421387e+00
1.984156990051269531e+01
-6.005069255828857422e+00
-1.383264923095703125e+01
-3.188200569152832031e+01
-6.865270233154296875e+01
-5.909385681152343750e-01
-8.950456380844116211e-01
-1.972998857498168945e+00
-1.698645472526550293e+00
-2.588512182235717773e+00
-5.873589324951171875e+01
-3.996441268920898438e+01
-1.284154891967773438e+00
-3.080285263061523438e+01
1.197311592102050781e+01
2.314976119995117188e+01
-2.531312465667724609e+00
1.054195642471313477e+00
-4.204390716552734375e+01
-2.227842092514038086e+00
-2.497424125671386719e+00
-1.830292224884033203e+00
-3.303054809570312500e+01
-2.103797674179077148e+00
-1.265909194946289062e+00
-3.979370832443237305e+00
-4.225449085235595703e+00
-1.041768908500671387e+00
