6.858252454549074173e-03
-7.596201449632644653e-02
1.221351921558380127e-01
6.126931682229042053e-02
-9.324950724840164185e-02
1.185294985771179199e-01
-1.091226562857627869e-01
-1.538275480270385742e-01
9.990096092224121094e-02
2.004708796739578247e-01
-1.717207924230024219e-04
-1.448931843042373657e-01
1.265517920255661011e-01
-2.573361396789550781e-01
-1.724386066198348999e-01
-6.670414656400680542e-02
-1.779666990041732788e-01
3.300390765070915222e-02
1.591829210519790649e-01
6.135824322700500488e-02
2.583318352699279785e-01
4.831870552152395248e-03
1.419589072465896606e-01
2.123647928237915039e-01
4.007198661565780640e-02
2.096377015113830566e-01
-1.965240389108657837e-01
1.011839359998703003e-01
-2.847755514085292816e-02
6.042772904038429260e-02
-1.053071767091751099e-01
1.209089234471321106e-01
2.270681597292423248e-02
8.276593871414661407e-03
8.459080755710601807e-02
3.604936972260475159e-02
-1.197202801704406738e-01
-1.608333736658096313e-01
2.317079603672027588e-01
4.590355232357978821e-02
-4.133074581623077393e-01
-6.878892332315444946e-02
7.887808978557586670e-02
-2.647128999233245850e-01
1.719780117273330688e-01
-1.317404508590698242e-01
-2.283236831426620483e-01
7.507362216711044312e-02
3.176891803741455078e-02
3.884513080120086670e-01
