-1.827926337718963623e-01
-1.219693869352340698e-01
1.288182884454727173e-01
1.043138206005096436e-01
4.731734748929738998e-03
1.051405593752861023e-01
-2.673918902873992920e-01
1.896999031305313110e-01
3.794833123683929443e-01
5.130838975310325623e-02
8.435894548892974854e-02
-9.694693982601165771e-02
2.036928832530975342e-01
9.982095099985599518e-03
1.926836967468261719e-01
9.537608362734317780e-03
-1.324836611747741699e-01
2.097312659025192261e-01
-9.233578294515609741e-02
5.876170396804809570e-01
3.944018781185150146e-01
-3.141540884971618652e-01
2.832376062870025635e-01
-3.859435915946960449e-01
-9.571941196918487549e-02
