-2.923026382923126221e-01
-3.373517990112304688e-01
-3.495070934295654297e-01
-2.779831290245056152e-01
-4.831139743328094482e-01
-6.477727890014648438e-01
-3.746848404407501221e-01
-6.287887096405029297e-01
-2.988127768039703369e-01
-4.702834486961364746e-01
-8.359332680702209473e-01
-7.852988839149475098e-01
-7.017480134963989258e-01
-6.181604266166687012e-01
-6.297043561935424805e-01
-1.892211437225341797e-01
-1.916566342115402222e-01
-8.339465260505676270e-01
-6.988645195960998535e-01
-7.195572853088378906e-01
-7.330036759376525879e-01
-7.492592334747314453e-01
-4.807479977607727051e-01
-4.810443520545959473e-01
-7.765700221061706543e-01
-1.096757203340530396e-01
-5.367789864540100098e-01
-5.636917948722839355e-01
-3.738786876201629639e-01
-2.408521771430969238e-01
-4.394289851188659668e-01
-2.889019846916198730e-01
-6.371093988418579102e-01
-4.105224609375000000e-01
-6.135342717170715332e-01
-5.930544137954711914e-01
-2.777490019798278809e-01
-2.388257682323455811e-01
-3.129839599132537842e-01
-9.633643031120300293e-01
-6.196528673171997070e-01
-7.031059265136718750e-01
1.893777102231979370e-01
-3.746071755886077881e-01
-6.866787075996398926e-01
-3.048656582832336426e-01
-4.612941741943359375e-01
-6.097452044486999512e-01
-6.096867322921752930e-01
-7.499897480010986328e-01
