2.772117555141448975e-01
1.393945217132568359e-01
2.464892566204071045e-01
1.049201115965843201e-01
-1.117274165153503418e-01
-1.822203695774078369e-01
-1.474547535181045532e-01
7.981806993484497070e-02
-1.215471606701612473e-02
-2.751721441745758057e-02
9.515850245952606201e-02
5.341812595725059509e-02
-1.882245391607284546e-01
-1.709875613451004028e-01
4.738060757517814636e-02
1.650872640311717987e-03
-1.956346482038497925e-01
-2.729751765727996826e-01
-3.659132495522499084e-02
1.819697469472885132e-01
-1.685307323932647705e-01
-2.589847743511199951e-01
1.064587160944938660e-01
-2.605536952614784241e-02
1.307984739542007446e-01
6.105048581957817078e-02
2.982323765754699707e-01
1.644972860813140869e-01
-1.449963450431823730e-01
1.887571513652801514e-01
-1.963963955640792847e-01
-1.096668019890785217e-01
-1.676730625331401825e-02
-2.299008890986442566e-02
2.260723859071731567e-01
3.147043287754058838e-02
1.347774565219879150e-01
