1.326359212398529053e-01
1.448719650506973267e-01
7.000396959483623505e-03
1.760501712560653687e-01
-2.312242984771728516e-01
-2.235249876976013184e-01
-2.502548694610595703e-02
2.466764003038406372e-01
9.487456083297729492e-02
-2.438896894454956055e-01
1.377592533826828003e-01
-3.392391605302691460e-03
1.878443658351898193e-01
1.406555324792861938e-01
-2.079949527978897095e-01
-1.420516073703765869e-01
-2.293217033147811890e-01
6.460740417242050171e-02
2.615141570568084717e-01
-3.469450771808624268e-01
1.531271338462829590e-01
3.134656548500061035e-01
-1.233941987156867981e-01
-3.416984677314758301e-01
-1.250139325857162476e-01
