-1.601340293884277344e+01
7.861064434051513672e+00
-1.374722099304199219e+01
-5.725701808929443359e+00
3.909579038619995117e+00
-6.289005279541015625e+00
2.062783479690551758e+00
-1.032376575469970703e+01
-1.068330955505371094e+01
-1.236482429504394531e+01
-1.040196514129638672e+01
-1.029145908355712891e+01
-1.447987556457519531e+01
-8.111889839172363281e+00
-3.322038173675537109e+00
-5.827167987823486328e+00
-5.050736427307128906e+00
-1.537381744384765625e+01
-2.630031967163085938e+01
-2.400158166885375977e+00
-8.691635131835937500e+00
1.180709743499755859e+01
9.304724693298339844e+00
-1.956233596801757812e+01
-1.306021595001220703e+01
-6.893105506896972656e+00
-1.623275947570800781e+01
-7.684516906738281250e+00
-6.821760177612304688e+00
-1.058026313781738281e+01
-5.151331424713134766e+00
-7.651661038398742676e-01
-1.214785003662109375e+01
-8.465691566467285156e+00
-1.380406570434570312e+01
8.326926231384277344e+00
-2.497540283203125000e+01
-1.096873760223388672e+01
-5.301277637481689453e+00
-8.967150688171386719e+00
-1.153000736236572266e+01
-1.398751926422119141e+01
-7.779331207275390625e+00
-1.063759684562683105e+00
-5.596552848815917969e+00
-6.487344741821289062e+00
-8.079764366149902344e+00
-1.702920913696289062e+01
-4.303896129131317139e-01
-9.612944602966308594e+00
