2.079593539237976074e-01
4.416252374649047852e-01
-1.216970309615135193e-01
-7.074534147977828979e-02
9.630646556615829468e-02
1.208585314452648163e-02
-2.597123980522155762e-01
2.619571089744567871e-01
2.327625453472137451e-01
-4.710206761956214905e-02
-1.173344179987907410e-01
-2.012439072132110596e-01
-6.074602156877517700e-02
1.734859645366668701e-01
1.357155442237854004e-01
-2.239057719707489014e-01
2.049620002508163452e-01
-1.631751284003257751e-02
1.402652561664581299e-01
-4.902075603604316711e-02
1.029674522578716278e-02
2.312408201396465302e-02
-4.196736216545104980e-01
-6.603424996137619019e-02
-1.028930321335792542e-01
