-4.724752426147460938e+01
-4.972824096679687500e+01
-5.470692062377929688e+01
-1.663230514526367188e+01
-2.404006958007812500e+01
-9.156572341918945312e+00
-1.638919830322265625e+01
-3.069447898864746094e+01
-6.740155792236328125e+01
-6.908851623535156250e+00
-8.680936813354492188e+00
-7.112528991699218750e+01
-7.988928985595703125e+01
-5.183333969116210938e+01
-1.814137649536132812e+01
-6.113560104370117188e+01
-3.867097854614257812e+01
-8.704933166503906250e+00
-7.186331939697265625e+01
-5.599132156372070312e+01
1.020149898529052734e+01
1.162045478820800781e+01
1.970001411437988281e+01
1.360411286354064941e+00
5.215669155120849609e+00
4.670748233795166016e+00
-1.327044725418090820e+00
7.315806865692138672e+00
1.980096626281738281e+01
1.833360791206359863e-01
-3.248710632324218750e+01
-6.135720062255859375e+01
-7.064813613891601562e+00
-4.974779605865478516e+00
-2.128121566772460938e+01
-3.645959854125976562e+01
-1.757737159729003906e+01
-2.546046829223632812e+01
-9.430245399475097656e+00
-2.156026649475097656e+01
2.544111907482147217e-01
3.327837228775024414e+00
-4.674475193023681641e+00
9.936743736267089844e+00
-9.933379173278808594e+00
-1.790588760375976562e+01
1.481543731689453125e+01
2.767271995544433594e-01
2.300957441329956055e+00
1.483971977233886719e+01
