8.323756217956542969e+00 6.393144130706787109e+00 -5.913646221160888672e+00 7.523056983947753906e+00 5.822121620178222656e+00 -8.607477545738220215e-01 -1.421850681304931641e+01
-5.806899547576904297e+00 2.627312183380126953e+00 1.197743415832519531e+01 -7.514393329620361328e+00 -5.255923271179199219e+00 2.237597465515136719e+01 -1.608433151245117188e+01
-6.131641864776611328e+00 8.204653739929199219e+00 -1.998740196228027344e+01 1.768000793457031250e+01 7.348731517791748047e+00 -1.371418190002441406e+01 -1.017484092712402344e+01
-2.295182037353515625e+01 1.421673107147216797e+01 4.513548910617828369e-01 -2.720835924148559570e+00 -1.507844543457031250e+01 1.590344524383544922e+01 -1.592010021209716797e+00
-1.547082901000976562e+01 2.112580108642578125e+01 -1.405586719512939453e+01 -1.619032287597656250e+01 -6.429381847381591797e+00 -9.153745651245117188e+00 8.596806526184082031e+00
5.734032154083251953e+00 -1.444468688964843750e+01 -1.181302928924560547e+01 -7.309951305389404297e+00 -1.139911651611328125e+01 -4.568350315093994141e+00 1.495571136474609375e+01
2.003200721740722656e+01 -1.667889207601547241e-01 4.878347396850585938e+00 -6.384728908538818359e+00 -2.478993988037109375e+01 -7.197470664978027344e+00 -3.723240137100219727e+00
-1.262907886505126953e+01 -1.298122692108154297e+01 5.077780723571777344e+00 1.480538177490234375e+01 -9.142969131469726562e+00 -2.334152221679687500e+01 2.381909608840942383e+00
8.408782005310058594e+00 -4.574882984161376953e+00 6.591941356658935547e+00 -4.594109535217285156e+00 6.704027175903320312e+00 -1.426540088653564453e+01 -4.062219142913818359e+00
2.013658142089843750e+01 -1.821235275268554688e+01 -1.024243354797363281e+00 -1.431714415550231934e+00 -9.633485078811645508e-01 4.835744857788085938e+00 1.176995873451232910e+00
5.639567852020263672e+00 -1.094361019134521484e+01 -1.731413459777832031e+01 -3.330648183822631836e+00 1.029487419128417969e+01 4.425981998443603516e+00 -1.192965126037597656e+01
-2.536657571792602539e+00 3.977881669998168945e+00 5.484951972961425781e+00 -1.873454284667968750e+01 3.025499105453491211e+00 9.391726493835449219e+00 8.712023735046386719e+00
-1.429316520690917969e+01 -1.679773688316345215e+00 1.916410446166992188e+01 -9.360183715820312500e+00 3.984216213226318359e+00 3.448417663574218750e+00 -2.233986473083496094e+01
-2.571010398864746094e+01 -9.629674553871154785e-01 -1.607727050781250000e+01 -6.028437614440917969e+00 -5.306977272033691406e+00 1.841208457946777344e+01 1.188624382019042969e+01
5.265337467193603516e+00 4.378119945526123047e+00 -3.592551231384277344e+00 6.673139095306396484e+00 -1.953361892700195312e+01 -7.366551876068115234e+00 1.740223503112792969e+01
-8.915082931518554688e+00 -1.734844017028808594e+01 4.003874778747558594e+00 -1.929787254333496094e+01 1.948962211608886719e+01 2.437191486358642578e+00 -7.504011154174804688e+00
1.258364391326904297e+01 -1.362066745758056641e+01 6.418690681457519531e+00 8.476982116699218750e-01 -1.389140796661376953e+01 -5.032155990600585938e+00 1.845039367675781250e+01
-7.104756832122802734e+00 7.712132453918457031e+00 -4.152067184448242188e+00 1.203857612609863281e+01 -4.001302719116210938e+00 6.261310100555419922e+00 -2.928289222717285156e+01
-7.781175136566162109e+00 -8.459982872009277344e+00 1.461321544647216797e+01 9.471017837524414062e+00 4.288826465606689453e+00 -1.436654090881347656e+01 3.727982521057128906e+00
-5.313516616821289062e+00 3.426519393920898438e+00 -8.843084335327148438e+00 2.161134719848632812e+00 1.049354362487792969e+01 1.490506935119628906e+01 -4.571642398834228516e+00
3.755831480026245117e+00 1.053901958465576172e+01 -1.183198165893554688e+01 -2.624766826629638672e-01 -1.359832668304443359e+01 7.130511283874511719e+00 -1.825731658935546875e+01
-7.796255111694335938e+00 -9.136027336120605469e+00 -1.776493787765502930e+00 -2.024312591552734375e+01 1.450150609016418457e+00 1.636260032653808594e+01 -1.877146720886230469e+00
-1.164076924324035645e+00 -9.237058639526367188e+00 -1.382698631286621094e+01 8.736134529113769531e+00 -4.578971385955810547e+00 1.600041580200195312e+01 -1.079972028732299805e+00
1.655413055419921875e+01 -2.148369073867797852e+00 -2.224735832214355469e+01 -4.874857425689697266e+00 3.241228342056274414e+00 -5.073626518249511719e+00 1.304698348045349121e+00
8.709060668945312500e+00 -1.168008518218994141e+01 -4.336301326751708984e+00 1.240298557281494141e+01 -2.226612091064453125e+01 8.166152000427246094e+00 -5.534700870513916016e+00
6.323758125305175781e+00 2.170882606506347656e+01 -9.917658805847167969e+00 -1.117042255401611328e+01 2.490661621093750000e+00 -1.464171314239501953e+01 -7.682828903198242188e+00
-4.915390968322753906e+00 -1.425069046020507812e+01 -5.800557136535644531e+00 1.416665911674499512e+00 1.199976634979248047e+01 -1.077720165252685547e+01 7.593463659286499023e-01
-9.077143669128417969e+00 2.622612953186035156e+01 7.160906195640563965e-01 -2.366596937179565430e+00 5.565462112426757812e+00 -1.425009155273437500e+01 -2.511446189880371094e+01
-1.240060806274414062e+01 -2.691124725341796875e+01 9.019477844238281250e+00 9.856901168823242188e+00 -2.703857660293579102e+00 4.250837326049804688e+00 -1.074033451080322266e+01
5.740209102630615234e+00 -9.096668243408203125e+00 -8.263769149780273438e+00 5.319922924041748047e+00 -1.341317653656005859e+01 -9.868197441101074219e+00 -5.731991291046142578e+00
-1.688254547119140625e+01 -6.832767009735107422e+00 -8.486679077148437500e+00 1.670592117309570312e+01 1.903843402862548828e+00 2.334405630826950073e-01 -1.794315910339355469e+01
-3.611515045166015625e+00 7.944160938262939453e+00 -9.620364189147949219e+00 -6.648194313049316406e+00 7.738412380218505859e+00 -1.213452434539794922e+01 1.827056884765625000e+01
-8.622875213623046875e+00 2.337546825408935547e+00 1.482423114776611328e+01 -1.669848251342773438e+01 -1.423306655883789062e+01 -7.833013534545898438e+00 6.304322719573974609e+00
8.299048423767089844e+00 4.062263011932373047e+00 -6.556395053863525391e+00 -7.486594676971435547e+00 8.138409614562988281e+00 1.498212146759033203e+01 1.235126852989196777e+00
1.231387424468994141e+01 8.174227714538574219e+00 -2.369037246704101562e+01 -1.447426223754882812e+01 -2.011751413345336914e+00 -1.116961359977722168e+00 5.539762020111083984e+00
2.488717317581176758e+00 -1.027435874938964844e+01 -8.952595710754394531e+00 -1.697600746154785156e+01 2.015200614929199219e+01 -1.349025058746337891e+01 -2.366767406463623047e+00
-8.146644592285156250e+00 9.704959392547607422e-01 1.378376007080078125e+00 1.266606903076171875e+01 1.998718833923339844e+01 -3.431489706039428711e+00 -1.427378749847412109e+01
-9.039507865905761719e+00 -1.820314788818359375e+01 -6.525664806365966797e+00 -1.330028629302978516e+01 6.104092299938201904e-02 9.490060806274414062e+00 1.657143211364746094e+01
5.328866958618164062e+00 7.785051345825195312e+00 4.288316249847412109e+00 -1.129190176725387573e-01 -7.966461181640625000e+00 -1.074591922760009766e+01 1.805821180343627930e+00
1.878665924072265625e+01 -2.824372291564941406e+00 2.255705356597900391e+00 -2.054849147796630859e+00 -2.929889917373657227e+00 8.284090995788574219e+00 -1.650703430175781250e+01
-1.220487308502197266e+01 -9.480901718139648438e+00 -3.399298191070556641e+00 7.109122276306152344e+00 -2.523931694030761719e+01 -9.302721023559570312e+00 -1.285614132881164551e+00
5.977150440216064453e+00 7.366866588592529297e+00 3.096325695514678955e-01 -1.615185165405273438e+01 1.155438780784606934e+00 -1.615785408020019531e+01 1.075260639190673828e+00
2.437645912170410156e+00 -2.190225601196289062e+01 1.668191552162170410e+00 -1.739699745178222656e+01 -2.580739259719848633e+00 1.100861072540283203e+01 -3.083458185195922852e+00
-2.944819927215576172e-01 6.670176506042480469e+00 2.204805755615234375e+01 -5.928424358367919922e+00 -1.281735706329345703e+01 -1.377183914184570312e+01 -6.086661815643310547e+00
-1.305202865600585938e+01 -2.362974643707275391e+00 1.046883583068847656e+01 -4.660833358764648438e+00 4.052598476409912109e+00 -1.344578838348388672e+01 3.812609910964965820e+00
3.111424446105957031e+00 -3.575680971145629883e+00 1.194054222106933594e+01 1.288851737976074219e+00 -1.077793979644775391e+01 -1.400971317291259766e+01 -2.580540466308593750e+01
-9.870325088500976562e+00 -8.389275550842285156e+00 -1.103845596313476562e+01 1.050901412963867188e+01 8.362744331359863281e+00 -3.247129440307617188e+00 1.623807907104492188e+01
1.032754135131835938e+01 -1.680150222778320312e+01 -4.073636054992675781e+00 3.411997079849243164e+00 7.688661575317382812e+00 -8.636368751525878906e+00 -1.794412422180175781e+01
-7.468686580657958984e+00 -8.514104843139648438e+00 -1.426231861114501953e+01 -5.082839488983154297e+00 3.293062925338745117e+00 -2.015817070007324219e+01 1.068651008605957031e+01
-1.266279029846191406e+01 1.293323326110839844e+01 -4.935552597045898438e+00 9.437193870544433594e+00 1.368295907974243164e+00 -5.059452056884765625e+00 3.440465688705444336e+00
