-7.370118498802185059e-01 9.046167373657226562e+00 -7.478257656097412109e+00 -2.850463151931762695e+00 -1.862420678138732910e+00 -7.065096855163574219e+00 4.728949546813964844e+00 -4.784541606903076172e+00 5.639232635498046875e+00 -6.806004524230957031e+00 3.886964082717895508e+00 -9.365534782409667969e+00
4.556947708129882812e+00 2.677349567413330078e+00 -1.094772624969482422e+01 7.482950687408447266e-01 6.558802127838134766e-01 2.153003692626953125e+00 -6.860233306884765625e+00 -4.171009540557861328e+00 -1.057895660400390625e+01 -2.405846118927001953e+00 9.275655746459960938e+00 4.362509399652481079e-02
-1.076818752288818359e+01 -5.088466167449951172e+00 -4.396612048149108887e-01 -7.824625015258789062e+00 -4.219328880310058594e+00 8.367125511169433594e+00 7.581558227539062500e+00 -1.372321009635925293e+00 -4.301445484161376953e+00 2.752467632293701172e+00 1.505823731422424316e+00 -1.537172913551330566e+00
3.829275846481323242e+00 -1.762985706329345703e+00 7.492692470550537109e-01 -4.391739368438720703e+00 -2.870992183685302734e+00 -8.647413253784179688e+00 -2.832879066467285156e+00 1.039517688751220703e+01 3.288185596466064453e+00 7.038198947906494141e+00 -1.622847366333007812e+01 -1.399138092994689941e+00
3.949684619903564453e+00 8.110379219055175781e+00 -6.475400924682617188e+00 -1.070634746551513672e+01 4.207199573516845703e+00 3.257751464843750000e+00 1.856092929840087891e+00 -2.102737188339233398e+00 -8.016092300415039062e+00 -2.167940378189086914e+00 -3.048819303512573242e+00 -5.901593208312988281e+00
-1.450019359588623047e+00 -8.301895141601562500e+00 -1.260600090026855469e+00 5.320012092590332031e+00 -8.380984306335449219e+00 8.084770202636718750e+00 -2.234226226806640625e+00 1.382156848907470703e+00 -7.085849285125732422e+00 -3.061805725097656250e+00 4.480352878570556641e+00 1.672867774963378906e+00
-1.810568213462829590e+00 4.908192634582519531e+00 -1.385921835899353027e+00 5.822633266448974609e+00 -2.244687318801879883e+00 -1.635844421386718750e+01 1.160785555839538574e+00 7.731556415557861328e+00 2.115450382232666016e+00 -6.289349555969238281e+00 -9.125571250915527344e+00 7.625708580017089844e+00
-1.718645453453063965e+00 -2.126577138900756836e+00 5.320024013519287109e+00 -9.254621505737304688e+00 -3.173926830291748047e+00 8.298919677734375000e+00 4.034483134746551514e-01 -4.959847927093505859e+00 6.896904945373535156e+00 -2.091318607330322266e+00 -7.520991325378417969e+00 -4.954038143157958984e+00
-8.849422454833984375e+00 -2.394603013992309570e+00 -5.975811481475830078e+00 -5.076323032379150391e+00 -6.245876312255859375e+00 -2.059899806976318359e+00 7.279696941375732422e+00 2.600903034210205078e+00 -6.285305023193359375e-01 1.394202113151550293e+00 -3.192213773727416992e+00 5.845705986022949219e+00
-5.758712768554687500e+00 1.372870802879333496e+00 -4.210664704442024231e-02 4.090459346771240234e+00 9.049341201782226562e+00 -6.935026168823242188e+00 -5.960561275482177734e+00 3.621909856796264648e+00 -9.808503985404968262e-01 8.842730522155761719e-01 5.098493024706840515e-02 -1.114642715454101562e+01
-3.159004211425781250e+00 9.688968658447265625e+00 -8.539640426635742188e+00 -7.278874397277832031e+00 1.045300722122192383e+00 -6.593912601470947266e+00 -6.297433376312255859e+00 3.243580102920532227e+00 2.463084220886230469e+00 -6.757422447204589844e+00 -4.177408218383789062e-01 6.044694423675537109e+00
-3.955878257751464844e+00 -2.065928459167480469e+00 -6.672016143798828125e+00 -1.042156219482421875e+00 1.281858682632446289e+00 1.106579542160034180e+00 -6.601943016052246094e+00 7.335259914398193359e+00 8.409982323646545410e-01 4.000524044036865234e+00 -6.145333647727966309e-01 -8.125179290771484375e+00
-3.119808197021484375e+00 4.750057697296142578e+00 7.976679205894470215e-01 -2.577634334564208984e+00 5.786261081695556641e+00 -7.791783809661865234e+00 -3.034892320632934570e+00 7.252215147018432617e-01 -1.570665454864501953e+01 1.559263110160827637e+00 -3.566490888595581055e+00 9.406652450561523438e+00
-5.545783042907714844e+00 -1.029751896858215332e+00 5.629799842834472656e+00 -8.309433937072753906e+00 4.386062145233154297e+00 6.408513188362121582e-01 2.361898660659790039e+00 3.807280540466308594e+00 5.920871257781982422e+00 -1.341092300415039062e+01 1.248014450073242188e+00 -8.270007133483886719e+00
-3.291078090667724609e+00 -4.693923950195312500e+00 7.149622440338134766e+00 4.543032169342041016e+00 -8.262182235717773438e+00 6.871981024742126465e-01 -1.127363920211791992e+00 -5.481708526611328125e+00 -9.149760246276855469e+00 6.247700691223144531e+00 -3.281433105468750000e+00 5.410616397857666016e-01
-6.239606380462646484e+00 1.136954689025878906e+01 2.254076957702636719e+00 3.864343404769897461e+00 -4.509296894073486328e+00 -1.194768047332763672e+01 1.493944168090820312e+00 -1.425685286521911621e+00 -6.174551963806152344e+00 -1.829984188079833984e+00 4.833357334136962891e+00 3.277195990085601807e-02
-4.008566856384277344e+00 7.132156491279602051e-01 -6.544530868530273438e+00 -4.811498522758483887e-01 -7.908414363861083984e+00 -1.730782866477966309e+00 7.006710052490234375e+00 -9.818488359451293945e-01 4.295507431030273438e+00 -8.207413673400878906e+00 -8.965496420860290527e-01 8.350402712821960449e-01
-3.810072422027587891e+00 -1.142580795288085938e+01 6.798502445220947266e+00 1.463284373283386230e+00 -5.189907073974609375e+00 -3.558907508850097656e+00 -3.887248516082763672e+00 -1.022275161743164062e+01 2.998078107833862305e+00 3.437522172927856445e+00 -5.638427257537841797e+00 4.694750308990478516e+00
-6.239176273345947266e+00 -1.160359096527099609e+01 2.394913911819458008e+00 2.236223697662353516e+00 2.807576179504394531e+00 -7.425183773040771484e+00 1.513734459877014160e+00 -1.850874781608581543e+00 -1.378580570220947266e+00 -7.906713008880615234e+00 3.931491851806640625e+00 8.621106147766113281e+00
-2.927708387374877930e+00 -9.757440567016601562e+00 -3.687568604946136475e-01 -7.095600605010986328e+00 1.049473476409912109e+01 -3.030213713645935059e-01 5.721768379211425781e+00 3.401978015899658203e+00 -2.161465883255004883e+00 2.678113579750061035e-01 7.280387282371520996e-01 -8.519227027893066406e+00
6.213755130767822266e+00 1.475224494934082031e+00 8.997414112091064453e-01 -3.195631504058837891e-01 -7.962910652160644531e+00 5.881719589233398438e-01 -5.755536556243896484e+00 7.571094512939453125e+00 -9.120784759521484375e+00 4.543862819671630859e+00 -3.631243705749511719e+00 -9.592427253723144531e+00
-3.214775800704956055e+00 -3.417073011398315430e+00 -6.743451595306396484e+00 -6.701847076416015625e+00 1.322168827056884766e+00 6.968889236450195312e-01 -4.221518337726593018e-02 -7.793518543243408203e+00 -1.442682862281799316e+00 4.559665203094482422e+00 -4.515532970428466797e+00 6.789063453674316406e+00
4.260210514068603516e+00 -4.276728630065917969e-01 7.591756343841552734e+00 -6.575147151947021484e+00 -1.606429696083068848e+00 -4.043624401092529297e+00 7.068925380706787109e+00 -7.249584197998046875e+00 -4.580304145812988281e+00 -7.530232429504394531e+00 -1.834787964820861816e+00 6.123237133026123047e+00
-1.327300190925598145e+00 5.161719322204589844e-01 3.902073621749877930e+00 1.209892749786376953e+00 6.375801563262939453e+00 4.609456539154052734e+00 -8.550326347351074219e+00 -1.390971755981445312e+01 -2.122323036193847656e+00 -9.133746147155761719e+00 5.093947410583496094e+00 -2.685938835144042969e+00
-8.572451591491699219e+00 -2.130074262619018555e+00 1.418674945831298828e+00 -1.453640842437744141e+01 -3.574970960617065430e-01 1.415447831153869629e+00 -8.698515892028808594e+00 -5.245691299438476562e+00 1.614514350891113281e+00 1.890607237815856934e+00 9.521056175231933594e+00 5.566113471984863281e+00
2.372246026992797852e+00 -1.249591445922851562e+01 1.027952551841735840e+00 -2.361192703247070312e+00 9.571730613708496094e+00 5.787243247032165527e-01 -7.218770027160644531e+00 -3.346648693084716797e+00 4.034150600433349609e+00 -2.541977167129516602e+00 -6.334291934967041016e+00 3.452166318893432617e-01
6.315324783325195312e+00 1.431978493928909302e-01 -9.138578176498413086e-01 7.437404632568359375e+00 -7.760787963867187500e+00 2.611902952194213867e+00 -4.498307228088378906e+00 -1.529697299003601074e+00 -1.120427799224853516e+01 -2.074030876159667969e+00 3.554023504257202148e+00 -3.847525596618652344e+00
1.079245471954345703e+01 -5.262168407440185547e+00 -8.526916503906250000e+00 1.591038465499877930e+00 7.746557593345642090e-01 8.600654602050781250e-01 -3.241496801376342773e+00 -6.901172161102294922e+00 3.999908924102783203e+00 -3.484257221221923828e+00 2.617132067680358887e-01 -1.076836490631103516e+01
-3.671149253845214844e+00 -1.196113228797912598e+00 -4.804508209228515625e+00 -1.211318850517272949e+00 5.930820941925048828e+00 -7.435834966599941254e-03 1.170493698120117188e+01 -1.474238753318786621e+00 -1.226201248168945312e+01 -1.543306589126586914e+00 -7.017399311065673828e+00 -2.210700511932373047e+00
7.686619281768798828e+00 -3.707688093185424805e+00 -2.917212486267089844e+00 -2.743140697479248047e+00 -1.533968448638916016e+01 -9.244705200195312500e+00 5.479952335357666016e+00 4.814644813537597656e+00 -5.789284229278564453e+00 -3.271657228469848633e+00 2.818473815917968750e+00 1.057893395423889160e+00
7.529823303222656250e+00 -8.623073577880859375e+00 1.630430698394775391e+00 8.324975371360778809e-01 -3.125593662261962891e-01 3.397728681564331055e+00 -6.406224727630615234e+00 2.838358640670776367e+00 -5.417808532714843750e+00 -5.855659484863281250e+00 -3.974624633789062500e+00 -5.657764434814453125e+00
-5.020988941192626953e+00 -7.540500164031982422e+00 -1.927442669868469238e+00 9.134265899658203125e+00 6.326568722724914551e-01 -9.645795822143554688e+00 6.632184982299804688e+00 -1.327594757080078125e+01 3.688243389129638672e+00 2.306562662124633789e+00 9.004475474357604980e-01 -3.522262334823608398e+00
3.585360288619995117e+00 -3.970560312271118164e+00 -6.243567943572998047e+00 -1.213129138946533203e+01 -2.562840938568115234e+00 -9.991934776306152344e+00 2.746462106704711914e+00 2.975911140441894531e+00 -1.753390669822692871e+00 4.836883544921875000e+00 1.066843891143798828e+01 -3.003901243209838867e-01
6.819416999816894531e+00 2.952649831771850586e+00 4.424636840820312500e+00 -1.018290233612060547e+01 9.075731277465820312e+00 -9.213431358337402344e+00 -6.186744213104248047e+00 -1.209525465965270996e+00 1.006865262985229492e+00 -5.940841674804687500e+00 -6.314514160156250000e+00 -2.772007465362548828e+00
-9.726685523986816406e+00 -3.812553882598876953e+00 -2.542633771896362305e+00 8.234160423278808594e+00 -2.954952478408813477e+00 4.323242664337158203e+00 3.608009338378906250e+00 -5.032734870910644531e-01 -2.434555292129516602e+00 3.198542594909667969e+00 -1.124097824096679688e+00 -9.260121345520019531e+00
-1.900662183761596680e-01 -4.167066574096679688e+00 -1.316289806365966797e+01 -5.773941516876220703e+00 -7.736155509948730469e+00 9.180607795715332031e+00 -6.503664970397949219e+00 -1.255386114120483398e+00 7.416861534118652344e+00 -4.509363472461700439e-01 2.666246175765991211e+00 1.417362928390502930e+00
2.974792718887329102e+00 -1.922173619270324707e+00 -7.199617385864257812e+00 -1.060408020019531250e+01 5.311436653137207031e+00 -2.621617555618286133e+00 9.988090991973876953e-01 -3.310290336608886719e+00 4.872531414031982422e+00 -4.470588207244873047e+00 -7.977076530456542969e+00 7.442721366882324219e+00
-5.374171733856201172e+00 -5.608392715454101562e+00 1.805087327957153320e+00 1.846877336502075195e+00 -5.779862403869628906e+00 1.623970627784729004e+00 3.638685941696166992e+00 -9.828853607177734375e-02 -4.942635059356689453e+00 1.570719599723815918e+00 9.619521498680114746e-01 -2.784709692001342773e+00
5.342487335205078125e+00 -6.739132881164550781e+00 8.369666099548339844e+00 1.222184419631958008e+00 -6.884776592254638672e+00 -7.816052913665771484e+00 -7.103229522705078125e+00 -3.163668632507324219e+00 5.297404766082763672e+00 -2.136998414993286133e+00 9.063246726989746094e+00 -4.025692939758300781e+00
-7.354412555694580078e+00 -1.231051921844482422e+00 2.871609449386596680e+00 7.327827930450439453e+00 -1.012296319007873535e+00 6.827104091644287109e+00 -8.130439758300781250e+00 -5.024624466896057129e-01 6.373683929443359375e+00 -5.981495857238769531e+00 -1.225999832153320312e+01 4.720601439476013184e-01
5.606037616729736328e+00 1.867101073265075684e+00 5.206862449645996094e+00 6.212021827697753906e+00 -6.555254459381103516e+00 -5.527925968170166016e+00 -5.176308631896972656e+00 -8.267795562744140625e+00 -4.656530380249023438e+00 -4.909326076507568359e+00 -8.546372056007385254e-01 1.748428106307983398e+00
-1.230334091186523438e+01 -6.762100219726562500e+00 -8.459980964660644531e+00 8.782981872558593750e+00 2.741557598114013672e+00 5.581810474395751953e+00 -4.291140079498291016e+00 -3.740763425827026367e+00 -1.772432208061218262e+00 -3.575529813766479492e+00 1.230992078781127930e+00 3.210315227508544922e+00
-1.221120738983154297e+01 5.754237651824951172e+00 4.104454815387725830e-01 -1.493078023195266724e-01 7.489622831344604492e-01 -5.535255432128906250e+00 8.029512166976928711e-01 -1.045927810668945312e+01 -1.063352584838867188e+00 1.214104652404785156e+01 -1.640530824661254883e+00 -4.012105464935302734e+00
1.018703341484069824e+00 -5.926702976226806641e+00 -6.466800570487976074e-01 -5.594171047210693359e+00 2.389774560928344727e+00 3.225340604782104492e+00 1.480066537857055664e+00 -4.583906173706054688e+00 2.197815418243408203e+00 1.517107129096984863e+00 -4.604427814483642578e+00 -7.046777248382568359e+00
-1.191741752624511719e+01 -9.274214506149291992e-02 8.429135322570800781e+00 1.658563502132892609e-02 -4.471520483493804932e-01 -8.545239448547363281e+00 -1.940772414207458496e+00 1.339738607406616211e+00 -4.934345245361328125e+00 4.826610088348388672e+00 -6.651550769805908203e+00 3.877191305160522461e+00
-9.543262481689453125e+00 5.585304260253906250e+00 1.942107200622558594e+00 -6.424098968505859375e+00 -2.768493175506591797e+00 3.793399930000305176e-01 -1.079160308837890625e+01 8.686407089233398438e+00 -6.806713581085205078e+00 -2.701930284500122070e+00 5.091648101806640625e+00 -4.049414157867431641e+00
8.092937469482421875e+00 4.135003566741943359e+00 -1.254260778427124023e+00 -5.933600902557373047e+00 -9.008517265319824219e+00 6.340441703796386719e+00 -1.347004294395446777e+00 2.464818358421325684e-01 1.087662458419799805e+00 -1.209503746032714844e+01 -4.006307601928710938e+00 2.173733711242675781e+00
-1.094009876251220703e+00 -2.439602613449096680e+00 4.450308799743652344e+00 -7.167261123657226562e+00 -7.676527976989746094e+00 4.936164915561676025e-01 8.573614120483398438e+00 -7.133963108062744141e+00 4.713688850402832031e+00 -5.282244205474853516e+00 4.838740348815917969e+00 -4.285597801208496094e+00
-1.495345592498779297e+00 5.815089225769042969e+00 -8.330438613891601562e+00 1.224112659692764282e-01 -3.963170289993286133e+00 -1.229883193969726562e+00 -2.898002386093139648e+00 -2.881436944007873535e-01 4.618893623352050781e+00 5.604738235473632812e+00 -7.498865127563476562e+00 -9.127058982849121094e+00
2.887505531311035156e+00 -1.259125232696533203e+00 -8.632258415222167969e+00 9.790536880493164062e+00 -9.611288070678710938e+00 1.952242970466613770e+00 -3.938687086105346680e+00 -4.074013710021972656e+00 -1.534628152847290039e+00 4.312848567962646484e+00 -7.476342201232910156e+00 -1.144072890281677246e+00
