3.936371952295303345e-02
3.936294466257095337e-02
3.936216607689857483e-02
3.936139494180679321e-02
3.936061635613441467e-02
3.935983777046203613e-02
3.935905918478965759e-02
3.935829550027847290e-02
3.935751318931579590e-02
3.935673832893371582e-02
3.935595974326133728e-02
3.935518488287925720e-02
3.935441374778747559e-02
3.935363888740539551e-02
3.935286030173301697e-02
3.935208916664123535e-02
3.935130685567855835e-02
3.935053572058677673e-02
3.934976831078529358e-02
3.934897854924201965e-02
3.934821113944053650e-02
3.934744000434875488e-02
3.934666141867637634e-02
3.934589028358459473e-02
3.934511542320251465e-02
3.934434056282043457e-02
3.934356942772865295e-02
3.934280201792716980e-02
3.934202343225479126e-02
3.934125602245330811e-02
3.934047743678092957e-02
3.933970630168914795e-02
3.933893516659736633e-02
3.933815658092498779e-02
3.933738544583320618e-02
3.933661431074142456e-02
3.933583572506904602e-02
3.933507204055786133e-02
3.933430090546607971e-02
3.933352231979370117e-02
3.933275490999221802e-02
3.933198377490043640e-02
3.933121263980865479e-02
3.933043777942657471e-02
3.932966664433479309e-02
3.932889923453330994e-02
3.932812064886093140e-02
3.932735323905944824e-02
3.932658210396766663e-02
3.932580724358558655e-02
3.932503983378410339e-02
3.932426869869232178e-02
3.932350128889083862e-02
3.932272642850875854e-02
3.932195901870727539e-02
3.932118415832519531e-02
3.932041302323341370e-02
3.931964933872222900e-02
3.931888192892074585e-02
3.931810706853866577e-02
3.931734338402748108e-02
3.931656479835510254e-02
3.931580111384391785e-02
3.931502997875213623e-02
3.931425884366035461e-02
3.931349515914916992e-02
3.931272402405738831e-02
3.931195661425590515e-02
3.931118547916412354e-02
3.931041061878204346e-02
3.930964320898056030e-02
3.930887207388877869e-02
3.930811211466789246e-02
3.930734470486640930e-02
3.930658102035522461e-02
3.930580615997314453e-02
3.930504247546195984e-02
3.930427134037017822e-02
3.930350393056869507e-02
3.930274397134780884e-02
3.930196911096572876e-02
3.930120170116424561e-02
3.930042684078216553e-02
3.929966688156127930e-02
3.929890319705009460e-02
3.929813206195831299e-02
3.929736837744712830e-02
3.929659724235534668e-02
3.929583728313446045e-02
3.929506987333297729e-02
3.929430246353149414e-02
3.929353505373001099e-02
3.929277136921882629e-02
3.929200023412704468e-02
3.929123654961585999e-02
3.929047659039497375e-02
3.928970173001289368e-02
3.928893059492111206e-02
3.928817436099052429e-02
3.928740695118904114e-02
3.928663581609725952e-02
3.928587958216667175e-02
3.928510844707489014e-02
3.928434476256370544e-02
3.928357735276222229e-02
3.928282484412193298e-02
3.928204625844955444e-02
3.928128257393836975e-02
3.928051888942718506e-02
3.927975893020629883e-02
3.927899152040481567e-02
3.927822783589363098e-02
3.927746787667274475e-02
3.927670419216156006e-02
3.927593678236007690e-02
3.927516937255859375e-02
3.927440941333770752e-02
3.927364572882652283e-02
3.927287831902503967e-02
3.927212208509445190e-02
3.927135840058326721e-02
3.927059099078178406e-02
3.926983103156089783e-02
3.926907107234001160e-02
3.926830738782882690e-02
3.926754370331764221e-02
3.926678001880645752e-02
3.926602005958557129e-02
3.926526010036468506e-02
3.926449269056320190e-02
3.926372528076171875e-02
3.926296904683113098e-02
3.926220908761024475e-02
3.926144912838935852e-02
3.926067799329757690e-02
3.925992175936698914e-02
3.925916925072669983e-02
3.925839811563491821e-02
3.925763443112373352e-02
3.925687447190284729e-02
3.925611451268196106e-02
3.925535827875137329e-02
3.925459459424018860e-02
3.925383090972900391e-02
3.925307467579841614e-02
3.925231099128723145e-02
3.925155103206634521e-02
3.925079107284545898e-02
3.925003111362457275e-02
3.924926370382308960e-02
3.924851492047309875e-02
3.924774751067161560e-02
3.924698755145072937e-02
3.924623504281044006e-02
3.924547135829925537e-02
3.924471512436866760e-02
3.924396261572837830e-02
3.924319520592689514e-02
3.924243524670600891e-02
3.924167901277542114e-02
3.924091905355453491e-02
3.924016281962394714e-02
3.923940286040306091e-02
3.923864290118217468e-02
3.923788666725158691e-02
3.923712298274040222e-02
3.923636674880981445e-02
3.923560678958892822e-02
3.923485055565834045e-02
3.923409059643745422e-02
3.923333436250686646e-02
3.923257812857627869e-02
3.923181444406509399e-02
3.923105821013450623e-02
3.923030197620391846e-02
3.922955319285392761e-02
3.922878950834274292e-02
3.922803327441215515e-02
3.922727331519126892e-02
3.922651708126068115e-02
3.922576457262039185e-02
3.922500088810920715e-02
3.922424837946891785e-02
3.922348842024803162e-02
3.922273591160774231e-02
3.922197595238685608e-02
3.922122716903686523e-02
3.922047093510627747e-02
3.921970352530479431e-02
3.921895846724510193e-02
3.921819478273391724e-02
3.921744599938392639e-02
3.921668976545333862e-02
3.921593725681304932e-02
3.921518102288246155e-02
3.921442851424217224e-02
3.921366855502128601e-02
3.921291232109069824e-02
3.921215981245040894e-02
3.921140730381011963e-02
3.921065106987953186e-02
3.920989483594894409e-02
3.920913860201835632e-02
3.920839354395866394e-02
3.920763731002807617e-02
3.920688107609748840e-02
3.920612856745719910e-02
3.920536860823631287e-02
3.920461982488632202e-02
3.920386731624603271e-02
3.920310735702514648e-02
3.920235857367515564e-02
3.920160979032516479e-02
3.920085728168487549e-02
3.920010104775428772e-02
3.919934853911399841e-02
3.919859603047370911e-02
3.919784724712371826e-02
3.919709101319313049e-02
3.919633477926254272e-02
3.919558227062225342e-02
3.919483721256256104e-02
3.919408470392227173e-02
3.919332846999168396e-02
3.919257596135139465e-02
3.919182345271110535e-02
3.919107094407081604e-02
3.919031843543052673e-02
3.918956592679023743e-02
3.918881714344024658e-02
3.918806836009025574e-02
3.918730840086936951e-02
3.918655961751937866e-02
3.918581083416938782e-02
3.918506205081939697e-02
3.918430581688880920e-02
3.918354958295822144e-02
3.918280825018882751e-02
3.918205201625823975e-02
3.918131068348884583e-02
3.918055817484855652e-02
3.917980939149856567e-02
3.917905688285827637e-02
3.917830809950828552e-02
3.917755559086799622e-02
3.917681053280830383e-02
3.917605802416801453e-02
3.917530551552772522e-02
3.917455673217773438e-02
3.917380794882774353e-02
3.917305916547775269e-02
3.917231038212776184e-02
3.917156159877777100e-02
3.917080163955688477e-02
3.917006403207778931e-02
3.916931524872779846e-02
3.916857019066810608e-02
3.916781768202781677e-02
3.916706517338752747e-02
3.916632011532783508e-02
3.916556388139724731e-02
3.916482254862785339e-02
3.916407003998756409e-02
3.916332125663757324e-02
3.916257247328758240e-02
3.916182741522789001e-02
3.916107863187789917e-02
3.916033357381820679e-02
3.915958479046821594e-02
3.915883973240852356e-02
3.915809094905853271e-02
3.915734589099884033e-02
3.915659338235855103e-02
3.915585577487945557e-02
3.915509954094886780e-02
3.915435820817947388e-02
3.915361687541007996e-02
3.915286809206008911e-02
3.915212303400039673e-02
3.915136680006980896e-02
3.915062919259071350e-02
3.914987668395042419e-02
3.914913907647132874e-02
3.914839029312133789e-02
3.914764150977134705e-02
3.914690017700195312e-02
3.914615511894226074e-02
3.914541006088256836e-02
3.914466127753257751e-02
3.914391621947288513e-02
3.914317861199378967e-02
3.914242610335350037e-02
3.914168104529380798e-02
3.914094343781471252e-02
3.914019465446472168e-02
3.913944959640502930e-02
3.913870453834533691e-02
3.913795948028564453e-02
3.913721069693565369e-02
3.913647308945655823e-02
3.913572430610656738e-02
3.913498297333717346e-02
3.913424909114837646e-02
3.913350030779838562e-02
3.913275152444839478e-02
3.913201019167900085e-02
3.913125768303871155e-02
3.913051635026931763e-02
3.912977874279022217e-02
3.912902995944023132e-02
3.912828862667083740e-02
3.912755101919174194e-02
3.912680223584175110e-02
3.912605717778205872e-02
3.912532702088356018e-02
3.912457078695297241e-02
3.912382945418357849e-02
3.912308439612388611e-02
3.912235051393508911e-02
3.912160918116569519e-02
3.912086039781570435e-02
3.912011906504631042e-02
3.911937773227691650e-02
3.911863639950752258e-02
3.911789134144783020e-02
3.911715373396873474e-02
3.911641985177993774e-02
3.911567479372024536e-02
3.911492973566055298e-02
3.911418840289115906e-02
3.911345079541206360e-02
3.911270946264266968e-02
3.911196440458297729e-02
3.911121934652328491e-02
3.911048546433448792e-02
3.910974785685539246e-02
3.910899907350540161e-02
3.910826519131660461e-02
3.910752385854721069e-02
3.910679370164871216e-02
3.910604491829872131e-02
3.910530358552932739e-02
3.910456970334053040e-02
3.910382837057113647e-02
3.910308331251144409e-02
3.910234570503234863e-02
3.910160809755325317e-02
3.910087049007415771e-02
3.910012915730476379e-02
3.909938409924507141e-02
3.909865394234657288e-02
3.909791260957717896e-02
3.909717500209808350e-02
3.909643739461898804e-02
3.909569606184959412e-02
3.909496590495109558e-02
3.909422084689140320e-02
3.909348323941230774e-02
3.909274190664291382e-02
3.909200429916381836e-02
3.909127414226531982e-02
3.909052908420562744e-02
3.908979892730712891e-02
3.908906131982803345e-02
3.908831998705863953e-02
3.908758237957954407e-02
3.908684477210044861e-02
3.908611088991165161e-02
3.908536955714225769e-02
3.908463194966316223e-02
3.908389434218406677e-02
3.908316418528556824e-02
3.908242285251617432e-02
3.908169269561767578e-02
3.908095136284828186e-02
3.908022120594978333e-02
3.907948732376098633e-02
3.907874599099159241e-02
3.907801210880279541e-02
3.907727450132369995e-02
3.907654434442520142e-02
3.907580673694610596e-02
3.907506912946701050e-02
3.907433152198791504e-02
3.907359763979911804e-02
3.907286375761032104e-02
3.907213360071182251e-02
3.907139226794242859e-02
3.907065466046333313e-02
3.906992450356483459e-02
3.906919062137603760e-02
3.906846046447753906e-02
3.906771913170814514e-02
3.906698524951934814e-02
3.906625136733055115e-02
3.906551375985145569e-02
3.906478360295295715e-02
3.906404599547386169e-02
3.906331583857536316e-02
3.906258195638656616e-02
3.906184807419776917e-02
3.906110674142837524e-02
3.906038030982017517e-02
3.905964642763137817e-02
3.905891254544258118e-02
3.905818238854408264e-02
3.905744850635528564e-02
3.905671089887619019e-02
3.905598074197769165e-02
3.905524313449859619e-02
3.905452042818069458e-02
3.905378282070159912e-02
3.905304521322250366e-02
3.905231505632400513e-02
3.905158862471580505e-02
3.905085101723670959e-02
3.905012086033821106e-02
3.904939070343971252e-02
3.904865309596061707e-02
3.904792666435241699e-02
3.904719650745391846e-02
3.904646262526512146e-02
3.904572874307632446e-02
3.904500231146812439e-02
3.904426842927932739e-02
3.904353454709053040e-02
3.904280439019203186e-02
3.904207423329353333e-02
3.904134780168533325e-02
3.904061391949653625e-02
3.903988003730773926e-02
3.903915360569953918e-02
3.903841599822044373e-02
3.903768584132194519e-02
3.903695568442344666e-02
3.903622180223464966e-02
3.903549909591674805e-02
3.903476521372795105e-02
3.903403878211975098e-02
3.903331235051155090e-02
3.903257474303245544e-02
3.903185203671455383e-02
3.903111815452575684e-02
3.903039172291755676e-02
3.902965411543846130e-02
3.902892768383026123e-02
3.902819752693176270e-02
3.902746737003326416e-02
3.902674838900566101e-02
3.902601450681686401e-02
3.902528062462806702e-02
3.902455419301986694e-02
3.902382776141166687e-02
3.902310505509376526e-02
3.902236744761466980e-02
3.902164101600646973e-02
3.902091458439826965e-02
3.902018815279006958e-02
3.901945799589157104e-02
3.901873156428337097e-02
3.901800513267517090e-02
3.901727497577667236e-02
3.901654481887817383e-02
3.901582211256027222e-02
3.901509195566177368e-02
3.901436552405357361e-02
3.901363536715507507e-02
3.901291638612747192e-02
3.901218622922897339e-02
3.901145979762077332e-02
3.901073336601257324e-02
3.901000693440437317e-02
3.900928422808647156e-02
3.900855407118797302e-02
3.900782763957977295e-02
3.900710120797157288e-02
3.900637850165367126e-02
3.900565207004547119e-02
3.900492936372756958e-02
3.900419920682907104e-02
3.900347650051116943e-02
3.900275006890296936e-02
3.900201991200447083e-02
3.900129720568656921e-02
3.900056704878807068e-02
3.899984434247016907e-02
3.899911791086196899e-02
3.899839520454406738e-02
3.899767249822616577e-02
3.899694606661796570e-02
3.899621963500976562e-02
3.899549320340156555e-02
3.899477422237396240e-02
3.899404406547546387e-02
3.899332508444786072e-02
3.899259865283966064e-02
3.899187222123146057e-02
3.899114951491355896e-02
3.899043053388595581e-02
3.898970410227775574e-02
