8.619870245456695557e-02
8.619838207960128784e-02
8.619805425405502319e-02
8.619770407676696777e-02
8.619735389947891235e-02
8.619701862335205078e-02
8.619668334722518921e-02
8.619634062051773071e-02
8.619600534439086914e-02
8.619566261768341064e-02
8.619532734155654907e-02
8.619498461484909058e-02
8.619462698698043823e-02
8.619430661201477051e-02
8.619395643472671509e-02
8.619362860918045044e-02
8.619327843189239502e-02
8.619293570518493652e-02
8.619259297847747803e-02
8.619228005409240723e-02
8.619192242622375488e-02
8.619158715009689331e-02
8.619125187397003174e-02
8.619091659784317017e-02
8.619057387113571167e-02
8.619024604558944702e-02
8.618990331888198853e-02
8.618956059217453003e-02
8.618921786546707153e-02
8.618888258934020996e-02
8.618853241205215454e-02
8.618820458650588989e-02
8.618786185979843140e-02
8.618752658367156982e-02
8.618719130754470825e-02
8.618683367967605591e-02
8.618649840354919434e-02
8.618616312742233276e-02
8.618583530187606812e-02
8.618550002574920654e-02
8.618514239788055420e-02
8.618480712175369263e-02
8.618447929620742798e-02
8.618412166833877563e-02
8.618378639221191406e-02
8.618344366550445557e-02
8.618312329053878784e-02
8.618277311325073242e-02
8.618244528770446777e-02
8.618208020925521851e-02
8.618176728487014771e-02
8.618142455816268921e-02
8.618108928203582764e-02
8.618074655532836914e-02
8.618041127920150757e-02
8.618007600307464600e-02
8.617973327636718750e-02
8.617938309907913208e-02
8.617906272411346436e-02
8.617871999740600586e-02
8.617838472127914429e-02
8.617804199457168579e-02
8.617767691612243652e-02
8.617736399173736572e-02
8.617702871561050415e-02
8.617668598890304565e-02
8.617633581161499023e-02
8.617599308490753174e-02
8.617565035820007324e-02
8.617532998323440552e-02
8.617497980594635010e-02
8.617465943098068237e-02
8.617430180311203003e-02
8.617397397756576538e-02
8.617362380027770996e-02
8.617328852415084839e-02
8.617294579744338989e-02
8.617261052131652832e-02
8.617227524518966675e-02
8.617195487022399902e-02
8.617160469293594360e-02
8.617128431797027588e-02
8.617091923952102661e-02
8.617058396339416504e-02
8.617024868726730347e-02
8.616990596055984497e-02
8.616957068443298340e-02
8.616923540830612183e-02
8.616889268159866333e-02
8.616854995489120483e-02
8.616821467876434326e-02
8.616787940263748169e-02
8.616753667593002319e-02
8.616719394922256470e-02
8.616684377193450928e-02
8.616651594638824463e-02
8.616619557142257690e-02
8.616582304239273071e-02
8.616551756858825684e-02
8.616515249013900757e-02
8.616483211517333984e-02
8.616448938846588135e-02
8.616415411233901978e-02
8.616380393505096436e-02
8.616346865892410278e-02
8.616312593221664429e-02
8.616279810667037964e-02
8.616246283054351807e-02
8.616213500499725342e-02
8.616179227828979492e-02
8.616144210100173950e-02
8.616109937429428101e-02
8.616077154874801636e-02
8.616042137145996094e-02
8.616009354591369629e-02
8.615975081920623779e-02
8.615941554307937622e-02
8.615908026695251465e-02
8.615873754024505615e-02
8.615840971469879150e-02
8.615806698799133301e-02
8.615773916244506836e-02
8.615739643573760986e-02
8.615704625844955444e-02
8.615671098232269287e-02
8.615637570619583130e-02
8.615603297948837280e-02
8.615569770336151123e-02
8.615534752607345581e-02
8.615501970052719116e-02
8.615468442440032959e-02
8.615434169769287109e-02
8.615401387214660645e-02
8.615367114543914795e-02
8.615331351757049561e-02
8.615299314260482788e-02
8.615265786647796631e-02
8.615232259035110474e-02
8.615198731422424316e-02
8.615164458751678467e-02
8.615131676197052002e-02
8.615097403526306152e-02
8.615061640739440918e-02
8.615029603242874146e-02
8.614995330572128296e-02
8.614960312843322754e-02
8.614927530288696289e-02
8.614894002676010132e-02
8.614859730005264282e-02
8.614827692508697510e-02
8.614793419837951660e-02
8.614759147167205811e-02
8.614724874496459961e-02
8.614692091941833496e-02
8.614657074213027954e-02
8.614624291658401489e-02
8.614590018987655640e-02
8.614556491374969482e-02
8.614520728588104248e-02
8.614489436149597168e-02
8.614454418420791626e-02
8.614421635866165161e-02
8.614385873079299927e-02
8.614353090524673462e-02
8.614319562911987305e-02
8.614286780357360840e-02
8.614252507686614990e-02
8.614217489957809448e-02
8.614185452461242676e-02
8.614149689674377441e-02
8.614116907119750977e-02
8.614084124565124512e-02
8.614050596952438354e-02
8.614017069339752197e-02
8.613982796669006348e-02
8.613947033882141113e-02
8.613914996385574341e-02
8.613881468772888184e-02
8.613847941160202026e-02
8.613813668489456177e-02
8.613780140876770020e-02
8.613744378089904785e-02
8.613713085651397705e-02
8.613678067922592163e-02
8.613645285367965698e-02
8.613611012697219849e-02
8.613575994968414307e-02
8.613543957471847534e-02
8.613508194684982300e-02
8.613476157188415527e-02
8.613442629575729370e-02
8.613408356904983521e-02
8.613375574350357056e-02
8.613341301679611206e-02
8.613306283950805664e-02
8.613274246454238892e-02
8.613240718841552734e-02
8.613207191228866577e-02
8.613172918558120728e-02
8.613139390945434570e-02
8.613105863332748413e-02
8.613071590662002563e-02
8.613037317991256714e-02
8.613005280494689941e-02
8.612970262765884399e-02
8.612936735153198242e-02
8.612903207540512085e-02
8.612868934869766235e-02
8.612836152315139771e-02
8.612801879644393921e-02
8.612767606973648071e-02
8.612734824419021606e-02
8.612700551748275757e-02
8.612667024135589600e-02
8.612632751464843750e-02
8.612599223852157593e-02
8.612566441297531128e-02
8.612531423568725586e-02
8.612499386072158813e-02
8.612464368343353271e-02
8.612432330846786499e-02
8.612396568059921265e-02
8.612363040447235107e-02
8.612328767776489258e-02
8.612295240163803101e-02
8.612261712551116943e-02
8.612228184938430786e-02
8.612194657325744629e-02
8.612162619829177856e-02
8.612128347158432007e-02
8.612094074487686157e-02
8.612061291933059692e-02
8.612026274204254150e-02
8.611994236707687378e-02
8.611959964036941528e-02
8.611924946308135986e-02
8.611891418695449829e-02
8.611859381198883057e-02
8.611824363470077515e-02
8.611790835857391357e-02
8.611756563186645508e-02
8.611724525690078735e-02
8.611689507961273193e-02
8.611656725406646729e-02
8.611621707677841187e-02
8.611588925123214722e-02
8.611553907394409180e-02
8.611521124839782715e-02
8.611486852169036865e-02
8.611454814672470093e-02
8.611420542001724243e-02
8.611387014389038086e-02
8.611352741718292236e-02
8.611319214105606079e-02
8.611285686492919922e-02
8.611252158880233765e-02
8.611217141151428223e-02
8.611185103654861450e-02
8.611150830984115601e-02
8.611118048429489136e-02
8.611084520816802979e-02
8.611050248146057129e-02
8.611017465591430664e-02
8.610982447862625122e-02
8.610948920249938965e-02
8.610915392637252808e-02
8.610880374908447266e-02
8.610847592353820801e-02
8.610814064741134644e-02
8.610779792070388794e-02
8.610747754573822021e-02
8.610712736845016479e-02
8.610680699348449707e-02
8.610645681619644165e-02
8.610612899065017700e-02
8.610577881336212158e-02
8.610544353723526001e-02
8.610510826110839844e-02
8.610477298498153687e-02
8.610445261001586914e-02
8.610410988330841064e-02
8.610374480485916138e-02
8.610343933105468750e-02
8.610308170318603516e-02
8.610276132822036743e-02
8.610241115093231201e-02
8.610208332538604736e-02
8.610173314809799194e-02
8.610141277313232422e-02
8.610107749700546265e-02
8.610075712203979492e-02
8.610039949417114258e-02
8.610007166862487793e-02
8.609972894191741943e-02
8.609940111637115479e-02
8.609905838966369629e-02
8.609872311353683472e-02
8.609838783740997314e-02
8.609804511070251465e-02
8.609770238399505615e-02
8.609737455844879150e-02
8.609703928232192993e-02
8.609671890735626221e-02
8.609636127948760986e-02
8.609603345394134521e-02
8.609569072723388672e-02
8.609537035226821899e-02
8.609502762556076050e-02
8.609469234943389893e-02
8.609434962272644043e-02
8.609401434659957886e-02
8.609367907047271729e-02
8.609335124492645264e-02
8.609300851821899414e-02
8.609266579151153564e-02
8.609233051538467407e-02
8.609199523925781250e-02
8.609166741371154785e-02
8.609131723642349243e-02
8.609098196029663086e-02
8.609063923358917236e-02
8.609031885862350464e-02
8.608998358249664307e-02
8.608964830636978149e-02
8.608929812908172607e-02
8.608895540237426758e-02
8.608862757682800293e-02
8.608830720186233521e-02
8.608796447515487671e-02
8.608761429786682129e-02
8.608728647232055664e-02
8.608696609735488892e-02
8.608660846948623657e-02
8.608628809452056885e-02
8.608593791723251343e-02
8.608561009168624878e-02
8.608526736497879028e-02
8.608493953943252563e-02
8.608460426330566406e-02
8.608426153659820557e-02
8.608392626047134399e-02
8.608359098434448242e-02
8.608324080705642700e-02
8.608292043209075928e-02
8.608257770538330078e-02
8.608224242925643921e-02
8.608190715312957764e-02
8.608156442642211914e-02
8.608124405145645142e-02
8.608090132474899292e-02
8.608057349920272827e-02
8.608023077249526978e-02
8.607991039752960205e-02
8.607956767082214355e-02
8.607923239469528198e-02
8.607888221740722656e-02
8.607854694128036499e-02
8.607821911573410034e-02
8.607788383960723877e-02
8.607754856348037720e-02
8.607720583677291870e-02
8.607687056064605713e-02
8.607654273509979248e-02
8.607620000839233398e-02
8.607585728168487549e-02
8.607552945613861084e-02
8.607519418001174927e-02
8.607486635446548462e-02
8.607453107833862305e-02
8.607420325279235840e-02
8.607386797666549683e-02
8.607353270053863525e-02
8.607318997383117676e-02
8.607285469770431519e-02
8.607251942157745361e-02
8.607219159603118896e-02
8.607184886932373047e-02
8.607150614261627197e-02
8.607117086648941040e-02
8.607083559036254883e-02
8.607050031423568726e-02
8.607015758752822876e-02
8.606982231140136719e-02
8.606949448585510254e-02
8.606917411088943481e-02
8.606883138418197632e-02
8.606848865747451782e-02
8.606816083192825317e-02
8.606781810522079468e-02
8.606749027967453003e-02
8.606714755296707153e-02
8.606681972742080688e-02
8.606646955013275146e-02
8.606613427400588989e-02
8.606580644845962524e-02
8.606547862291336060e-02
8.606512844562530518e-02
8.606480062007904053e-02
8.606445789337158203e-02
8.606410771608352661e-02
8.606378734111785889e-02
8.606345951557159424e-02
8.606311678886413574e-02
8.606278896331787109e-02
8.606245368719100952e-02
8.606211841106414795e-02
8.606178313493728638e-02
8.606144785881042480e-02
8.606110513210296631e-02
8.606077730655670166e-02
8.606043457984924316e-02
8.606009185314178467e-02
8.605977147817611694e-02
8.605942130088806152e-02
8.605910837650299072e-02
8.605876564979553223e-02
8.605844527482986450e-02
8.605809509754180908e-02
8.605776727199554443e-02
8.605743944644927979e-02
8.605708926916122437e-02
8.605676144361495972e-02
8.605641871690750122e-02
8.605607599020004272e-02
8.605574816465377808e-02
8.605539798736572266e-02
8.605509996414184570e-02
8.605474233627319336e-02
8.605441451072692871e-02
8.605408668518066406e-02
8.605374395847320557e-02
8.605340868234634399e-02
8.605306595563888550e-02
8.605273067951202393e-02
8.605240285396575928e-02
8.605204522609710693e-02
8.605173230171203613e-02
8.605138212442398071e-02
8.605106920003890991e-02
8.605073392391204834e-02
8.605040609836578369e-02
8.605006337165832520e-02
8.604972064495086670e-02
8.604937791824340820e-02
8.604906499385833740e-02
8.604871481657028198e-02
8.604838699102401733e-02
8.604803681373596191e-02
8.604772388935089111e-02
8.604737371206283569e-02
8.604705333709716797e-02
8.604671806097030640e-02
8.604639023542404175e-02
8.604604005813598633e-02
8.604571223258972168e-02
8.604536950588226318e-02
8.604504913091659546e-02
8.604469895362854004e-02
8.604437112808227539e-02
8.604402840137481689e-02
8.604367822408676147e-02
8.604337275028228760e-02
8.604302257299423218e-02
8.604268729686737061e-02
8.604236692190170288e-02
8.604200184345245361e-02
8.604168146848678589e-02
8.604134619235992432e-02
8.604101091623306274e-02
8.604066818952560425e-02
8.604033291339874268e-02
8.604000508785247803e-02
8.603966981172561646e-02
8.603934198617935181e-02
8.603899180889129639e-02
8.603865653276443481e-02
8.603833615779876709e-02
8.603800088167190552e-02
8.603765815496444702e-02
8.603732287883758545e-02
8.603699505329132080e-02
8.603666722774505615e-02
8.603632450103759766e-02
8.603598922491073608e-02
8.603565394878387451e-02
8.603532612323760986e-02
8.603499084711074829e-02
8.603465557098388672e-02
8.603433519601821899e-02
8.603398501873016357e-02
8.603364974260330200e-02
8.603331446647644043e-02
8.603298664093017578e-02
8.603264391422271729e-02
8.603230863809585571e-02
8.603197336196899414e-02
8.603164553642272949e-02
8.603130280971527100e-02
8.603098243474960327e-02
8.603063970804214478e-02
