3.912722226232290268e-03
3.912715706974267960e-03
3.912709187716245651e-03
3.912702202796936035e-03
3.912694752216339111e-03
3.912688232958316803e-03
3.912681248039007187e-03
3.912673797458410263e-03
3.912666812539100647e-03
3.912659361958503723e-03
3.912652377039194107e-03
3.912644926458597183e-03
3.912638407200574875e-03
3.912630956619977951e-03
3.912624437361955643e-03
3.912616986781358719e-03
3.912610001862049103e-03
3.912602551281452179e-03
3.912595566362142563e-03
3.912589047104120255e-03
3.912580665200948715e-03
3.912574145942926407e-03
3.912567626684904099e-03
3.912559710443019867e-03
3.912553191184997559e-03
3.912546206265687943e-03
3.912538755685091019e-03
3.912532236427068710e-03
3.912524320185184479e-03
3.912517335265874863e-03
3.912511281669139862e-03
3.912504296749830246e-03
3.912496380507946014e-03
3.912490326911211014e-03
3.912482410669326782e-03
3.912475891411304474e-03
3.912468906491994858e-03
3.912460524588823318e-03
3.912454005330801010e-03
3.912447020411491394e-03
3.912439569830894470e-03
3.912433050572872162e-03
3.912426531314849854e-03
3.912418615072965622e-03
3.912412095814943314e-03
3.912404179573059082e-03
3.912397660315036774e-03
3.912390675395727158e-03
3.912383690476417542e-03
3.912377636879682541e-03
3.912369720637798309e-03
3.912363201379776001e-03
3.912354819476604462e-03
3.912348765879869461e-03
3.912341780960559845e-03
3.912334330379962921e-03
3.912327345460653305e-03
3.912320826202630997e-03
3.912311978638172150e-03
3.912306390702724457e-03
3.912298474460840225e-03
3.912291489541530609e-03
3.912284970283508301e-03
3.912278451025485992e-03
3.912271466106176376e-03
3.912264481186866760e-03
3.912257496267557144e-03
3.912250045686960220e-03
3.912243060767650604e-03
3.912236075848340988e-03
3.912228625267744064e-03
3.912222571671009064e-03
3.912213724106550217e-03
3.912207204848527908e-03
3.912200685590505600e-03
3.912193235009908676e-03
3.912186250090599060e-03
3.912178799510002136e-03
3.912172745913267136e-03
3.912164829671382904e-03
3.912157844752073288e-03
3.912150394171476364e-03
3.912143874913454056e-03
3.912136424332857132e-03
3.912129439413547516e-03
3.912122920155525208e-03
3.912115003913640976e-03
3.912109415978193283e-03
3.912101965397596359e-03
3.912094514816999435e-03
3.912087064236402512e-03
3.912080544978380203e-03
3.912074025720357895e-03
3.912066575139760971e-03
3.912059124559164047e-03
3.912051673978567123e-03
3.912046086043119431e-03
3.912039101123809814e-03
3.912031184881925583e-03
3.912023734301328659e-03
3.912018146365880966e-03
3.912009764462709427e-03
3.912004176527261734e-03
3.911996260285377502e-03
3.911990206688642502e-03
3.911983221769332886e-03
3.911975771188735962e-03
3.911968786269426346e-03
3.911960870027542114e-03
3.911953885108232498e-03
3.911947365850210190e-03
3.911940380930900574e-03
3.911932930350303650e-03
3.911925014108419418e-03
3.911918029189109802e-03
3.911912906914949417e-03
3.911904525011777878e-03
3.911897540092468262e-03
3.911891020834445953e-03
3.911883570253849030e-03
3.911876119673252106e-03
3.911870531737804413e-03
3.911863081157207489e-03
3.911854699254035950e-03
3.911848179996013641e-03
3.911841195076704025e-03
3.911834210157394409e-03
3.911827690899372101e-03
3.911819774657487869e-03
3.911812324076890945e-03
3.911805804818868637e-03
3.911798354238271713e-03
3.911790903657674789e-03
3.911785315722227097e-03
3.911777865141630173e-03
3.911770414561033249e-03
3.911764360964298248e-03
3.911756910383701324e-03
3.911748528480529785e-03
3.911742940545082092e-03
3.911734558641910553e-03
3.911728039383888245e-03
3.911721520125865936e-03
3.911715000867843628e-03
3.911707084625959396e-03
3.911700565367937088e-03
3.911693114787340164e-03
3.911686129868030548e-03
3.911679610610008240e-03
3.911672625690698624e-03
3.911664709448814392e-03
3.911659121513366699e-03
3.911651205271482468e-03
3.911644220352172852e-03
3.911638632416725159e-03
3.911630250513553619e-03
3.911624196916818619e-03
3.911617211997509003e-03
3.911608830094337463e-03
3.911602310836315155e-03
3.911595325917005539e-03
3.911588806658983231e-03
3.911581356078386307e-03
3.911573905497789383e-03
3.911567851901054382e-03
3.911559935659170151e-03
3.911553882062435150e-03
3.911545500159263611e-03
3.911538980901241302e-03
3.911532461643218994e-03
3.911524545401334763e-03
3.911517560482025146e-03
3.911511041224002838e-03
3.911503590643405914e-03
3.911498002707958221e-03
3.911489620804786682e-03
3.911483567208051682e-03
3.911476116627454758e-03
3.911469131708145142e-03
3.911462612450122833e-03
3.911454696208238602e-03
3.911448642611503601e-03
3.911440726369619370e-03
3.911433275789022446e-03
3.911427222192287445e-03
3.911419305950403214e-03
3.911413252353668213e-03
3.911405801773071289e-03
3.911399282515048981e-03
3.911391831934452057e-03
3.911384847015142441e-03
3.911377862095832825e-03
3.911371342837810516e-03
3.911364823579788208e-03
3.911357372999191284e-03
3.911349922418594360e-03
3.911342471837997437e-03
3.911336418241262436e-03
3.911329433321952820e-03
3.911321982741355896e-03
3.911314997822046280e-03
3.911308478564023972e-03
3.911300096660852432e-03
3.911293577402830124e-03
3.911286592483520508e-03
3.911279607564210892e-03
3.911272622644901276e-03
3.911265637725591660e-03
3.911258187144994736e-03
3.911252599209547043e-03
3.911244217306375504e-03
3.911238163709640503e-03
3.911230713129043579e-03
3.911223262548446655e-03
3.911215811967849731e-03
3.911209758371114731e-03
3.911202307790517807e-03
3.911194857209920883e-03
3.911188337951898575e-03
3.911181818693876266e-03
3.911174368113279343e-03
3.911166917532682419e-03
3.911160863935947418e-03
3.911152482032775879e-03
3.911146894097328186e-03
3.911139909178018570e-03
3.911133389919996262e-03
3.911125008016824722e-03
3.911118023097515106e-03
3.911112900823354721e-03
3.911104984581470490e-03
3.911097534000873566e-03
3.911091014742851257e-03
3.911083098500967026e-03
3.911075647920370102e-03
3.911070059984922409e-03
3.911062143743038177e-03
3.911056090146303177e-03
3.911048639565706253e-03
3.911042120307683945e-03
3.911034204065799713e-03
3.911028150469064713e-03
3.911020699888467789e-03
3.911013714969158173e-03
3.911006730049848557e-03
3.911000210791826248e-03
3.910992294549942017e-03
3.910986706614494324e-03
3.910978790372610092e-03
3.910970874130725861e-03
3.910964354872703552e-03
3.910956438630819321e-03
3.910951316356658936e-03
3.910943400114774704e-03
3.910936880856752396e-03
3.910930827260017395e-03
3.910922445356845856e-03
3.910915460437536240e-03
3.910908475518226624e-03
3.910901956260204315e-03
3.910894505679607391e-03
3.910887986421585083e-03
3.910881001502275467e-03
3.910874016582965851e-03
3.910866100341081619e-03
3.910859581083059311e-03
3.910851664841175079e-03
3.910846542567014694e-03
3.910838626325130463e-03
3.910831175744533539e-03
3.910825122147798538e-03
3.910817205905914307e-03
3.910811617970466614e-03
3.910803701728582382e-03
3.910798113793134689e-03
3.910789266228675842e-03
3.910784143954515457e-03
3.910775296390056610e-03
3.910769242793321609e-03
3.910762723535299301e-03
3.910755272954702377e-03
3.910748753696680069e-03
3.910741303116083145e-03
3.910733852535486221e-03
3.910728264600038528e-03
3.910719882696866989e-03
3.910714760422706604e-03
3.910706844180822372e-03
3.910699859261512756e-03
3.910692874342203140e-03
3.910684492439031601e-03
3.910677973181009293e-03
3.910670522600412369e-03
3.910664934664964676e-03
3.910657484084367752e-03
3.910650033503770828e-03
3.910643514245748520e-03
3.910636063665151596e-03
3.910630010068416595e-03
3.910622559487819672e-03
3.910615574568510056e-03
3.910609055310487747e-03
3.910600673407316208e-03
3.910595551133155823e-03
3.910587634891271591e-03
3.910580184310674667e-03
3.910572733730077744e-03
3.910566214472055435e-03
3.910559695214033127e-03
3.910552244633436203e-03
3.910545259714126587e-03
3.910538274794816971e-03
3.910530358552932739e-03
3.910525701940059662e-03
3.910517785698175430e-03
3.910511266440153122e-03
3.910503815859556198e-03
3.910496365278959274e-03
3.910490311682224274e-03
3.910482861101627350e-03
3.910476341843605042e-03
3.910468425601720810e-03
3.910461440682411194e-03
3.910454921424388885e-03
3.910447470843791962e-03
3.910440951585769653e-03
3.910433501005172729e-03
3.910426981747150421e-03
3.910419531166553497e-03
3.910411614924669266e-03
3.910406026989221573e-03
3.910399042069911957e-03
3.910392988473176956e-03
3.910385537892580032e-03
3.910377155989408493e-03
3.910371102392673492e-03
3.910363651812076569e-03
3.910357132554054260e-03
3.910350613296031952e-03
3.910342697054147720e-03
3.910336177796125412e-03
3.910329658538103104e-03
3.910323139280080795e-03
3.910315688699483871e-03
3.910308703780174255e-03
3.910302184522151947e-03
3.910294268280267715e-03
3.910287283360958099e-03
3.910280764102935791e-03
3.910273779183626175e-03
3.910266794264316559e-03
3.910259809345006943e-03
3.910251893103122711e-03
3.910246770828962326e-03
3.910238388925790787e-03
3.910231869667768478e-03
3.910224884748458862e-03
3.910218365490436554e-03
3.910211380571126938e-03
3.910204861313104630e-03
3.910196479409933090e-03
3.910190425813198090e-03
3.910183906555175781e-03
3.910176921635866165e-03
3.910170402377843857e-03
3.910162951797246933e-03
3.910155035555362701e-03
3.910148516297340393e-03
3.910141997039318085e-03
3.910133615136146545e-03
3.910128027200698853e-03
3.910120576620101929e-03
3.910113126039505005e-03
3.910107072442770004e-03
3.910100087523460388e-03
3.910092171281576157e-03
3.910087049007415771e-03
3.910079132765531540e-03
3.910073079168796539e-03
3.910064697265625000e-03
3.910058178007602692e-03
3.910051193088293076e-03
3.910044673830270767e-03
3.910036291927099228e-03
3.910031169652938843e-03
3.910022787749767303e-03
3.910015802830457687e-03
3.910009283572435379e-03
3.910002298653125763e-03
3.909995313733816147e-03
3.909988794475793839e-03
3.909981343895196915e-03
3.909974824637174606e-03
3.909967839717864990e-03
3.909960389137268066e-03
3.909952938556671143e-03
3.909947816282510757e-03
3.909940365701913834e-03
3.909933380782604218e-03
3.909926861524581909e-03
3.909918013960123062e-03
3.909912891685962677e-03
3.909905906766653061e-03
3.909898456186056137e-03
3.909891005605459213e-03
3.909884486347436905e-03
3.909877967089414597e-03
3.909870982170104980e-03
3.909864462912082672e-03
3.909856546670198441e-03
3.909849096089601517e-03
3.909842111170291901e-03
3.909835591912269592e-03
3.909829072654247284e-03
3.909822553396224976e-03
3.909814637154340744e-03
3.909808117896318436e-03
3.909800667315721512e-03
3.909794148057699203e-03
3.909787163138389587e-03
3.909781109541654587e-03
3.909772261977195740e-03
3.909766674041748047e-03
3.909759689122438431e-03
3.909753169864416122e-03
3.909745719283819199e-03
3.909738734364509583e-03
3.909732215106487274e-03
3.909724298864603043e-03
3.909717779606580734e-03
3.909711260348558426e-03
3.909703344106674194e-03
3.909696824848651886e-03
3.909689839929342270e-03
3.909683320671319962e-03
3.909675404429435730e-03
3.909668885171413422e-03
3.909662831574678421e-03
3.909655846655368805e-03
3.909648861736059189e-03
3.909641876816749573e-03
3.909635357558727264e-03
3.909627906978130341e-03
3.909620456397533417e-03
3.909614402800798416e-03
3.909607883542776108e-03
3.909600898623466492e-03
3.909592982381582260e-03
3.909586928784847260e-03
3.909579943865537643e-03
3.909572493284940720e-03
3.909565508365631104e-03
3.909557592123746872e-03
3.909552004188299179e-03
3.909544553607702255e-03
3.909538500010967255e-03
3.909530118107795715e-03
3.909523598849773407e-03
3.909516613930463791e-03
3.909510560333728790e-03
3.909503109753131866e-03
3.909496124833822250e-03
3.909488674253225327e-03
3.909482154995203018e-03
3.909475170075893402e-03
3.909469116479158401e-03
3.909461200237274170e-03
3.909454215317964554e-03
3.909447230398654938e-03
3.909441176801919937e-03
3.909434657543897629e-03
3.909426741302013397e-03
3.909420222043991089e-03
3.909413702785968781e-03
3.909405786544084549e-03
3.909400198608636856e-03
3.909392282366752625e-03
3.909384831786155701e-03
3.909379243850708008e-03
3.909371793270111084e-03
3.909365274012088776e-03
3.909357823431491852e-03
3.909351304173469543e-03
3.909344784915447235e-03
3.909336868673563004e-03
3.909329883754253387e-03
3.909323364496231079e-03
3.909315913915634155e-03
3.909308928996324539e-03
3.909302409738302231e-03
3.909295424818992615e-03
3.909288439899682999e-03
3.909281920641660690e-03
3.909274935722351074e-03
3.909267019480466843e-03
3.909260965883731842e-03
3.909253980964422226e-03
3.909246064722537994e-03
3.909240476787090302e-03
3.909233957529067993e-03
