6.834638305008411407e-03
6.834607105702161789e-03
6.834575440734624863e-03
6.834544241428375244e-03
6.834513042122125626e-03
6.834479514509439468e-03
6.834445986896753311e-03
6.834414787590503693e-03
6.834384985268115997e-03
6.834352854639291763e-03
6.834321655333042145e-03
6.834289524704217911e-03
6.834257394075393677e-03
6.834227126091718674e-03
6.834194995462894440e-03
6.834162864834070206e-03
6.834131665527820587e-03
6.834100931882858276e-03
6.834068335592746735e-03
6.834037136286497116e-03
6.834005936980247498e-03
6.833976134657859802e-03
6.833944004029035568e-03
6.833910942077636719e-03
6.833879742771387100e-03
6.833849474787712097e-03
6.833817344158887863e-03
6.833786144852638245e-03
6.833754014223814011e-03
6.833723280578851700e-03
6.833691615611314774e-03
6.833658553659915924e-03
6.833628285676240921e-03
6.833595223724842072e-03
6.833564024418592453e-03
6.833532825112342834e-03
6.833500694483518600e-03
6.833469495177268982e-03
6.833438761532306671e-03
6.833407562226057053e-03
6.833377294242382050e-03
6.833344232290983200e-03
6.833313964307308197e-03
6.833281833678483963e-03
6.833250634372234344e-03
6.833218503743410110e-03
6.833187304437160492e-03
6.833155639469623566e-03
6.833123974502086639e-03
6.833091843873262405e-03
6.833060644567012787e-03
6.833028979599475861e-03
6.832997314631938934e-03
6.832966580986976624e-03
6.832935381680727005e-03
6.832904648035764694e-03
6.832873448729515076e-03
6.832840852439403534e-03
6.832810118794441223e-03
6.832776591181755066e-03
6.832745391875505447e-03
6.832714192569255829e-03
6.832682993263006210e-03
6.832649931311607361e-03
6.832617800682783127e-03
6.832587998360395432e-03
6.832556333392858505e-03
6.832526531070470810e-03
6.832494400441646576e-03
6.832462269812822342e-03
6.832430139183998108e-03
6.832399871200323105e-03
6.832368671894073486e-03
6.832337006926536560e-03
6.832305807620286942e-03
6.832274608314037323e-03
6.832244340330362320e-03
6.832212209701538086e-03
6.832181476056575775e-03
6.832149345427751541e-03
6.832117680460214615e-03
6.832086015492677689e-03
6.832056213170289993e-03
6.832024548202753067e-03
6.831992417573928833e-03
6.831961683928966522e-03
6.831930484622716904e-03
6.831899285316467285e-03
6.831868086010217667e-03
6.831835955381393433e-03
6.831804756075143814e-03
6.831773556768894196e-03
6.831742823123931885e-03
6.831710226833820343e-03
6.831678561866283417e-03
6.831648293882608414e-03
6.831617560237646103e-03
6.831585895270109177e-03
6.831554230302572250e-03
6.831523030996322632e-03
6.831493228673934937e-03
6.831462029367685318e-03
6.831429898738861084e-03
6.831398233771324158e-03
6.831367500126361847e-03
6.831336300820112228e-03
6.831305101513862610e-03
6.831272970885038376e-03
6.831241771578788757e-03
6.831210106611251831e-03
6.831178441643714905e-03
6.831148639321327209e-03
6.831117440015077591e-03
6.831084378063678741e-03
6.831054110080003738e-03
6.831021979451179504e-03
6.830990780144929886e-03
6.830958649516105652e-03
6.830927450209856033e-03
6.830895785242319107e-03
6.830865517258644104e-03
6.830834783613681793e-03
6.830803584307432175e-03
6.830772385001182556e-03
6.830739788711071014e-03
6.830709055066108704e-03
6.830678787082433701e-03
6.830648053437471390e-03
6.830615922808647156e-03
6.830584723502397537e-03
6.830553989857435226e-03
6.830522324889898300e-03
6.830491591244935989e-03
6.830460391938686371e-03
6.830429658293724060e-03
6.830397993326187134e-03
6.830367259681224823e-03
6.830336991697549820e-03
6.830305326730012894e-03
6.830273661762475967e-03
6.830241996794939041e-03
6.830209400504827499e-03
6.830178666859865189e-03
6.830147467553615570e-03
6.830117665231227875e-03
6.830085534602403641e-03
6.830054335296154022e-03
6.830024067312479019e-03
6.829993333667516708e-03
6.829961203038692474e-03
6.829930935055017471e-03
6.829899735748767853e-03
6.829868536442518234e-03
6.829836871474981308e-03
6.829805672168731689e-03
6.829775869846343994e-03
6.829743739217519760e-03
6.829712539911270142e-03
6.829679943621158600e-03
6.829649209976196289e-03
6.829618010669946671e-03
6.829587742686271667e-03
6.829556077718734741e-03
6.829524412751197815e-03
6.829492747783660889e-03
6.829462479799985886e-03
6.829431280493736267e-03
6.829400081187486649e-03
6.829368416219949722e-03
6.829336751252412796e-03
6.829306017607450485e-03
6.829275283962488174e-03
6.829243618994951248e-03
6.829212885349988937e-03
6.829182617366313934e-03
6.829150486737489700e-03
6.829119753092527390e-03
6.829089485108852386e-03
6.829058285802602768e-03
6.829027552157640457e-03
6.828996352851390839e-03
6.828964222222566605e-03
6.828934419900178909e-03
6.828902289271354675e-03
6.828872486948966980e-03
6.828840821981430054e-03
6.828809157013893127e-03
6.828777957707643509e-03
6.828747689723968506e-03
6.828715559095144272e-03
6.828684359788894653e-03
6.828654557466506958e-03
6.828622426837682724e-03
6.828592624515295029e-03
6.828560493886470795e-03
6.828530691564083099e-03
6.828499492257833481e-03
6.828469689935445786e-03
6.828438024967908859e-03
6.828405894339084625e-03
6.828376557677984238e-03
6.828343961387872696e-03
6.828312762081623077e-03
6.828282028436660767e-03
6.828252226114273071e-03
6.828220561146736145e-03
6.828190758824348450e-03
6.828160956501960754e-03
6.828127894550561905e-03
6.828097626566886902e-03
6.828066427260637283e-03
6.828035693615674973e-03
6.828004494309425354e-03
6.827973760664463043e-03
6.827942095696926117e-03
6.827912759035825729e-03
6.827880628407001495e-03
6.827850360423326492e-03
6.827817764133214951e-03
6.827786099165678024e-03
6.827755831182003021e-03
6.827723700553178787e-03
6.827692966908216476e-03
6.827662698924541473e-03
6.827631965279579163e-03
6.827600765973329544e-03
6.827569566667079926e-03
6.827538367360830307e-03
6.827508565038442612e-03
6.827476434409618378e-03
6.827445235103368759e-03
6.827414035797119141e-03
6.827384233474731445e-03
6.827354431152343750e-03
6.827321834862232208e-03
6.827291101217269897e-03
6.827260367572307587e-03
6.827230099588632584e-03
6.827199365943670273e-03
6.827168166637420654e-03
6.827137898653745651e-03
6.827106699347496033e-03
6.827075034379959106e-03
6.827044766396284103e-03
6.827014032751321793e-03
6.826982833445072174e-03
6.826952565461397171e-03
6.826920900493860245e-03
6.826890632510185242e-03
6.826859433203935623e-03
6.826829630881547928e-03
6.826797500252723694e-03
6.826766766607761383e-03
6.826735567301511765e-03
6.826703436672687531e-03
6.826674100011587143e-03
6.826643366366624832e-03
6.826609838753938675e-03
6.826581433415412903e-03
6.826551165431737900e-03
6.826518103480339050e-03
6.826488301157951355e-03
6.826457101851701736e-03
6.826425902545452118e-03
6.826395634561777115e-03
6.826364900916814804e-03
6.826334167271852493e-03
6.826302967965602875e-03
6.826271768659353256e-03
6.826241500675678253e-03
6.826211698353290558e-03
6.826180964708328247e-03
6.826148368418216705e-03
6.826119031757116318e-03
6.826086435467004776e-03
6.826056633144617081e-03
6.826026365160942078e-03
6.825995631515979767e-03
6.825963500887155533e-03
6.825934629887342453e-03
6.825903430581092834e-03
6.825870368629693985e-03
6.825840100646018982e-03
6.825809367001056671e-03
6.825779099017381668e-03
6.825749296694993973e-03
6.825718097388744354e-03
6.825686432421207428e-03
6.825656164437532425e-03
6.825624965131282806e-03
6.825595162808895111e-03
6.825564429163932800e-03
6.825534161180257797e-03
6.825503427535295486e-03
6.825470831245183945e-03
6.825440097600221634e-03
6.825411226600408554e-03
6.825380492955446243e-03
6.825348827987909317e-03
6.825319025665521622e-03
6.825287826359272003e-03
6.825258024036884308e-03
6.825227290391921997e-03
6.825194694101810455e-03
6.825164891779422760e-03
6.825135089457035065e-03
6.825102958828210831e-03
6.825073156505823135e-03
6.825041957199573517e-03
6.825011223554611206e-03
6.824981886893510818e-03
6.824950221925973892e-03
6.824919953942298889e-03
6.824890151619911194e-03
6.824858952313661575e-03
6.824828218668699265e-03
6.824798416346311569e-03
6.824765820056200027e-03
6.824736017733812332e-03
6.824703887104988098e-03
6.824673619121313095e-03
6.824643816798925400e-03
6.824613083153963089e-03
6.824581883847713470e-03
6.824551615864038467e-03
6.824520882219076157e-03
6.824490148574113846e-03
6.824460811913013458e-03
6.824428681284189224e-03
6.824399344623088837e-03
6.824367679655551910e-03
6.824336946010589600e-03
6.824307143688201904e-03
6.824276875704526901e-03
6.824243813753128052e-03
6.824214011430740356e-03
6.824184209108352661e-03
6.824153941124677658e-03
6.824122741818428040e-03
6.824092008173465729e-03
6.824061740189790726e-03
6.824030075222253799e-03
6.823999807238578796e-03
6.823970936238765717e-03
6.823938805609941483e-03
6.823909003287553787e-03
6.823877803981304169e-03
6.823848001658916473e-03
6.823816802352666855e-03
6.823785603046417236e-03
6.823754869401454926e-03
6.823725067079067230e-03
6.823694799095392227e-03
6.823663134127855301e-03
6.823631934821605682e-03
6.823603063821792603e-03
6.823571864515542984e-03
6.823542993515729904e-03
6.823510862886905670e-03
6.823481526225805283e-03
6.823451258242130280e-03
6.823419127613306046e-03
6.823389325290918350e-03
6.823357194662094116e-03
6.823326926678419113e-03
6.823294796049594879e-03
6.823264528065919876e-03
6.823233794420957565e-03
6.823204923421144485e-03
6.823174189776182175e-03
6.823144387453794479e-03
6.823113188147544861e-03
6.823084317147731781e-03
6.823052186518907547e-03
6.823022384196519852e-03
6.822990253567695618e-03
6.822961382567882538e-03
6.822931114584207535e-03
6.822899449616670609e-03
6.822868250310420990e-03
6.822837051004171371e-03
6.822805851697921753e-03
6.822775118052959442e-03
6.822745315730571747e-03
6.822715047746896744e-03
6.822685245424509048e-03
6.822654046118259430e-03
6.822624243795871735e-03
6.822593044489622116e-03
6.822562310844659805e-03
6.822532042860984802e-03
6.822502706199884415e-03
6.822472438216209412e-03
6.822440307587385178e-03
6.822410505264997482e-03
6.822379305958747864e-03
6.822348572313785553e-03
6.822319235652685165e-03
6.822289433330297470e-03
6.822256371378898621e-03
6.822226569056510925e-03
6.822196301072835922e-03
6.822167430073022842e-03
6.822136696428060532e-03
6.822105497121810913e-03
6.822074297815561295e-03
6.822044961154460907e-03
6.822014693170785904e-03
6.821983959525823593e-03
6.821952760219573975e-03
6.821922957897186279e-03
6.821892689913511276e-03
6.821861956268548965e-03
6.821833085268735886e-03
6.821801885962486267e-03
6.821771152317523956e-03
6.821740884333848953e-03
6.821710150688886642e-03
6.821680348366498947e-03
6.821649149060249329e-03
6.821619346737861633e-03
6.821589544415473938e-03
6.821559276431798935e-03
6.821528542786836624e-03
6.821496412158012390e-03
6.821466144174337387e-03
6.821437273174524307e-03
6.821407936513423920e-03
6.821376737207174301e-03
6.821346469223499298e-03
6.821315735578536987e-03
6.821285467594861984e-03
6.821254733949899673e-03
6.821224931627511978e-03
6.821193732321262360e-03
6.821163929998874664e-03
6.821132730692625046e-03
6.821101531386375427e-03
6.821072194725275040e-03
6.821043323725461960e-03
6.821012124419212341e-03
6.820981390774250031e-03
6.820951122790575027e-03
6.820920389145612717e-03
6.820890121161937714e-03
6.820859387516975403e-03
6.820829585194587708e-03
6.820800714194774628e-03
6.820769514888525009e-03
6.820738315582275391e-03
6.820709444582462311e-03
6.820677779614925385e-03
6.820648908615112305e-03
6.820617709308862686e-03
6.820587906986474991e-03
6.820558104664087296e-03
6.820528302341699600e-03
6.820497103035449982e-03
6.820466835051774979e-03
6.820435170084238052e-03
6.820405367761850357e-03
6.820375099778175354e-03
6.820344366133213043e-03
6.820313166826963425e-03
6.820283364504575729e-03
6.820254493504762650e-03
6.820224225521087646e-03
6.820192560553550720e-03
6.820163689553737640e-03
6.820132490247488022e-03
6.820102687925100327e-03
6.820071954280138016e-03
6.820042617619037628e-03
6.820010486990213394e-03
6.819981615990400314e-03
6.819949951022863388e-03
6.819922011345624924e-03
6.819890812039375305e-03
6.819859147071838379e-03
6.819830276072025299e-03
6.819798145443201065e-03
6.819768343120813370e-03
6.819738075137138367e-03
6.819706875830888748e-03
6.819677073508501053e-03
6.819647271186113358e-03
6.819618400186300278e-03
6.819585338234901428e-03
6.819555535912513733e-03
6.819525733590126038e-03
6.819494534283876419e-03
6.819464731961488724e-03
6.819434929639101028e-03
6.819404661655426025e-03
6.819373928010463715e-03
6.819344125688076019e-03
6.819314789026975632e-03
6.819284055382013321e-03
6.819253321737051010e-03
6.819223985075950623e-03
