1.286284299567341805e-03
1.286282669752836227e-03
1.286280807107686996e-03
1.286278944462537766e-03
1.286276965402066708e-03
1.286274869926273823e-03
1.286273123696446419e-03
1.286270911805331707e-03
1.286269049160182476e-03
1.286267070099711418e-03
1.286265207454562187e-03
1.286263228394091129e-03
1.286261016502976418e-03
1.286259503103792667e-03
1.286257291212677956e-03
1.286255079321563244e-03
1.286253449507057667e-03
1.286251354031264782e-03
1.286249724216759205e-03
1.286247395910322666e-03
1.286245416849851608e-03
1.286243903450667858e-03
1.286241924390196800e-03
1.286239945329725742e-03
1.286238199099898338e-03
1.286236103624105453e-03
1.286234240978956223e-03
1.286232145503163338e-03
1.286230166442692280e-03
1.286228420212864876e-03
1.286226208321750164e-03
1.286224345676600933e-03
1.286222366616129875e-03
1.286220271140336990e-03
1.286218641325831413e-03
1.286216545850038528e-03
1.286214799620211124e-03
1.286213169805705547e-03
1.286210841499269009e-03
1.286209211684763432e-03
1.286207349039614201e-03
1.286205253563821316e-03
1.286203623749315739e-03
1.286201761104166508e-03
1.286199549213051796e-03
1.286197802983224392e-03
1.286195823922753334e-03
1.286193612031638622e-03
1.286191982217133045e-03
1.286189770326018333e-03
1.286188140511512756e-03
1.286186161451041698e-03
1.286183833144605160e-03
1.286181970499455929e-03
1.286179642193019390e-03
1.286177779547870159e-03
1.286175800487399101e-03
1.286173588596284389e-03
1.286171725951135159e-03
1.286169979721307755e-03
1.286167884245514870e-03
1.286166138015687466e-03
1.286164275370538235e-03
1.286162296310067177e-03
1.286160550080239773e-03
1.286157988943159580e-03
1.286156708374619484e-03
1.286154380068182945e-03
1.286152284592390060e-03
1.286150887608528137e-03
1.286148442886769772e-03
1.286147162318229675e-03
1.286145066842436790e-03
1.286142971366643906e-03
1.286140992306172848e-03
1.286139246076345444e-03
1.286137034185230732e-03
1.286135171540081501e-03
1.286133308894932270e-03
1.286131446249783039e-03
1.286129467189311981e-03
1.286127488128840923e-03
1.286125741899013519e-03
1.286123413592576981e-03
1.286121550947427750e-03
1.286119804717600346e-03
1.286117709241807461e-03
1.286116079427301884e-03
1.286113983951508999e-03
1.286112121306359768e-03
1.286110258661210537e-03
1.286108163185417652e-03
1.286106533370912075e-03
1.286104670725762844e-03
1.286102691665291786e-03
1.286100712604820728e-03
1.286098500713706017e-03
1.286096754483878613e-03
1.286094775423407555e-03
1.286092912778258324e-03
1.286090933717787266e-03
1.286088954657316208e-03
1.286087092012166977e-03
1.286085112951695919e-03
1.286083483137190342e-03
1.286081271246075630e-03
1.286079292185604572e-03
1.286077545955777168e-03
1.286075450479984283e-03
1.286073355004191399e-03
1.286071841605007648e-03
1.286069629713892937e-03
1.286067534238100052e-03
1.286065904423594475e-03
1.286063576117157936e-03
1.286061713472008705e-03
1.286059967242181301e-03
1.286057871766388416e-03
1.286055892705917358e-03
1.286054146476089954e-03
1.286052051000297070e-03
1.286050071939826012e-03
1.286048325709998608e-03
1.286046463064849377e-03
1.286044716835021973e-03
1.286042621359229088e-03
1.286040642298758030e-03
1.286038546822965145e-03
1.286036567762494087e-03
1.286034472286701202e-03
1.286032958887517452e-03
1.286031096242368221e-03
1.286028767935931683e-03
1.286027021706104279e-03
1.286025159060955048e-03
1.286022830754518509e-03
1.286021200940012932e-03
1.286018989048898220e-03
1.286017475649714470e-03
1.286015496589243412e-03
1.286013284698128700e-03
1.286011538468301296e-03
1.286009792238473892e-03
1.286007696762681007e-03
1.286005601286888123e-03
1.286003738641738892e-03
1.286001875996589661e-03
1.286000246182084084e-03
1.285997917875647545e-03
1.285996404476463795e-03
1.285994541831314564e-03
1.285992213524878025e-03
1.285990234464406967e-03
1.285988604649901390e-03
1.285986858420073986e-03
1.285984180867671967e-03
1.285982667468488216e-03
1.285980571992695332e-03
1.285978243686258793e-03
1.285976730287075043e-03
1.285974751226603985e-03
1.285972888581454754e-03
1.285971025936305523e-03
1.285968930460512638e-03
1.285966834984719753e-03
1.285965205170214176e-03
1.285962993279099464e-03
1.285961014218628407e-03
1.285959267988801003e-03
1.285957288928329945e-03
1.285955542698502541e-03
1.285953680053353310e-03
1.285951933823525906e-03
1.285949605517089367e-03
1.285947975702583790e-03
1.285945763811469078e-03
1.285943901166319847e-03
1.285942038521170616e-03
1.285940292291343212e-03
1.285938196815550327e-03
1.285936450585722923e-03
1.285934355109930038e-03
1.285933074541389942e-03
1.285930862650275230e-03
1.285928650759160519e-03
1.285927137359976768e-03
1.285925041884183884e-03
1.285923412069678307e-03
1.285921316593885422e-03
1.285919221118092537e-03
1.285917707718908787e-03
1.285915495827794075e-03
1.285913167521357536e-03
1.285911654122173786e-03
1.285909675061702728e-03
1.285907696001231670e-03
1.285905949771404266e-03
1.285903737880289555e-03
1.285902108065783978e-03
1.285899663344025612e-03
1.285897917114198208e-03
1.285895938053727150e-03
1.285893726162612438e-03
1.285891863517463207e-03
1.285889535211026669e-03
1.285887788981199265e-03
1.285886042751371861e-03
1.285883947275578976e-03
1.285882201045751572e-03
1.285880338400602341e-03
1.285878242924809456e-03
1.285876496694982052e-03
1.285874517634510994e-03
1.285872654989361763e-03
1.285870792344212532e-03
1.285868464037775993e-03
1.285866834223270416e-03
1.285864855162799358e-03
1.285863225348293781e-03
1.285861013457179070e-03
1.285859383642673492e-03
1.285857520997524261e-03
1.285855309106409550e-03
1.285853213630616665e-03
1.285851583816111088e-03
1.285849488340318203e-03
1.285847625695168972e-03
1.285845879465341568e-03
1.285843783989548683e-03
1.285841921344399452e-03
1.285839942283928394e-03
1.285838079638779163e-03
1.285836216993629932e-03
1.285834354348480701e-03
1.285832258872687817e-03
1.285830512642860413e-03
1.285828533582389355e-03
1.285826438106596470e-03
1.285824575461447239e-03
1.285822596400976181e-03
1.285820733755826950e-03
1.285818754695355892e-03
1.285817008465528488e-03
1.285815378651022911e-03
1.285813050344586372e-03
1.285811187699437141e-03
1.285809557884931564e-03
1.285807462409138680e-03
1.285805599763989449e-03
1.285803620703518391e-03
1.285801758058369160e-03
1.285799662582576275e-03
1.285797799937427044e-03
1.285795937292277813e-03
1.285794191062450409e-03
1.285792444832623005e-03
1.285790000110864639e-03
1.285788253881037235e-03
1.285786507651209831e-03
1.285784412175416946e-03
1.285782549530267715e-03
1.285780686885118484e-03
1.285778707824647427e-03
1.285776379518210888e-03
1.285774866119027138e-03
1.285772770643234253e-03
1.285771024413406849e-03
1.285769394598901272e-03
1.285766833461821079e-03
1.285764970816671848e-03
1.285763341002166271e-03
1.285761478357017040e-03
1.285759266465902328e-03
1.285757170990109444e-03
1.285755308344960213e-03
1.285753562115132809e-03
1.285751466639339924e-03
1.285749487578868866e-03
1.285747508518397808e-03
1.285745413042604923e-03
1.285743666812777519e-03
1.285741804167628288e-03
1.285739941522479057e-03
1.285737962462007999e-03
1.285735983401536942e-03
1.285734004341065884e-03
1.285732025280594826e-03
1.285730395466089249e-03
1.285728416405618191e-03
1.285726670175790787e-03
1.285724691115319729e-03
1.285722362808883190e-03
1.285720849409699440e-03
1.285718870349228382e-03
1.285717007704079151e-03
1.285715145058929920e-03
1.285713049583137035e-03
1.285710954107344151e-03
1.285709440708160400e-03
1.285707461647689342e-03
1.285705366171896458e-03
1.285703503526747227e-03
1.285701524466276169e-03
1.285699545405805111e-03
1.285697799175977707e-03
1.285695703700184822e-03
1.285693608224391937e-03
1.285692211240530014e-03
1.285689882934093475e-03
1.285688253119587898e-03
1.285686157643795013e-03
1.285684062168002129e-03
1.285682548768818378e-03
1.285680336877703667e-03
1.285678474232554436e-03
1.285676495172083378e-03
1.285674632526934147e-03
1.285672653466463089e-03
1.285670907236635685e-03
1.285669161006808281e-03
1.285667181946337223e-03
1.285665319301187992e-03
1.285663340240716934e-03
1.285661477595567703e-03
1.285659731365740299e-03
1.285657635889947414e-03
1.285655889660120010e-03
1.285653910599648952e-03
1.285651931539177895e-03
1.285650185309350491e-03
1.285647857002913952e-03
1.285646110773086548e-03
1.285644015297293663e-03
1.285641803406178951e-03
1.285640290006995201e-03
1.285638194531202316e-03
1.285636099055409431e-03
1.285634236410260201e-03
1.285632257349789143e-03
1.285630278289318085e-03
1.285628415644168854e-03
1.285626785829663277e-03
1.285624690353870392e-03
1.285622594878077507e-03
1.285621197894215584e-03
1.285618869587779045e-03
1.285617239773273468e-03
1.285615377128124237e-03
1.285613281652331352e-03
1.285611419007182121e-03
1.285609439946711063e-03
1.285607344470918179e-03
1.285605481825768948e-03
1.285603852011263371e-03
1.285601872950792313e-03
1.285599893890321255e-03
1.285597914829850197e-03
1.285596285015344620e-03
1.285594189539551735e-03
1.285592443309724331e-03
1.285590231418609619e-03
1.285588252358138561e-03
1.285586971789598465e-03
1.285584410652518272e-03
1.285582664422690868e-03
1.285580685362219810e-03
1.285578939132392406e-03
1.285576960071921349e-03
1.285574981011450291e-03
1.285573234781622887e-03
1.285571139305830002e-03
1.285569043830037117e-03
1.285567181184887886e-03
1.285565784201025963e-03
1.285563223063945770e-03
1.285561826080083847e-03
1.285559614188969135e-03
1.285557518713176250e-03
1.285555888898670673e-03
1.285553677007555962e-03
1.285552163608372211e-03
1.285550068132579327e-03
1.285547856241464615e-03
1.285546226426959038e-03
1.285544363781809807e-03
1.285542501136660576e-03
1.285540522076189518e-03
1.285538775846362114e-03
1.285536563955247402e-03
1.285534817725419998e-03
1.285532955080270767e-03
1.285531092435121536e-03
1.285528996959328651e-03
1.285527250729501247e-03
1.285525271669030190e-03
1.285523409023880959e-03
1.285521662794053555e-03
1.285519334487617016e-03
1.285517821088433266e-03
1.285515842027962208e-03
1.285513630136847496e-03
1.285512116737663746e-03
1.285510021261870861e-03
1.285508158616721630e-03
1.285506063140928745e-03
1.285504433326423168e-03
1.285502337850630283e-03
1.285500708036124706e-03
1.285498379729688168e-03
1.285496749915182590e-03
1.285494887270033360e-03
1.285492908209562302e-03
1.285490929149091244e-03
1.285489182919263840e-03
1.285487203858792782e-03
1.285485457628965378e-03
1.285483594983816147e-03
1.285481499508023262e-03
1.285479404032230377e-03
1.285477774217724800e-03
1.285475678741931915e-03
1.285474048927426338e-03
1.285471953451633453e-03
1.285469741560518742e-03
1.285468228161334991e-03
1.285465899854898453e-03
1.285463920794427395e-03
1.285461941733956337e-03
1.285460195504128933e-03
1.285458216443657875e-03
1.285456353798508644e-03
1.285454491153359413e-03
1.285452512092888355e-03
1.285450882278382778e-03
1.285448786802589893e-03
1.285447040572762489e-03
1.285444828681647778e-03
1.285442966036498547e-03
1.285441336221992970e-03
1.285439473576843739e-03
1.285437261685729027e-03
1.285435631871223450e-03
1.285433536395430565e-03
1.285431557334959507e-03
1.285429811105132103e-03
1.285427599214017391e-03
1.285426085814833641e-03
1.285423990339040756e-03
1.285422360524535179e-03
1.285420265048742294e-03
1.285418169572949409e-03
1.285416656173765659e-03
1.285414444282650948e-03
1.285412814468145370e-03
1.285410718992352486e-03
1.285409089177846909e-03
1.285407110117375851e-03
1.285405247472226620e-03
1.285403151996433735e-03
1.285401289351284504e-03
1.285399310290813446e-03
1.285397564060986042e-03
1.285395701415836811e-03
1.285393722355365753e-03
1.285391859710216522e-03
1.285389647819101810e-03
1.285388367250561714e-03
1.285386038944125175e-03
1.285384176298975945e-03
1.285382313653826714e-03
1.285380567423999310e-03
1.285378588363528252e-03
1.285376492887735367e-03
1.285374630242586136e-03
1.285372534766793251e-03
1.285371137782931328e-03
1.285368809476494789e-03
1.285366597585380077e-03
1.285364967770874500e-03
1.285362755879759789e-03
1.285361242480576038e-03
1.285358914174139500e-03
1.285357051528990269e-03
1.285355421714484692e-03
1.285353326238691807e-03
1.285352045670151711e-03
1.285349600948393345e-03
1.285347854718565941e-03
1.285345992073416710e-03
1.285343896597623825e-03
1.285342150367796421e-03
1.285340171307325363e-03
1.285338075831532478e-03
1.285335980355739594e-03
1.285334234125912189e-03
1.285332255065441132e-03
1.285330392420291901e-03
1.285328180529177189e-03
1.285327016375958920e-03
1.285324688069522381e-03
