2.441090792417526245e-01
2.441090792417526245e-01
2.441090643405914307e-01
2.441090643405914307e-01
2.441090643405914307e-01
2.441090643405914307e-01
2.441090345382690430e-01
2.441090047359466553e-01
2.441090047359466553e-01
2.441090047359466553e-01
2.441089898347854614e-01
2.441089898347854614e-01
2.441089898347854614e-01
2.441089600324630737e-01
2.441090047359466553e-01
2.441089898347854614e-01
2.441090047359466553e-01
2.441089898347854614e-01
2.441089898347854614e-01
2.441089600324630737e-01
2.441089600324630737e-01
2.441089302301406860e-01
2.441089898347854614e-01
2.441089600324630737e-01
2.441089600324630737e-01
2.441089302301406860e-01
2.441089153289794922e-01
2.441089302301406860e-01
2.441088855266571045e-01
2.441089153289794922e-01
2.441088855266571045e-01
2.441088408231735229e-01
2.441088855266571045e-01
2.441088557243347168e-01
2.441088408231735229e-01
2.441088110208511353e-01
2.441088408231735229e-01
2.441088557243347168e-01
2.441088408231735229e-01
2.441088408231735229e-01
2.441088408231735229e-01
2.441088408231735229e-01
2.441088110208511353e-01
2.441088408231735229e-01
2.441088110208511353e-01
2.441088408231735229e-01
2.441087961196899414e-01
2.441087663173675537e-01
2.441087663173675537e-01
2.441087961196899414e-01
2.441087365150451660e-01
2.441087365150451660e-01
2.441087365150451660e-01
2.441087216138839722e-01
2.441087365150451660e-01
2.441087365150451660e-01
2.441087216138839722e-01
2.441087365150451660e-01
2.441086918115615845e-01
2.441087216138839722e-01
2.441086918115615845e-01
2.441086918115615845e-01
2.441087216138839722e-01
2.441086918115615845e-01
2.441086918115615845e-01
2.441086620092391968e-01
2.441086620092391968e-01
2.441086471080780029e-01
2.441086471080780029e-01
2.441086471080780029e-01
2.441086173057556152e-01
2.441086173057556152e-01
2.441086471080780029e-01
2.441086471080780029e-01
2.441086471080780029e-01
2.441086471080780029e-01
2.441085875034332275e-01
2.441086173057556152e-01
2.441085875034332275e-01
2.441085875034332275e-01
2.441085726022720337e-01
2.441085726022720337e-01
2.441085427999496460e-01
2.441085427999496460e-01
2.441085427999496460e-01
2.441085278987884521e-01
2.441085278987884521e-01
2.441085278987884521e-01
2.441085278987884521e-01
2.441085278987884521e-01
2.441084980964660645e-01
2.441085278987884521e-01
2.441084980964660645e-01
2.441085278987884521e-01
2.441084980964660645e-01
2.441084980964660645e-01
2.441084682941436768e-01
2.441084980964660645e-01
2.441084980964660645e-01
2.441084533929824829e-01
2.441084682941436768e-01
2.441084533929824829e-01
2.441084235906600952e-01
2.441084235906600952e-01
2.441084235906600952e-01
2.441084533929824829e-01
2.441084682941436768e-01
2.441084533929824829e-01
2.441084235906600952e-01
2.441084235906600952e-01
2.441083937883377075e-01
2.441083937883377075e-01
2.441084235906600952e-01
2.441083937883377075e-01
2.441083937883377075e-01
2.441083788871765137e-01
2.441083788871765137e-01
2.441083937883377075e-01
2.441083490848541260e-01
2.441083490848541260e-01
2.441083192825317383e-01
2.441083490848541260e-01
2.441083490848541260e-01
2.441083788871765137e-01
2.441083490848541260e-01
2.441083192825317383e-01
2.441083043813705444e-01
2.441083490848541260e-01
2.441083043813705444e-01
2.441083192825317383e-01
2.441082745790481567e-01
2.441083043813705444e-01
2.441083043813705444e-01
2.441082745790481567e-01
2.441082447767257690e-01
2.441082447767257690e-01
2.441082447767257690e-01
2.441082745790481567e-01
2.441082447767257690e-01
2.441082298755645752e-01
2.441082298755645752e-01
2.441082298755645752e-01
2.441082298755645752e-01
2.441082298755645752e-01
2.441082000732421875e-01
2.441082000732421875e-01
2.441082000732421875e-01
2.441081851720809937e-01
2.441081255674362183e-01
2.441081553697586060e-01
2.441081553697586060e-01
2.441081851720809937e-01
2.441081553697586060e-01
2.441081851720809937e-01
2.441081553697586060e-01
2.441081851720809937e-01
2.441081255674362183e-01
2.441081553697586060e-01
2.441081553697586060e-01
2.441081553697586060e-01
2.441081553697586060e-01
2.441081255674362183e-01
2.441081106662750244e-01
2.441081106662750244e-01
2.441081255674362183e-01
2.441081255674362183e-01
2.441081106662750244e-01
2.441080808639526367e-01
2.441081106662750244e-01
2.441080808639526367e-01
2.441080808639526367e-01
2.441081106662750244e-01
2.441080510616302490e-01
2.441080063581466675e-01
2.441080510616302490e-01
2.441080510616302490e-01
2.441080361604690552e-01
2.441080361604690552e-01
2.441080361604690552e-01
2.441080063581466675e-01
2.441080063581466675e-01
2.441080063581466675e-01
2.441080510616302490e-01
2.441080510616302490e-01
2.441080063581466675e-01
2.441080063581466675e-01
2.441080063581466675e-01
2.441079765558242798e-01
2.441079765558242798e-01
2.441079616546630859e-01
2.441079616546630859e-01
2.441079616546630859e-01
2.441079616546630859e-01
2.441079616546630859e-01
2.441078871488571167e-01
2.441078871488571167e-01
2.441078871488571167e-01
2.441079169511795044e-01
2.441079169511795044e-01
2.441078871488571167e-01
2.441079169511795044e-01
2.441079169511795044e-01
2.441079169511795044e-01
2.441078871488571167e-01
2.441078871488571167e-01
2.441078871488571167e-01
2.441078424453735352e-01
2.441078424453735352e-01
2.441078871488571167e-01
2.441078424453735352e-01
2.441078126430511475e-01
2.441078126430511475e-01
2.441078126430511475e-01
2.441077828407287598e-01
2.441077828407287598e-01
2.441077828407287598e-01
2.441077828407287598e-01
2.441077679395675659e-01
2.441077381372451782e-01
2.441077679395675659e-01
2.441077828407287598e-01
2.441077679395675659e-01
2.441077381372451782e-01
2.441077083349227905e-01
2.441077381372451782e-01
2.441077083349227905e-01
2.441077381372451782e-01
2.441077381372451782e-01
2.441077381372451782e-01
2.441077083349227905e-01
2.441077083349227905e-01
2.441077083349227905e-01
2.441076934337615967e-01
2.441076636314392090e-01
2.441076636314392090e-01
2.441076636314392090e-01
2.441076636314392090e-01
2.441076636314392090e-01
2.441076487302780151e-01
2.441076487302780151e-01
2.441076487302780151e-01
2.441076487302780151e-01
2.441076487302780151e-01
2.441076189279556274e-01
2.441076189279556274e-01
2.441076189279556274e-01
2.441076189279556274e-01
2.441075891256332397e-01
2.441076487302780151e-01
2.441076189279556274e-01
2.441076487302780151e-01
2.441076189279556274e-01
2.441075444221496582e-01
2.441075891256332397e-01
2.441075742244720459e-01
2.441075444221496582e-01
2.441075742244720459e-01
2.441075742244720459e-01
2.441075891256332397e-01
2.441075444221496582e-01
2.441075444221496582e-01
2.441075444221496582e-01
2.441075444221496582e-01
2.441075146198272705e-01
2.441075146198272705e-01
2.441074997186660767e-01
2.441075146198272705e-01
2.441074997186660767e-01
2.441075146198272705e-01
2.441074699163436890e-01
2.441074699163436890e-01
2.441074401140213013e-01
2.441074699163436890e-01
2.441074401140213013e-01
2.441074252128601074e-01
2.441073954105377197e-01
2.441074252128601074e-01
2.441074252128601074e-01
2.441073954105377197e-01
2.441073954105377197e-01
2.441074252128601074e-01
2.441073954105377197e-01
2.441073954105377197e-01
2.441074252128601074e-01
2.441073656082153320e-01
2.441074401140213013e-01
2.441074252128601074e-01
2.441073656082153320e-01
2.441073656082153320e-01
2.441073656082153320e-01
2.441073507070541382e-01
2.441073656082153320e-01
2.441073656082153320e-01
2.441073507070541382e-01
2.441073209047317505e-01
2.441073656082153320e-01
2.441073209047317505e-01
2.441073507070541382e-01
2.441073060035705566e-01
2.441073060035705566e-01
2.441073209047317505e-01
2.441073060035705566e-01
2.441073209047317505e-01
2.441072762012481689e-01
2.441072762012481689e-01
2.441072762012481689e-01
2.441073060035705566e-01
2.441072762012481689e-01
2.441072314977645874e-01
2.441072016954421997e-01
2.441072314977645874e-01
2.441072016954421997e-01
2.441072016954421997e-01
2.441072314977645874e-01
2.441072016954421997e-01
2.441072016954421997e-01
2.441072016954421997e-01
2.441072314977645874e-01
2.441072314977645874e-01
2.441072016954421997e-01
2.441072016954421997e-01
2.441071718931198120e-01
2.441071718931198120e-01
2.441072016954421997e-01
2.441071569919586182e-01
2.441071718931198120e-01
2.441071718931198120e-01
2.441071271896362305e-01
2.441070973873138428e-01
2.441071271896362305e-01
2.441071271896362305e-01
2.441071271896362305e-01
2.441070973873138428e-01
2.441070973873138428e-01
2.441070824861526489e-01
2.441070824861526489e-01
2.441070824861526489e-01
2.441070824861526489e-01
2.441070824861526489e-01
2.441070824861526489e-01
2.441070526838302612e-01
2.441070526838302612e-01
2.441070377826690674e-01
2.441070079803466797e-01
2.441070079803466797e-01
2.441070079803466797e-01
2.441070079803466797e-01
2.441070377826690674e-01
2.441070377826690674e-01
2.441070079803466797e-01
2.441069781780242920e-01
2.441069781780242920e-01
2.441069781780242920e-01
2.441069781780242920e-01
2.441069334745407104e-01
2.441069632768630981e-01
2.441069781780242920e-01
2.441069781780242920e-01
2.441069632768630981e-01
2.441069781780242920e-01
2.441069781780242920e-01
2.441069632768630981e-01
2.441069632768630981e-01
2.441069334745407104e-01
2.441069334745407104e-01
2.441069334745407104e-01
2.441069036722183228e-01
2.441069036722183228e-01
2.441069036722183228e-01
2.441068887710571289e-01
2.441068887710571289e-01
2.441068887710571289e-01
2.441068589687347412e-01
2.441068887710571289e-01
2.441068887710571289e-01
2.441068291664123535e-01
2.441068291664123535e-01
2.441068291664123535e-01
2.441068291664123535e-01
2.441068589687347412e-01
2.441068887710571289e-01
2.441068589687347412e-01
2.441067844629287720e-01
2.441068142652511597e-01
2.441068142652511597e-01
2.441068142652511597e-01
2.441067844629287720e-01
2.441068142652511597e-01
2.441068142652511597e-01
2.441068142652511597e-01
2.441067844629287720e-01
2.441067397594451904e-01
2.441067695617675781e-01
2.441067695617675781e-01
2.441067397594451904e-01
2.441067397594451904e-01
2.441067397594451904e-01
2.441067397594451904e-01
2.441067397594451904e-01
2.441067099571228027e-01
2.441066950559616089e-01
2.441066950559616089e-01
2.441066950559616089e-01
2.441067397594451904e-01
2.441067099571228027e-01
2.441066950559616089e-01
2.441066950559616089e-01
2.441066950559616089e-01
2.441067099571228027e-01
2.441066950559616089e-01
2.441066652536392212e-01
2.441066652536392212e-01
2.441066354513168335e-01
2.441066205501556396e-01
2.441066354513168335e-01
2.441066354513168335e-01
2.441066354513168335e-01
2.441066354513168335e-01
2.441066205501556396e-01
2.441066652536392212e-01
2.441066205501556396e-01
2.441065907478332520e-01
2.441065609455108643e-01
2.441065907478332520e-01
2.441065907478332520e-01
2.441065609455108643e-01
2.441066205501556396e-01
2.441065907478332520e-01
2.441065907478332520e-01
2.441065460443496704e-01
2.441065460443496704e-01
2.441065460443496704e-01
2.441065460443496704e-01
2.441065609455108643e-01
2.441065460443496704e-01
2.441065162420272827e-01
2.441065162420272827e-01
2.441065162420272827e-01
2.441065013408660889e-01
2.441065013408660889e-01
2.441065013408660889e-01
2.441064715385437012e-01
2.441065013408660889e-01
2.441064715385437012e-01
2.441064268350601196e-01
2.441064268350601196e-01
2.441064417362213135e-01
2.441064417362213135e-01
2.441064417362213135e-01
2.441064268350601196e-01
2.441063970327377319e-01
2.441064417362213135e-01
2.441064417362213135e-01
2.441064417362213135e-01
2.441064268350601196e-01
2.441063970327377319e-01
2.441063970327377319e-01
2.441063970327377319e-01
2.441063970327377319e-01
2.441063523292541504e-01
2.441063672304153442e-01
2.441062927246093750e-01
2.441062927246093750e-01
2.441063225269317627e-01
2.441063225269317627e-01
2.441063225269317627e-01
2.441063523292541504e-01
2.441063523292541504e-01
2.441063523292541504e-01
2.441063523292541504e-01
2.441063225269317627e-01
2.441062927246093750e-01
2.441062927246093750e-01
2.441062778234481812e-01
2.441062778234481812e-01
2.441062182188034058e-01
2.441062480211257935e-01
2.441062480211257935e-01
2.441062480211257935e-01
2.441062480211257935e-01
2.441062778234481812e-01
2.441062480211257935e-01
2.441062182188034058e-01
2.441062182188034058e-01
2.441062480211257935e-01
2.441062182188034058e-01
2.441062182188034058e-01
2.441062182188034058e-01
2.441062182188034058e-01
2.441061735153198242e-01
2.441061735153198242e-01
2.441061288118362427e-01
2.441061735153198242e-01
2.441061586141586304e-01
2.441061586141586304e-01
2.441062033176422119e-01
2.441061735153198242e-01
2.441061586141586304e-01
2.441061288118362427e-01
2.441061288118362427e-01
