2.348257154226303101e-01
2.348256856203079224e-01
2.348256856203079224e-01
2.348256558179855347e-01
2.348256558179855347e-01
2.348256558179855347e-01
2.348256409168243408e-01
2.348256409168243408e-01
2.348256111145019531e-01
2.348256111145019531e-01
2.348256111145019531e-01
2.348255664110183716e-01
2.348255664110183716e-01
2.348255068063735962e-01
2.348255068063735962e-01
2.348255068063735962e-01
2.348255068063735962e-01
2.348255068063735962e-01
2.348254621028900146e-01
2.348254919052124023e-01
2.348254919052124023e-01
2.348254621028900146e-01
2.348254621028900146e-01
2.348254621028900146e-01
2.348254621028900146e-01
2.348254173994064331e-01
2.348254173994064331e-01
2.348254173994064331e-01
2.348254173994064331e-01
2.348254173994064331e-01
2.348253726959228516e-01
2.348253428936004639e-01
2.348253428936004639e-01
2.348253428936004639e-01
2.348253428936004639e-01
2.348253428936004639e-01
2.348252981901168823e-01
2.348252981901168823e-01
2.348252385854721069e-01
2.348252385854721069e-01
2.348252683877944946e-01
2.348252236843109131e-01
2.348252385854721069e-01
2.348252385854721069e-01
2.348252236843109131e-01
2.348252385854721069e-01
2.348251938819885254e-01
2.348251640796661377e-01
2.348252236843109131e-01
2.348251938819885254e-01
2.348251640796661377e-01
2.348251491785049438e-01
2.348251044750213623e-01
2.348251193761825562e-01
2.348251193761825562e-01
2.348250746726989746e-01
2.348250746726989746e-01
2.348250448703765869e-01
2.348250448703765869e-01
2.348250746726989746e-01
2.348250448703765869e-01
2.348250448703765869e-01
2.348250001668930054e-01
2.348250001668930054e-01
2.348250001668930054e-01
2.348250001668930054e-01
2.348249554634094238e-01
2.348249554634094238e-01
2.348249554634094238e-01
2.348249703645706177e-01
2.348249703645706177e-01
2.348249256610870361e-01
2.348249554634094238e-01
2.348248958587646484e-01
2.348248809576034546e-01
2.348248958587646484e-01
2.348248511552810669e-01
2.348248511552810669e-01
2.348248511552810669e-01
2.348248064517974854e-01
2.348248362541198730e-01
2.348248064517974854e-01
2.348248511552810669e-01
2.348248511552810669e-01
2.348248064517974854e-01
2.348248362541198730e-01
2.348248064517974854e-01
2.348247766494750977e-01
2.348247617483139038e-01
2.348247021436691284e-01
2.348247319459915161e-01
2.348247617483139038e-01
2.348247021436691284e-01
2.348247021436691284e-01
2.348246574401855469e-01
2.348246574401855469e-01
2.348246574401855469e-01
2.348246276378631592e-01
2.348246127367019653e-01
2.348246127367019653e-01
2.348246127367019653e-01
2.348245829343795776e-01
2.348246127367019653e-01
2.348245829343795776e-01
2.348245829343795776e-01
2.348245531320571899e-01
2.348245531320571899e-01
2.348245382308959961e-01
2.348245382308959961e-01
2.348245382308959961e-01
2.348245382308959961e-01
2.348244935274124146e-01
2.348245084285736084e-01
2.348244637250900269e-01
2.348245084285736084e-01
2.348245084285736084e-01
2.348244637250900269e-01
2.348244637250900269e-01
2.348244637250900269e-01
2.348244339227676392e-01
2.348244637250900269e-01
2.348244190216064453e-01
2.348244190216064453e-01
2.348243594169616699e-01
2.348243594169616699e-01
2.348243594169616699e-01
2.348243594169616699e-01
2.348242849111557007e-01
2.348243445158004761e-01
2.348243147134780884e-01
2.348242849111557007e-01
2.348243147134780884e-01
2.348243147134780884e-01
2.348242700099945068e-01
2.348242700099945068e-01
2.348242700099945068e-01
2.348242700099945068e-01
2.348242253065109253e-01
2.348242253065109253e-01
2.348242253065109253e-01
2.348241955041885376e-01
2.348241955041885376e-01
2.348241955041885376e-01
2.348241508007049561e-01
2.348241508007049561e-01
2.348241508007049561e-01
2.348241209983825684e-01
2.348240911960601807e-01
2.348240762948989868e-01
2.348240762948989868e-01
2.348240762948989868e-01
2.348240762948989868e-01
2.348240911960601807e-01
2.348240762948989868e-01
2.348240762948989868e-01
2.348240762948989868e-01
2.348240464925765991e-01
2.348240464925765991e-01
2.348240166902542114e-01
2.348240166902542114e-01
2.348239719867706299e-01
2.348239719867706299e-01
2.348239719867706299e-01
2.348239719867706299e-01
2.348239719867706299e-01
2.348239570856094360e-01
2.348239272832870483e-01
2.348239272832870483e-01
2.348239272832870483e-01
2.348238974809646606e-01
2.348238974809646606e-01
2.348238825798034668e-01
2.348238527774810791e-01
2.348238527774810791e-01
2.348238527774810791e-01
2.348238527774810791e-01
2.348237782716751099e-01
2.348238229751586914e-01
2.348238229751586914e-01
2.348237782716751099e-01
2.348237782716751099e-01
2.348237335681915283e-01
2.348237484693527222e-01
2.348237484693527222e-01
2.348237335681915283e-01
2.348237782716751099e-01
2.348237335681915283e-01
2.348237484693527222e-01
2.348237037658691406e-01
2.348237335681915283e-01
2.348236888647079468e-01
2.348236888647079468e-01
2.348236590623855591e-01
2.348236292600631714e-01
2.348236292600631714e-01
2.348236292600631714e-01
2.348236292600631714e-01
2.348235845565795898e-01
2.348235845565795898e-01
2.348235845565795898e-01
2.348235845565795898e-01
2.348236143589019775e-01
2.348235100507736206e-01
2.348235100507736206e-01
2.348235398530960083e-01
2.348235398530960083e-01
2.348235398530960083e-01
2.348234802484512329e-01
2.348234653472900391e-01
2.348234802484512329e-01
2.348234802484512329e-01
2.348234653472900391e-01
2.348234057426452637e-01
2.348234057426452637e-01
2.348234057426452637e-01
2.348234057426452637e-01
2.348234057426452637e-01
2.348233908414840698e-01
2.348234057426452637e-01
2.348233908414840698e-01
2.348233610391616821e-01
2.348233461380004883e-01
2.348233163356781006e-01
2.348233461380004883e-01
2.348232865333557129e-01
2.348233163356781006e-01
2.348232865333557129e-01
2.348232418298721313e-01
2.348232418298721313e-01
2.348232716321945190e-01
2.348232418298721313e-01
2.348232418298721313e-01
2.348232418298721313e-01
2.348231971263885498e-01
2.348231971263885498e-01
2.348231971263885498e-01
2.348232120275497437e-01
2.348231971263885498e-01
2.348231375217437744e-01
2.348231226205825806e-01
2.348231673240661621e-01
2.348231226205825806e-01
2.348230928182601929e-01
2.348230928182601929e-01
2.348231226205825806e-01
2.348230779170989990e-01
2.348230481147766113e-01
2.348230481147766113e-01
2.348230034112930298e-01
2.348230481147766113e-01
2.348230183124542236e-01
2.348230183124542236e-01
2.348230183124542236e-01
2.348230034112930298e-01
2.348230183124542236e-01
2.348230034112930298e-01
2.348229438066482544e-01
2.348229438066482544e-01
2.348229438066482544e-01
2.348229438066482544e-01
2.348229289054870605e-01
2.348228991031646729e-01
2.348229289054870605e-01
2.348228693008422852e-01
2.348228693008422852e-01
2.348228543996810913e-01
2.348228693008422852e-01
2.348228693008422852e-01
2.348228693008422852e-01
2.348228543996810913e-01
2.348228096961975098e-01
2.348228245973587036e-01
2.348227798938751221e-01
2.348228245973587036e-01
2.348228096961975098e-01
2.348227500915527344e-01
2.348227798938751221e-01
2.348227351903915405e-01
2.348227500915527344e-01
2.348227053880691528e-01
2.348227500915527344e-01
2.348227351903915405e-01
2.348226755857467651e-01
2.348227053880691528e-01
2.348226755857467651e-01
2.348226755857467651e-01
2.348226308822631836e-01
2.348226308822631836e-01
2.348226010799407959e-01
2.348226010799407959e-01
2.348226308822631836e-01
2.348226010799407959e-01
2.348225414752960205e-01
2.348225861787796021e-01
2.348225861787796021e-01
2.348225563764572144e-01
2.348225563764572144e-01
2.348225116729736328e-01
2.348225414752960205e-01
2.348225116729736328e-01
2.348225116729736328e-01
2.348224818706512451e-01
2.348225116729736328e-01
2.348224669694900513e-01
2.348224818706512451e-01
2.348224818706512451e-01
2.348224371671676636e-01
2.348224371671676636e-01
2.348224073648452759e-01
2.348223924636840820e-01
2.348224073648452759e-01
2.348223924636840820e-01
2.348224073648452759e-01
2.348223626613616943e-01
2.348223626613616943e-01
2.348223328590393066e-01
2.348223328590393066e-01
2.348223626613616943e-01
2.348223179578781128e-01
2.348223179578781128e-01
2.348223179578781128e-01
2.348222583532333374e-01
2.348223179578781128e-01
2.348222881555557251e-01
2.348222583532333374e-01
2.348222583532333374e-01
2.348222434520721436e-01
2.348222434520721436e-01
2.348222434520721436e-01
2.348221987485885620e-01
2.348221689462661743e-01
2.348221689462661743e-01
2.348221391439437866e-01
2.348221987485885620e-01
2.348221391439437866e-01
2.348221242427825928e-01
2.348221242427825928e-01
2.348221391439437866e-01
2.348221242427825928e-01
2.348221391439437866e-01
2.348220944404602051e-01
2.348220944404602051e-01
2.348220497369766235e-01
2.348220497369766235e-01
2.348220199346542358e-01
2.348219901323318481e-01
2.348220199346542358e-01
2.348219901323318481e-01
2.348220199346542358e-01
2.348219752311706543e-01
2.348219752311706543e-01
2.348219454288482666e-01
2.348219752311706543e-01
2.348219454288482666e-01
2.348219752311706543e-01
2.348219305276870728e-01
2.348219454288482666e-01
2.348219454288482666e-01
2.348219007253646851e-01
2.348219007253646851e-01
2.348219305276870728e-01
2.348218709230422974e-01
2.348218560218811035e-01
2.348218560218811035e-01
2.348217964172363281e-01
2.348218262195587158e-01
2.348217815160751343e-01
2.348217964172363281e-01
2.348217517137527466e-01
2.348217815160751343e-01
2.348217815160751343e-01
2.348217815160751343e-01
2.348217815160751343e-01
2.348217815160751343e-01
2.348217219114303589e-01
2.348217219114303589e-01
2.348217219114303589e-01
2.348216772079467773e-01
2.348216772079467773e-01
2.348216772079467773e-01
2.348216325044631958e-01
2.348216325044631958e-01
2.348216623067855835e-01
2.348216325044631958e-01
2.348216027021408081e-01
2.348215878009796143e-01
2.348216027021408081e-01
2.348215878009796143e-01
2.348215579986572266e-01
2.348215878009796143e-01
2.348215281963348389e-01
2.348215281963348389e-01
2.348215579986572266e-01
2.348215281963348389e-01
2.348215132951736450e-01
2.348215281963348389e-01
2.348215281963348389e-01
2.348214834928512573e-01
2.348214536905288696e-01
2.348214387893676758e-01
2.348214387893676758e-01
2.348214387893676758e-01
2.348214387893676758e-01
2.348214089870452881e-01
2.348214387893676758e-01
2.348214089870452881e-01
2.348214387893676758e-01
2.348214387893676758e-01
2.348213940858840942e-01
2.348213642835617065e-01
2.348213642835617065e-01
2.348213344812393188e-01
2.348213195800781250e-01
2.348213344812393188e-01
2.348213344812393188e-01
2.348213195800781250e-01
2.348212897777557373e-01
2.348213195800781250e-01
2.348212599754333496e-01
2.348212897777557373e-01
2.348212599754333496e-01
2.348212897777557373e-01
2.348212450742721558e-01
2.348212450742721558e-01
2.348211854696273804e-01
2.348211705684661865e-01
2.348211407661437988e-01
2.348211407661437988e-01
2.348211109638214111e-01
2.348211109638214111e-01
2.348211109638214111e-01
2.348211854696273804e-01
2.348211407661437988e-01
2.348211407661437988e-01
2.348210960626602173e-01
2.348210960626602173e-01
2.348210960626602173e-01
2.348210960626602173e-01
2.348210960626602173e-01
2.348210513591766357e-01
2.348210513591766357e-01
2.348210513591766357e-01
2.348210513591766357e-01
2.348210215568542480e-01
2.348209917545318604e-01
2.348209768533706665e-01
2.348209470510482788e-01
2.348209917545318604e-01
2.348209917545318604e-01
2.348209172487258911e-01
2.348209023475646973e-01
2.348209172487258911e-01
2.348209470510482788e-01
2.348208725452423096e-01
2.348209023475646973e-01
2.348209023475646973e-01
2.348208427429199219e-01
2.348208725452423096e-01
2.348208427429199219e-01
2.348208427429199219e-01
2.348207980394363403e-01
2.348207980394363403e-01
2.348208278417587280e-01
2.348208278417587280e-01
2.348208278417587280e-01
2.348207980394363403e-01
2.348207533359527588e-01
2.348207235336303711e-01
2.348207533359527588e-01
2.348207235336303711e-01
2.348207533359527588e-01
2.348207086324691772e-01
2.348206788301467896e-01
2.348206490278244019e-01
2.348206788301467896e-01
2.348206341266632080e-01
2.348206788301467896e-01
2.348207086324691772e-01
2.348207086324691772e-01
2.348206490278244019e-01
2.348206043243408203e-01
2.348206043243408203e-01
2.348206043243408203e-01
2.348206043243408203e-01
2.348205745220184326e-01
2.348206043243408203e-01
2.348205745220184326e-01
2.348205596208572388e-01
2.348205298185348511e-01
2.348205596208572388e-01
2.348205596208572388e-01
2.348205149173736572e-01
2.348204851150512695e-01
2.348204553127288818e-01
2.348205149173736572e-01
2.348204553127288818e-01
2.348204553127288818e-01
2.348204404115676880e-01
2.348203659057617188e-01
2.348204106092453003e-01
