5.772740393877029419e-02
5.772708728909492493e-02
5.772677436470985413e-02
5.772645026445388794e-02
5.772614479064941406e-02
5.772583186626434326e-02
5.772551521658897400e-02
5.772520229220390320e-02
5.772488564252853394e-02
5.772457271814346313e-02
5.772425234317779541e-02
5.772394314408302307e-02
5.772363767027854919e-02
5.772331357002258301e-02
5.772299692034721375e-02
5.772268399596214294e-02
5.772236734628677368e-02
5.772205442190170288e-02
5.772174522280693054e-02
5.772142484784126282e-02
5.772110819816589355e-02
5.772079154849052429e-02
5.772047489881515503e-02
5.772016197443008423e-02
5.771985277533531189e-02
5.771952494978904724e-02
5.771921202540397644e-02
5.771890655159950256e-02
5.771859735250473022e-02
5.771828442811965942e-02
5.771796777844429016e-02
5.771764740347862244e-02
5.771733820438385010e-02
5.771702527999877930e-02
5.771670490503311157e-02
5.771639943122863770e-02
5.771607533097267151e-02
5.771576613187789917e-02
5.771545693278312683e-02
5.771514028310775757e-02
5.771482735872268677e-02
5.771450698375701904e-02
5.771419778466224670e-02
5.771387740969657898e-02
5.771356821060180664e-02
5.771325528621673584e-02
5.771293863654136658e-02
5.771262571215629578e-02
5.771230906248092651e-02
5.771199613809585571e-02
5.771168693900108337e-02
5.771136656403541565e-02
5.771104991436004639e-02
5.771073698997497559e-02
5.771041661500930786e-02
5.771010369062423706e-02
5.770979821681976318e-02
5.770947784185409546e-02
5.770916491746902466e-02
5.770885571837425232e-02
5.770853906869888306e-02
5.770822614431381226e-02
5.770791694521903992e-02
5.770760029554367065e-02
5.770728737115859985e-02
5.770697072148323059e-02
5.770665779709815979e-02
5.770634114742279053e-02
5.770602822303771973e-02
5.770571157336235046e-02
5.770540237426757812e-02
5.770508944988250732e-02
5.770477280020713806e-02
5.770445242524147034e-02
5.770414322614669800e-02
5.770383402705192566e-02
5.770351737737655640e-02
5.770320817828178406e-02
5.770289152860641479e-02
5.770257860422134399e-02
5.770226940512657166e-02
5.770196393132209778e-02
5.770163983106613159e-02
5.770133435726165771e-02
5.770101025700569153e-02
5.770070105791091919e-02
5.770039185881614685e-02
5.770008265972137451e-02
5.769976228475570679e-02
5.769944563508033752e-02
5.769913271069526672e-02
5.769882351160049438e-02
5.769851431250572205e-02
5.769819766283035278e-02
5.769788473844528198e-02
5.769756808876991272e-02
5.769725516438484192e-02
5.769693851470947266e-02
5.769662559032440186e-02
5.769631639122962952e-02
5.769599974155426025e-02
5.769569054245948792e-02
5.769537761807441711e-02
5.769506469368934631e-02
5.769474804401397705e-02
5.769443511962890625e-02
5.769412592053413391e-02
5.769380554556846619e-02
5.769350007176399231e-02
5.769319087266921997e-02
5.769286677241325378e-02
5.769255757331848145e-02
5.769225209951400757e-02
5.769193172454833984e-02
5.769162252545356750e-02
5.769130215048789978e-02
5.769100412726402283e-02
5.769069120287895203e-02
5.769037455320358276e-02
5.769006162881851196e-02
5.768974497914314270e-02
5.768943578004837036e-02
5.768911540508270264e-02
5.768880248069763184e-02
5.768849700689315796e-02
5.768818780779838562e-02
5.768787488341331482e-02
5.768755823373794556e-02
5.768724530935287476e-02
5.768694728612899780e-02
5.768663063645362854e-02
5.768632888793945312e-02
5.768600851297378540e-02
5.768569186329841614e-02
5.768537893891334534e-02
5.768506973981857300e-02
5.768475309014320374e-02
5.768444389104843140e-02
5.768412724137306213e-02
5.768381804227828979e-02
5.768349766731262207e-02
5.768319219350814819e-02
5.768288299441337585e-02
5.768257379531860352e-02
5.768226087093353271e-02
5.768194049596786499e-02
5.768163129687309265e-02
5.768131464719772339e-02
5.768100544810295105e-02
5.768069624900817871e-02
5.768038332462310791e-02
5.768006667494773865e-02
5.767976492643356323e-02
5.767944827675819397e-02
5.767913907766342163e-02
5.767882615327835083e-02
5.767851695418357849e-02
5.767820775508880615e-02
5.767789110541343689e-02
5.767758190631866455e-02
5.767726898193359375e-02
5.767695233225822449e-02
5.767665058374404907e-02
5.767633393406867981e-02
5.767602473497390747e-02
5.767571553587913513e-02
5.767540261149406433e-02
5.767508596181869507e-02
5.767478421330451965e-02
5.767447501420974731e-02
5.767416581511497498e-02
5.767384916543960571e-02
5.767353996634483337e-02
5.767321959137916565e-02
5.767291784286499023e-02
5.767260119318962097e-02
5.767228826880455017e-02
5.767197906970977783e-02
5.767166987061500549e-02
5.767135322093963623e-02
5.767105147242546082e-02
5.767073109745979309e-02
5.767042562365531921e-02
5.767011642456054688e-02
5.766980350017547607e-02
5.766949430108070374e-02
5.766917765140533447e-02
5.766887590289115906e-02
5.766855925321578979e-02
5.766825005412101746e-02
5.766793712973594666e-02
5.766762793064117432e-02
5.766731128096580505e-02
5.766700208187103271e-02
5.766669288277626038e-02
5.766638368368148804e-02
5.766607448458671570e-02
5.766576156020164490e-02
5.766545608639717102e-02
5.766514316201210022e-02
5.766483396291732788e-02
5.766452476382255554e-02
5.766421556472778320e-02
5.766390636563301086e-02
5.766359716653823853e-02
5.766327679157257080e-02
5.766296759247779846e-02
5.766265839338302612e-02
5.766234919428825378e-02
5.766204372048377991e-02
5.766173079609870911e-02
5.766142532229423523e-02
5.766111239790916443e-02
5.766080692410469055e-02
5.766048654913902283e-02
5.766017735004425049e-02
5.765987560153007507e-02
5.765955895185470581e-02
5.765924975275993347e-02
5.765894800424575806e-02
5.765862762928009033e-02
5.765832215547561646e-02
5.765801295638084412e-02
5.765770375728607178e-02
5.765738338232040405e-02
5.765708163380622864e-02
5.765677616000175476e-02
5.765646696090698242e-02
5.765616148710250854e-02
5.765584856271743774e-02
5.765553936362266541e-02
5.765522643923759460e-02
5.765490978956222534e-02
5.765460059046745300e-02
5.765429511666297913e-02
5.765398591756820679e-02
5.765367299318313599e-02
5.765337496995925903e-02
5.765305832028388977e-02
5.765274912118911743e-02
5.765244737267494202e-02
5.765213817358016968e-02
5.765182152390480042e-02
5.765152350068092346e-02
5.765121057629585266e-02
5.765089020133018494e-02
5.765058472752571106e-02
5.765027552843093872e-02
5.764996632933616638e-02
5.764966830611228943e-02
5.764935538172721863e-02
5.764903873205184937e-02
5.764872953295707703e-02
5.764843150973320007e-02
5.764812231063842773e-02
5.764780938625335693e-02
5.764749273657798767e-02
5.764719098806381226e-02
5.764688551425933838e-02
5.764657631516456604e-02
5.764626711606979370e-02
5.764595419168472290e-02
5.764564499258995056e-02
5.764533579349517822e-02
5.764503031969070435e-02
5.764472112059593201e-02
5.764441192150115967e-02
5.764410272240638733e-02
5.764378979802131653e-02
5.764348432421684265e-02
5.764317885041236877e-02
5.764286965131759644e-02
5.764255672693252563e-02
5.764225125312805176e-02
5.764194205403327942e-02
5.764163285493850708e-02
5.764133483171463013e-02
5.764101445674896240e-02
5.764071270823478699e-02
5.764040350914001465e-02
5.764009431004524231e-02
5.763979628682136536e-02
5.763947963714599609e-02
5.763917043805122375e-02
5.763886868953704834e-02
5.763856321573257446e-02
5.763825029134750366e-02
5.763794109225273132e-02
5.763763189315795898e-02
5.763732641935348511e-02
5.763702094554901123e-02
5.763670802116394043e-02
5.763640254735946655e-02
5.763609334826469421e-02
5.763579159975051880e-02
5.763548612594604492e-02
5.763517320156097412e-02
5.763486772775650024e-02
5.763456597924232483e-02
5.763424932956695557e-02
5.763394013047218323e-02
5.763363838195800781e-02
5.763332173228263855e-02
5.763302370905876160e-02
5.763270333409309387e-02
5.763240158557891846e-02
5.763210356235504150e-02
5.763179436326026917e-02
5.763147771358489990e-02
5.763117223978042603e-02
5.763087049126625061e-02
5.763056501746177673e-02
5.763025581836700439e-02
5.762995779514312744e-02
5.762964487075805664e-02
5.762933567166328430e-02
5.762902647256851196e-02
5.762872099876403809e-02
5.762841925024986267e-02
5.762811377644538879e-02
5.762780085206031799e-02
5.762749537825584412e-02
5.762718617916107178e-02
5.762687698006629944e-02
5.762657150626182556e-02
5.762626975774765015e-02
5.762596428394317627e-02
5.762566253542900085e-02
5.762534588575363159e-02
5.762504413723945618e-02
5.762473866343498230e-02
5.762442573904991150e-02
5.762413144111633301e-02
5.762381851673126221e-02
5.762352049350738525e-02
5.762320384383201599e-02
5.762290582060813904e-02
5.762259662151336670e-02
5.762228742241859436e-02
5.762198194861412048e-02
5.762167274951934814e-02
5.762137100100517273e-02
5.762106180191040039e-02
5.762075632810592651e-02
5.762044340372085571e-02
5.762013792991638184e-02
5.761983618140220642e-02
5.761953070759773254e-02
5.761922150850296021e-02
5.761892348527908325e-02
5.761862546205520630e-02
5.761831626296043396e-02
5.761799961328506470e-02
5.761770159006118774e-02
5.761739239096641541e-02
5.761709436774253845e-02
5.761678516864776611e-02
5.761647224426269531e-02
5.761617422103881836e-02
5.761586502194404602e-02
5.761555954813957214e-02
5.761525779962539673e-02
5.761495232582092285e-02
5.761464685201644897e-02
5.761433765292167664e-02
5.761403590440750122e-02
5.761372670531272888e-02
5.761342123150825500e-02
5.761311948299407959e-02
5.761281028389930725e-02
5.761250481009483337e-02
5.761219561100006104e-02
5.761189758777618408e-02
5.761158838868141174e-02
5.761128291487693787e-02
5.761099234223365784e-02
5.761067196726799011e-02
5.761036649346351624e-02
5.761006847023963928e-02
5.760975927114486694e-02
5.760946124792098999e-02
5.760915949940681458e-02
5.760885030031204224e-02
5.760854482650756836e-02
5.760823562741279602e-02
5.760792642831802368e-02
5.760762840509414673e-02
5.760731920599937439e-02
5.760702118277549744e-02
5.760671570897102356e-02
5.760641396045684814e-02
5.760610476136207581e-02
5.760580673813819885e-02
5.760549753904342651e-02
5.760519206523895264e-02
5.760488659143447876e-02
5.760458484292030334e-02
5.760427564382553101e-02
5.760397017002105713e-02
5.760367214679718018e-02
5.760337412357330322e-02
5.760306492447853088e-02
5.760275572538375854e-02
5.760244652628898621e-02
5.760214850306510925e-02
5.760184302926063538e-02
5.760154128074645996e-02
5.760123580694198608e-02
5.760094523429870605e-02
5.760062858462333679e-02
5.760033056139945984e-02
5.760002136230468750e-02
5.759971216320991516e-02
5.759941413998603821e-02
5.759910866618156433e-02
5.759880691766738892e-02
5.759850144386291504e-02
5.759819969534873962e-02
5.759789422154426575e-02
5.759759619832038879e-02
5.759729444980621338e-02
5.759698525071144104e-02
5.759668350219726562e-02
5.759637430310249329e-02
5.759607255458831787e-02
5.759576708078384399e-02
5.759546533226966858e-02
5.759515985846519470e-02
5.759486183524131775e-02
5.759456008672714233e-02
5.759425833821296692e-02
5.759394913911819458e-02
5.759365111589431763e-02
5.759334936738014221e-02
5.759304389357566833e-02
5.759273469448089600e-02
5.759243667125701904e-02
5.759213492274284363e-02
5.759182944893836975e-02
5.759152024984359741e-02
5.759122222661972046e-02
5.759092420339584351e-02
5.759061500430107117e-02
5.759030953049659729e-02
5.759001150727272034e-02
5.758971348404884338e-02
5.758940428495407104e-02
5.758909881114959717e-02
5.758879706263542175e-02
5.758849903941154480e-02
5.758819356560707092e-02
5.758789554238319397e-02
5.758758634328842163e-02
5.758728459477424622e-02
5.758698284626007080e-02
5.758668482303619385e-02
5.758638307452201843e-02
5.758607760071754456e-02
5.758577585220336914e-02
5.758546665310859680e-02
5.758517235517501831e-02
5.758486315608024597e-02
5.758455768227577209e-02
5.758425965905189514e-02
5.758396163582801819e-02
5.758365988731384277e-02
5.758335441350936890e-02
5.758305266499519348e-02
5.758275464177131653e-02
5.758244171738624573e-02
5.758215114474296570e-02
5.758185312151908875e-02
5.758153647184371948e-02
5.758123844861984253e-02
5.758093670010566711e-02
5.758063867688179016e-02
5.758033320307731628e-02
5.758003517985343933e-02
5.757972970604896545e-02
5.757942795753479004e-02
5.757912248373031616e-02
5.757882446050643921e-02
5.757852643728256226e-02
5.757822096347808838e-02
5.757791921496391296e-02
5.757761374115943909e-02
5.757732316851615906e-02
5.757701396942138672e-02
5.757671594619750977e-02
5.757641047239303589e-02
5.757610499858856201e-02
5.757580325007438660e-02
5.757550895214080811e-02
5.757521092891693115e-02
5.757491290569305420e-02
5.757460370659828186e-02
5.757430195808410645e-02
5.757400020956993103e-02
5.757370218634605408e-02
5.757340043783187866e-02
