1.849839836359024048e-01
1.849838793277740479e-01
1.849837154150009155e-01
1.849835664033889771e-01
1.849834322929382324e-01
1.849832683801651001e-01
1.849831491708755493e-01
1.849830448627471924e-01
1.849828958511352539e-01
1.849827766418457031e-01
1.849826425313949585e-01
1.849825084209442139e-01
1.849823743104934692e-01
1.849822252988815308e-01
1.849820762872695923e-01
1.849819421768188477e-01
1.849817782640457153e-01
1.849816590547561646e-01
1.849815249443054199e-01
1.849814057350158691e-01
1.849812418222427368e-01
1.849811077117919922e-01
1.849810183048248291e-01
1.849808543920516968e-01
1.849807351827621460e-01
1.849805712699890137e-01
1.849804520606994629e-01
1.849803030490875244e-01
1.849801689386367798e-01
1.849800348281860352e-01
1.849799007177352905e-01
1.849797666072845459e-01
1.849796324968338013e-01
1.849794536828994751e-01
1.849793642759323120e-01
1.849792152643203735e-01
1.849790960550308228e-01
1.849789768457412720e-01
1.849788427352905273e-01
1.849786937236785889e-01
1.849785596132278442e-01
1.849784404039382935e-01
1.849782764911651611e-01
1.849781423807144165e-01
1.849779784679412842e-01
1.849778294563293457e-01
1.849777400493621826e-01
1.849775910377502441e-01
1.849774718284606934e-01
1.849772930145263672e-01
1.849771738052368164e-01
1.849770247936248779e-01
1.849769204854965210e-01
1.849767863750457764e-01
1.849766373634338379e-01
1.849765181541442871e-01
1.849763989448547363e-01
1.849762499332427979e-01
1.849761307239532471e-01
1.849759817123413086e-01
1.849758177995681763e-01
1.849756985902786255e-01
1.849755644798278809e-01
1.849754303693771362e-01
1.849752515554428101e-01
1.849751472473144531e-01
1.849749982357025146e-01
1.849748492240905762e-01
1.849747151136398315e-01
1.849746108055114746e-01
1.849744617938995361e-01
1.849743127822875977e-01
1.849742233753204346e-01
1.849740892648696899e-01
1.849739402532577515e-01
1.849738061428070068e-01
1.849736422300338745e-01
1.849735081195831299e-01
1.849733591079711914e-01
1.849732697010040283e-01
1.849730759859085083e-01
1.849729716777801514e-01
1.849728524684906006e-01
1.849727034568786621e-01
1.849725544452667236e-01
1.849724054336547852e-01
1.849723309278488159e-01
1.849721521139144897e-01
1.849720180034637451e-01
1.849718689918518066e-01
1.849717646837234497e-01
1.849716007709503174e-01
1.849714666604995728e-01
1.849713325500488281e-01
1.849712133407592773e-01
1.849710941314697266e-01
1.849709302186965942e-01
1.849707812070846558e-01
1.849706619977951050e-01
1.849705278873443604e-01
1.849704086780548096e-01
1.849702447652816772e-01
1.849701702594757080e-01
1.849699765443801880e-01
1.849698722362518311e-01
1.849697232246398926e-01
1.849695742130279541e-01
1.849694401025772095e-01
1.849693059921264648e-01
1.849691867828369141e-01
1.849690526723861694e-01
1.849689185619354248e-01
1.849687695503234863e-01
1.849686503410339355e-01
1.849685311317443848e-01
1.849683523178100586e-01
1.849682331085205078e-01
1.849680840969085693e-01
1.849679350852966309e-01
1.849678158760070801e-01
1.849676519632339478e-01
1.849675476551055908e-01
1.849674135446548462e-01
1.849672794342041016e-01
1.849671453237533569e-01
1.849670261144638062e-01
1.849668771028518677e-01
1.849667429924011230e-01
1.849666535854339600e-01
1.849664747714996338e-01
1.849663257598876953e-01
1.849661916494369507e-01
1.849660426378250122e-01
1.849659383296966553e-01
1.849657595157623291e-01
1.849656403064727783e-01
1.849655210971832275e-01
1.849653571844100952e-01
1.849652528762817383e-01
1.849651038646697998e-01
1.849649846553802490e-01
1.849648207426071167e-01
1.849646866321563721e-01
1.849645823240280151e-01
1.849644035100936890e-01
1.849642544984817505e-01
1.849641650915145874e-01
1.849640011787414551e-01
1.849638968706130981e-01
1.849637478590011597e-01
1.849636286497116089e-01
1.849634945392608643e-01
1.849633753299713135e-01
1.849632263183593750e-01
1.849630624055862427e-01
1.849629580974578857e-01
1.849628239870071411e-01
1.849626749753952026e-01
1.849625557661056519e-01
1.849624216556549072e-01
1.849622875452041626e-01
1.849621534347534180e-01
1.849620044231414795e-01
1.849618703126907349e-01
1.849617213010787964e-01
1.849615871906280518e-01
1.849614679813385010e-01
1.849613338708877563e-01
1.849611997604370117e-01
1.849610656499862671e-01
1.849608868360519409e-01
1.849607825279235840e-01
1.849606186151504517e-01
1.849605143070220947e-01
1.849603950977325439e-01
1.849602460861206055e-01
1.849600821733474731e-01
1.849599629640579224e-01
1.849598139524459839e-01
1.849596947431564331e-01
1.849595606327056885e-01
1.849594414234161377e-01
1.849592775106430054e-01
1.849591284990310669e-01
1.849589794874191284e-01
1.849589049816131592e-01
1.849587708711624146e-01
1.849585771560668945e-01
1.849584877490997314e-01
1.849583387374877930e-01
1.849582195281982422e-01
1.849581003189086914e-01
1.849579066038131714e-01
1.849578171968460083e-01
1.849576830863952637e-01
1.849575489759445190e-01
1.849573850631713867e-01
1.849572509527206421e-01
1.849571466445922852e-01
1.849569827318191528e-01
1.849568337202072144e-01
1.849567443132400513e-01
1.849565654993057251e-01
1.849564164876937866e-01
1.849562674760818481e-01
1.849561482667922974e-01
1.849560588598251343e-01
1.849558800458908081e-01
1.849557310342788696e-01
1.849556714296340942e-01
1.849554777145385742e-01
1.849553883075714111e-01
1.849552541971206665e-01
1.849551051855087280e-01
1.849549710750579834e-01
1.849548369646072388e-01
1.849546581506729126e-01
1.849545687437057495e-01
1.849543899297714233e-01
1.849542707204818726e-01
1.849541217088699341e-01
1.849539726972579956e-01
1.849538385868072510e-01
1.849537044763565063e-01
1.849536001682281494e-01
1.849534660577774048e-01
1.849533170461654663e-01
1.849531978368759155e-01
1.849530935287475586e-01
1.849528998136520386e-01
1.849527806043624878e-01
1.849526464939117432e-01
1.849525272846221924e-01
1.849523633718490601e-01
1.849522739648818970e-01
1.849521398544311523e-01
1.849520057439804077e-01
1.849518716335296631e-01
1.849516779184341431e-01
1.849515587091445923e-01
1.849514394998550415e-01
1.849512904882431030e-01
1.849511414766311646e-01
1.849510073661804199e-01
1.849509030580520630e-01
1.849507987499237061e-01
1.849506050348281860e-01
1.849505305290222168e-01
1.849503368139266968e-01
1.849502325057983398e-01
1.849500536918640137e-01
1.849499493837356567e-01
1.849497854709625244e-01
1.849496811628341675e-01
1.849495768547058105e-01
1.849493831396102905e-01
1.849492639303207397e-01
1.849491149187088013e-01
1.849489808082580566e-01
1.849488615989685059e-01
1.849487274885177612e-01
1.849486082792282104e-01
1.849484741687774658e-01
1.849483400583267212e-01
1.849481910467147827e-01
1.849481016397476196e-01
1.849479079246520996e-01
1.849478185176849365e-01
1.849476546049118042e-01
1.849475353956222534e-01
1.849473863840103149e-01
1.849472373723983765e-01
1.849471032619476318e-01
1.849469691514968872e-01
1.849468499422073364e-01
1.849467307329177856e-01
1.849465817213058472e-01
1.849464327096939087e-01
1.849462985992431641e-01
1.849461644887924194e-01
1.849460154771804810e-01
1.849458813667297363e-01
1.849457919597625732e-01
1.849456280469894409e-01
1.849454790353775024e-01
1.849453598260879517e-01
1.849452108144760132e-01
1.849450618028640747e-01
1.849449723958969116e-01
1.849447935819625854e-01
1.849446743726730347e-01
1.849445551633834839e-01
1.849444359540939331e-01
1.849442869424819946e-01
1.849441379308700562e-01
1.849440187215805054e-01
1.849438548088073730e-01
1.849437057971954346e-01
1.849435716867446899e-01
1.849434673786163330e-01
1.849433183670043945e-01
1.849431842565536499e-01
1.849430650472640991e-01
1.849429458379745483e-01
1.849428117275238037e-01
1.849426478147506714e-01
1.849425137042999268e-01
1.849424093961715698e-01
1.849422901868820190e-01
1.849421113729476929e-01
1.849419623613357544e-01
1.849418431520462036e-01
1.849417388439178467e-01
1.849415600299835205e-01
1.849414259195327759e-01
1.849413514137268066e-01
1.849411875009536743e-01
1.849410384893417358e-01
1.849408894777297974e-01
1.849407553672790527e-01
1.849406212568283081e-01
1.849404722452163696e-01
1.849403381347656250e-01
1.849402338266372681e-01
1.849400848150253296e-01
1.849399507045745850e-01
1.849398016929626465e-01
1.849396973848342896e-01
1.849395483732223511e-01
1.849394142627716064e-01
1.849392801523208618e-01
1.849391311407089233e-01
1.849389970302581787e-01
1.849388629198074341e-01
1.849387139081954956e-01
1.849385797977447510e-01
1.849384456872940063e-01
1.849383115768432617e-01
1.849381774663925171e-01
1.849380582571029663e-01
1.849379539489746094e-01
1.849377900362014771e-01
1.849376559257507324e-01
1.849375367164611816e-01
1.849374026060104370e-01
1.849372386932373047e-01
1.849371045827865601e-01
1.849369555711746216e-01
1.849368661642074585e-01
1.849367171525955200e-01
1.849365830421447754e-01
1.849364638328552246e-01
1.849363148212432861e-01
1.849361807107925415e-01
1.849360316991806030e-01
1.849358826875686646e-01
1.849357634782791138e-01
1.849356740713119507e-01
1.849355250597000122e-01
1.849354058504104614e-01
1.849352270364761353e-01
1.849350780248641968e-01
1.849349737167358398e-01
1.849348247051239014e-01
1.849347054958343506e-01
1.849345415830612183e-01
1.849344521760940552e-01
1.849342733621597290e-01
1.849341541528701782e-01
1.849340200424194336e-01
1.849339008331298828e-01
1.849337369203567505e-01
1.849336475133895874e-01
1.849334836006164551e-01
1.849333494901657104e-01
1.849331855773925781e-01
1.849330663681030273e-01
1.849329620599746704e-01
1.849328130483627319e-01
1.849327087402343750e-01
1.849325150251388550e-01
1.849324405193328857e-01
1.849322915077209473e-01
1.849321126937866211e-01
1.849319785833358765e-01
1.849318444728851318e-01
1.849317252635955811e-01
1.849315911531448364e-01
1.849314868450164795e-01
1.849313378334045410e-01
1.849311739206314087e-01
1.849310845136642456e-01
1.849309206008911133e-01
1.849307715892791748e-01
1.849306374788284302e-01
1.849305480718612671e-01
1.849303692579269409e-01
1.849302798509597778e-01
1.849301308393478394e-01
1.849299520254135132e-01
1.849298626184463501e-01
1.849297434091567993e-01
1.849295943975448608e-01
1.849294453859329224e-01
1.849293261766433716e-01
1.849292069673538208e-01
1.849290579557418823e-01
1.849288940429687500e-01
1.849287748336791992e-01
1.849286109209060669e-01
1.849284917116165161e-01
1.849283874034881592e-01
1.849282085895538330e-01
1.849281042814254761e-01
1.849279403686523438e-01
1.849278509616851807e-01
1.849276870489120483e-01
1.849275678396224976e-01
1.849274486303329468e-01
1.849272698163986206e-01
1.849271804094314575e-01
1.849269866943359375e-01
1.849268823862075806e-01
1.849267333745956421e-01
1.849265843629837036e-01
1.849264949560165405e-01
1.849263608455657959e-01
1.849262267351150513e-01
1.849260777235031128e-01
1.849259585142135620e-01
1.849258095026016235e-01
1.849256604909896851e-01
1.849255561828613281e-01
1.849254071712493896e-01
1.849253177642822266e-01
1.849251538515090942e-01
1.849250346422195435e-01
1.849248558282852173e-01
1.849247515201568604e-01
1.849246025085449219e-01
1.849244534969329834e-01
1.849243193864822388e-01
1.849241852760314941e-01
1.849240660667419434e-01
1.849239319562911987e-01
1.849237829446792603e-01
1.849236488342285156e-01
1.849235147237777710e-01
1.849233955144882202e-01
1.849232763051986694e-01
1.849231123924255371e-01
1.849229931831359863e-01
1.849228441715240479e-01
1.849226951599121094e-01
1.849225759506225586e-01
1.849224418401718140e-01
1.849222779273986816e-01
1.849221736192703247e-01
1.849220395088195801e-01
1.849218904972076416e-01
1.849217414855957031e-01
1.849216520786285400e-01
1.849214881658554077e-01
1.849213838577270508e-01
1.849212348461151123e-01
1.849210858345031738e-01
1.849209517240524292e-01
1.849208325147628784e-01
1.849206835031509399e-01
1.849205642938613892e-01
1.849204152822494507e-01
1.849202811717987061e-01
1.849201768636703491e-01
1.849200129508972168e-01
1.849198788404464722e-01
1.849197447299957275e-01
1.849196255207061768e-01
1.849194765090942383e-01
1.849193871021270752e-01
1.849192380905151367e-01
1.849190890789031982e-01
1.849189400672912598e-01
1.849188059568405151e-01
1.849186718463897705e-01
1.849185526371002197e-01
1.849184334278106689e-01
1.849183142185211182e-01
1.849181652069091797e-01
1.849180310964584351e-01
1.849178671836853027e-01
1.849177181720733643e-01
1.849175989627838135e-01
1.849174499511718750e-01
1.849173456430435181e-01
1.849172115325927734e-01
1.849170625209808350e-01
1.849169284105300903e-01
1.849168092012405396e-01
1.849166452884674072e-01
1.849165409803390503e-01
