2.189314514398574829e-01
2.189313918352127075e-01
2.189313769340515137e-01
2.189313173294067383e-01
2.189313173294067383e-01
2.189313024282455444e-01
2.189312279224395752e-01
2.189312428236007690e-01
2.189312279224395752e-01
2.189311832189559937e-01
2.189311236143112183e-01
2.189310789108276367e-01
2.189310789108276367e-01
2.189310491085052490e-01
2.189310044050216675e-01
2.189310044050216675e-01
2.189309298992156982e-01
2.189309149980545044e-01
2.189308851957321167e-01
2.189308553934097290e-01
2.189308553934097290e-01
2.189308106899261475e-01
2.189307808876037598e-01
2.189307361841201782e-01
2.189307361841201782e-01
2.189306616783142090e-01
2.189306616783142090e-01
2.189306169748306274e-01
2.189305871725082397e-01
2.189305722713470459e-01
2.189305424690246582e-01
2.189304977655410767e-01
2.189304679632186890e-01
2.189304381608963013e-01
2.189304381608963013e-01
2.189303934574127197e-01
2.189303189516067505e-01
2.189303487539291382e-01
2.189302444458007812e-01
2.189301997423171997e-01
2.189301997423171997e-01
2.189302295446395874e-01
2.189301550388336182e-01
2.189300954341888428e-01
2.189300805330276489e-01
2.189300507307052612e-01
2.189300507307052612e-01
2.189300060272216797e-01
2.189300358295440674e-01
2.189299762248992920e-01
2.189299315214157104e-01
2.189299613237380981e-01
2.189299017190933228e-01
2.189298272132873535e-01
2.189297825098037720e-01
2.189297825098037720e-01
2.189297378063201904e-01
2.189297080039978027e-01
2.189296931028366089e-01
2.189296931028366089e-01
2.189296185970306396e-01
2.189295887947082520e-01
2.189295142889022827e-01
2.189295142889022827e-01
2.189295142889022827e-01
2.189294695854187012e-01
2.189294695854187012e-01
2.189293950796127319e-01
2.189294248819351196e-01
2.189293950796127319e-01
2.189292907714843750e-01
2.189292460680007935e-01
2.189292460680007935e-01
2.189292162656784058e-01
2.189291715621948242e-01
2.189292013645172119e-01
2.189291268587112427e-01
2.189290821552276611e-01
2.189290821552276611e-01
2.189290523529052734e-01
2.189290225505828857e-01
2.189289778470993042e-01
2.189289331436157227e-01
2.189289480447769165e-01
2.189289033412933350e-01
2.189288586378097534e-01
2.189288288354873657e-01
2.189287841320037842e-01
2.189287543296813965e-01
2.189287543296813965e-01
2.189287394285202026e-01
2.189287096261978149e-01
2.189286798238754272e-01
2.189286351203918457e-01
2.189285904169082642e-01
2.189285457134246826e-01
2.189285457134246826e-01
2.189284861087799072e-01
2.189284861087799072e-01
2.189284712076187134e-01
2.189284414052963257e-01
2.189283668994903564e-01
2.189283668994903564e-01
2.189282923936843872e-01
2.189282476902008057e-01
2.189282476902008057e-01
2.189282029867172241e-01
2.189281731843948364e-01
2.189281433820724487e-01
2.189280986785888672e-01
2.189280688762664795e-01
2.189280539751052856e-01
2.189280241727828979e-01
2.189279794692993164e-01
2.189279794692993164e-01
2.189279347658157349e-01
2.189279049634933472e-01
2.189278751611709595e-01
2.189278602600097656e-01
2.189278006553649902e-01
2.189277857542037964e-01
2.189277559518814087e-01
2.189277559518814087e-01
2.189277410507202148e-01
2.189276665449142456e-01
2.189275920391082764e-01
2.189275920391082764e-01
2.189275622367858887e-01
2.189275324344635010e-01
2.189274877309799194e-01
2.189274728298187256e-01
2.189274132251739502e-01
2.189273983240127563e-01
2.189273387193679810e-01
2.189272940158843994e-01
2.189272940158843994e-01
2.189272642135620117e-01
2.189272493124008179e-01
2.189272195100784302e-01
2.189272046089172363e-01
2.189271748065948486e-01
2.189271003007888794e-01
2.189271301031112671e-01
2.189270555973052979e-01
2.189270257949829102e-01
2.189270257949829102e-01
2.189269959926605225e-01
2.189269512891769409e-01
2.189269065856933594e-01
2.189268767833709717e-01
2.189268320798873901e-01
2.189268320798873901e-01
2.189267575740814209e-01
2.189267575740814209e-01
2.189267277717590332e-01
2.189267128705978394e-01
2.189266830682754517e-01
2.189266383647918701e-01
2.189265936613082886e-01
2.189265936613082886e-01
2.189265191555023193e-01
2.189265191555023193e-01
2.189265191555023193e-01
2.189264446496963501e-01
2.189264148473739624e-01
2.189263850450515747e-01
2.189263701438903809e-01
2.189263701438903809e-01
2.189263403415679932e-01
2.189262658357620239e-01
2.189262658357620239e-01
2.189261913299560547e-01
2.189261913299560547e-01
2.189261764287948608e-01
2.189261168241500854e-01
2.189261019229888916e-01
2.189260572195053101e-01
2.189260274171829224e-01
2.189259976148605347e-01
2.189259976148605347e-01
2.189259976148605347e-01
2.189259231090545654e-01
2.189258784055709839e-01
2.189258784055709839e-01
2.189258038997650146e-01
2.189257740974426270e-01
2.189257740974426270e-01
2.189257293939590454e-01
2.189256548881530762e-01
2.189256548881530762e-01
2.189256101846694946e-01
2.189256548881530762e-01
2.189255803823471069e-01
2.189255803823471069e-01
2.189255356788635254e-01
2.189255058765411377e-01
2.189254909753799438e-01
2.189254164695739746e-01
2.189253866672515869e-01
2.189253419637680054e-01
2.189253121614456177e-01
2.189252972602844238e-01
2.189253121614456177e-01
2.189252972602844238e-01
2.189252227544784546e-01
2.189251929521560669e-01
2.189251780509948730e-01
2.189251482486724854e-01
2.189251482486724854e-01
2.189251035451889038e-01
2.189250737428665161e-01
2.189249992370605469e-01
2.189249694347381592e-01
2.189249694347381592e-01
2.189249247312545776e-01
2.189248800277709961e-01
2.189248800277709961e-01
2.189248353242874146e-01
2.189248353242874146e-01
2.189247608184814453e-01
2.189247310161590576e-01
2.189247012138366699e-01
2.189246863126754761e-01
2.189246565103530884e-01
2.189246267080307007e-01
2.189245820045471191e-01
2.189245671033859253e-01
2.189245671033859253e-01
2.189245373010635376e-01
2.189244627952575684e-01
2.189244180917739868e-01
2.189244180917739868e-01
2.189244180917739868e-01
2.189243584871292114e-01
2.189243584871292114e-01
2.189243137836456299e-01
2.189242690801620483e-01
2.189242690801620483e-01
2.189242392778396606e-01
2.189241945743560791e-01
2.189241647720336914e-01
2.189241498708724976e-01
2.189241200685501099e-01
2.189240455627441406e-01
2.189240753650665283e-01
2.189240306615829468e-01
2.189239710569381714e-01
2.189239263534545898e-01
2.189240008592605591e-01
2.189238965511322021e-01
2.189238518476486206e-01
2.189238816499710083e-01
2.189238220453262329e-01
2.189238071441650391e-01
2.189238071441650391e-01
2.189237326383590698e-01
2.189237326383590698e-01
2.189237326383590698e-01
2.189236283302307129e-01
2.189236283302307129e-01
2.189235538244247437e-01
2.189235389232635498e-01
2.189235091209411621e-01
2.189235091209411621e-01
2.189234644174575806e-01
2.189234346151351929e-01
2.189234197139739990e-01
2.189233899116516113e-01
2.189233601093292236e-01
2.189233154058456421e-01
2.189232707023620605e-01
2.189232409000396729e-01
2.189232110977172852e-01
2.189231961965560913e-01
2.189231663942337036e-01
2.189231961965560913e-01
2.189230769872665405e-01
2.189230173826217651e-01
2.189230471849441528e-01
2.189229726791381836e-01
2.189229726791381836e-01
2.189229428768157959e-01
2.189228832721710205e-01
2.189228981733322144e-01
2.189228534698486328e-01
2.189228236675262451e-01
2.189228087663650513e-01
2.189227491617202759e-01
2.189227342605590820e-01
2.189227044582366943e-01
2.189226299524307251e-01
2.189225852489471436e-01
2.189225554466247559e-01
2.189225405454635620e-01
2.189224660396575928e-01
2.189224809408187866e-01
2.189224362373352051e-01
2.189224064350128174e-01
2.189223915338516235e-01
2.189223617315292358e-01
2.189223617315292358e-01
2.189223170280456543e-01
2.189222425222396851e-01
2.189222425222396851e-01
2.189221978187561035e-01
2.189221680164337158e-01
2.189221978187561035e-01
2.189221382141113281e-01
2.189221233129501343e-01
2.189220637083053589e-01
2.189220041036605835e-01
2.189220041036605835e-01
2.189219743013381958e-01
2.189219743013381958e-01
2.189218699932098389e-01
2.189218550920486450e-01
2.189218252897262573e-01
2.189217954874038696e-01
2.189217805862426758e-01
2.189217805862426758e-01
2.189217060804367065e-01
2.189216613769531250e-01
2.189216613769531250e-01
2.189216017723083496e-01
2.189215868711471558e-01
2.189215570688247681e-01
2.189215123653411865e-01
2.189214825630187988e-01
2.189214527606964111e-01
2.189214080572128296e-01
2.189214378595352173e-01
2.189213335514068604e-01
2.189213186502456665e-01
2.189213186502456665e-01
2.189212888479232788e-01
2.189212441444396973e-01
2.189212441444396973e-01
2.189212143421173096e-01
2.189211249351501465e-01
2.189211398363113403e-01
2.189210951328277588e-01
2.189210951328277588e-01
2.189210504293441772e-01
2.189209908246994019e-01
2.189209908246994019e-01
2.189209759235382080e-01
2.189209461212158203e-01
2.189208567142486572e-01
2.189208567142486572e-01
2.189208567142486572e-01
2.189207971096038818e-01
2.189207822084426880e-01
2.189207226037979126e-01
2.189207077026367188e-01
2.189206779003143311e-01
2.189206480979919434e-01
2.189206480979919434e-01
2.189205884933471680e-01
2.189205288887023926e-01
2.189205288887023926e-01
2.189204543828964233e-01
2.189204543828964233e-01
2.189204543828964233e-01
2.189204096794128418e-01
2.189203649759292603e-01
2.189203053712844849e-01
2.189202904701232910e-01
2.189202606678009033e-01
2.189202159643173218e-01
2.189201861619949341e-01
2.189201712608337402e-01
2.189201116561889648e-01
2.189201116561889648e-01
2.189200967550277710e-01
2.189200669527053833e-01
2.189200222492218018e-01
2.189200222492218018e-01
2.189199924468994141e-01
2.189199775457382202e-01
2.189199030399322510e-01
2.189199179410934448e-01
2.189199030399322510e-01
2.189198732376098633e-01
2.189198285341262817e-01
2.189197987318038940e-01
2.189197093248367310e-01
2.189197242259979248e-01
2.189196795225143433e-01
2.189196497201919556e-01
2.189196050167083740e-01
2.189195752143859863e-01
2.189196050167083740e-01
2.189195305109024048e-01
2.189194858074188232e-01
2.189194560050964355e-01
2.189194262027740479e-01
2.189194113016128540e-01
2.189193665981292725e-01
2.189193367958068848e-01
2.189193069934844971e-01
2.189192622900009155e-01
2.189192622900009155e-01
2.189192175865173340e-01
2.189191877841949463e-01
2.189191877841949463e-01
2.189191430807113647e-01
2.189190685749053955e-01
2.189190685749053955e-01
2.189190238714218140e-01
2.189189940690994263e-01
2.189189493656158447e-01
2.189189493656158447e-01
2.189189195632934570e-01
2.189188748598098755e-01
2.189188450574874878e-01
2.189188003540039062e-01
2.189187705516815186e-01
2.189187556505203247e-01
2.189187556505203247e-01
2.189186960458755493e-01
2.189186811447143555e-01
2.189186811447143555e-01
2.189186215400695801e-01
2.189185619354248047e-01
2.189185321331024170e-01
2.189185023307800293e-01
2.189184576272964478e-01
2.189184576272964478e-01
2.189184129238128662e-01
2.189184278249740601e-01
2.189183533191680908e-01
2.189183086156845093e-01
2.189183086156845093e-01
2.189183086156845093e-01
2.189182788133621216e-01
2.189182639122009277e-01
2.189182192087173462e-01
2.189181894063949585e-01
2.189181894063949585e-01
2.189180850982666016e-01
2.189180850982666016e-01
2.189180701971054077e-01
2.189180403947830200e-01
2.189179956912994385e-01
2.189179658889770508e-01
2.189179658889770508e-01
2.189179509878158569e-01
2.189178913831710815e-01
2.189178913831710815e-01
2.189178466796875000e-01
2.189178019762039185e-01
2.189177721738815308e-01
2.189176976680755615e-01
2.189176529645919800e-01
2.189176529645919800e-01
2.189176231622695923e-01
2.189175784587860107e-01
2.189175486564636230e-01
2.189175337553024292e-01
2.189175337553024292e-01
2.189174592494964600e-01
2.189174145460128784e-01
2.189173847436904907e-01
2.189173400402069092e-01
2.189173400402069092e-01
2.189172804355621338e-01
2.189172655344009399e-01
2.189172655344009399e-01
2.189171910285949707e-01
2.189171612262725830e-01
2.189171314239501953e-01
2.189171165227890015e-01
2.189170867204666138e-01
2.189170718193054199e-01
2.189170420169830322e-01
2.189170420169830322e-01
2.189169675111770630e-01
2.189169377088546753e-01
2.189169228076934814e-01
2.189168632030487061e-01
2.189168483018875122e-01
2.189168184995651245e-01
2.189168035984039307e-01
2.189168035984039307e-01
2.189167439937591553e-01
2.189166992902755737e-01
2.189166545867919922e-01
2.189166247844696045e-01
2.189166247844696045e-01
2.189165800809860229e-01
2.189165800809860229e-01
2.189165055751800537e-01
2.189164757728576660e-01
2.189164310693740845e-01
2.189164310693740845e-01
2.189164012670516968e-01
2.189163565635681152e-01
2.189163267612457275e-01
2.189163118600845337e-01
2.189162820577621460e-01
