1.916555501520633698e-02
1.916539855301380157e-02
1.916524022817611694e-02
1.916508190333843231e-02
1.916491799056529999e-02
1.916476525366306305e-02
1.916460320353507996e-02
1.916444487869739532e-02
1.916428841650485992e-02
1.916413009166717529e-02
1.916396804153919220e-02
1.916381157934665680e-02
1.916365511715412140e-02
1.916349865496158600e-02
1.916333846747875214e-02
1.916317827999591827e-02
1.916301809251308441e-02
1.916286535561084747e-02
1.916270330548286438e-02
1.916254311800003052e-02
1.916238665580749512e-02
1.916223205626010895e-02
1.916206814348697662e-02
1.916191354393959045e-02
1.916175149381160736e-02
1.916159503161907196e-02
1.916144043207168579e-02
1.916127838194370270e-02
1.916111819446086884e-02
1.916096545755863190e-02
1.916080713272094727e-02
1.916064694523811340e-02
1.916048675775527954e-02
1.916032843291759491e-02
1.916016824543476105e-02
1.916001178324222565e-02
1.915985345840454102e-02
1.915969513356685638e-02
1.915953867137432098e-02
1.915938034653663635e-02
1.915922015905380249e-02
1.915906369686126709e-02
1.915890537202358246e-02
1.915874704718589783e-02
1.915859058499336243e-02
1.915842853486537933e-02
1.915827393531799316e-02
1.915811374783515930e-02
1.915795728564262390e-02
1.915780082345008850e-02
1.915764249861240387e-02
1.915748231112957001e-02
1.915732771158218384e-02
1.915716938674449921e-02
1.915700733661651611e-02
1.915685273706912994e-02
1.915669441223144531e-02
1.915653608739376068e-02
1.915637589991092682e-02
1.915621571242809296e-02
1.915606111288070679e-02
1.915590278804302216e-02
1.915574260056018829e-02
1.915558427572250366e-02
1.915542967617511749e-02
1.915526948869228363e-02
1.915511116385459900e-02
1.915495656430721283e-02
1.915479637682437897e-02
1.915463991463184357e-02
1.915448531508445740e-02
1.915432885289192200e-02
1.915416494011878967e-02
1.915401034057140350e-02
1.915385201573371887e-02
1.915369182825088501e-02
1.915353350341320038e-02
1.915337704122066498e-02
1.915322057902812958e-02
1.915306225419044495e-02
1.915290579199790955e-02
1.915274746716022491e-02
1.915258914232254028e-02
1.915243454277515411e-02
1.915227249264717102e-02
1.915211789309978485e-02
1.915195956826210022e-02
1.915180124342441559e-02
1.915164478123188019e-02
1.915148459374904633e-02
1.915132999420166016e-02
1.915116980671882629e-02
1.915101148188114166e-02
1.915085688233375549e-02
1.915069855749607086e-02
1.915054209530353546e-02
1.915038004517555237e-02
1.915022730827331543e-02
1.915006525814533234e-02
1.914991065859794617e-02
1.914975792169570923e-02
1.914959214627742767e-02
1.914943754673004150e-02
1.914927735924720764e-02
1.914912275969982147e-02
1.914896257221698761e-02
1.914880797266960144e-02
1.914864778518676758e-02
1.914849504828453064e-02
1.914833672344684601e-02
1.914818026125431061e-02
1.914802379906177521e-02
1.914786361157894135e-02
1.914770901203155518e-02
1.914754882454872131e-02
1.914739049971103668e-02
1.914723590016365051e-02
1.914707757532596588e-02
1.914692111313343048e-02
1.914676278829574585e-02
1.914660446345806122e-02
1.914644800126552582e-02
1.914628967642784119e-02
1.914613321423530579e-02
1.914597302675247192e-02
1.914581842720508575e-02
1.914565823972225189e-02
1.914550364017486572e-02
1.914534717798233032e-02
1.914519257843494415e-02
1.914503239095211029e-02
1.914487220346927643e-02
1.914471387863159180e-02
1.914456114172935486e-02
1.914440281689167023e-02
1.914424821734428406e-02
1.914408802986145020e-02
1.914393343031406403e-02
1.914377138018608093e-02
1.914361491799354553e-02
1.914346218109130859e-02
1.914330385625362396e-02
1.914314366877079010e-02
1.914299093186855316e-02
1.914283074438571930e-02
1.914267241954803467e-02
1.914251968264579773e-02
1.914235949516296387e-02
1.914220489561557770e-02
1.914204657077789307e-02
1.914188638329505920e-02
1.914173364639282227e-02
1.914157345890998840e-02
1.914142072200775146e-02
1.914126053452491760e-02
1.914110407233238220e-02
1.914094761013984680e-02
1.914078742265701294e-02
1.914063654839992523e-02
1.914047636091709137e-02
1.914031989872455597e-02
1.914016157388687134e-02
1.914000511169433594e-02
1.913985237479209900e-02
1.913969404995441437e-02
1.913953945040702820e-02
1.913937926292419434e-02
1.913922093808650970e-02
1.913906447589397430e-02
1.913890615105628967e-02
1.913874968886375427e-02
1.913859881460666656e-02
1.913844048976898193e-02
1.913828030228614807e-02
1.913812570273876190e-02
1.913796737790107727e-02
1.913781091570854187e-02
1.913765445351600647e-02
1.913749612867832184e-02
1.913733780384063721e-02
1.913718320429325104e-02
1.913702487945556641e-02
1.913686655461788177e-02
1.913671754300594330e-02
1.913655549287796021e-02
1.913640275597572327e-02
1.913624256849288940e-02
1.913608796894550323e-02
1.913592778146266937e-02
1.913577504456043243e-02
1.913561671972274780e-02
1.913546212017536163e-02
1.913530193269252777e-02
1.913514547049999237e-02
1.913498900830745697e-02
1.913483254611492157e-02
1.913467794656753540e-02
1.913451775908470154e-02
1.913436315953731537e-02
1.913420669734477997e-02
1.913405023515224457e-02
1.913389563560485840e-02
1.913373731076717377e-02
1.913358084857463837e-02
1.913342438638210297e-02
1.913326792418956757e-02
1.913311704993247986e-02
1.913295872509479523e-02
1.913280040025711060e-02
1.913264021277427673e-02
1.913248747587203979e-02
1.913232915103435516e-02
1.913217641413211823e-02
1.913201995193958282e-02
1.913185790181159973e-02
1.913170516490936279e-02
1.913155056536197662e-02
1.913139410316944122e-02
1.913123019039630890e-02
1.913107559084892273e-02
1.913092285394668579e-02
1.913077011704444885e-02
1.913060992956161499e-02
1.913045346736907959e-02
1.913029514253139496e-02
1.913013868033885956e-02
1.912998594343662262e-02
1.912982761859893799e-02
1.912966929376125336e-02
1.912951469421386719e-02
1.912935823202133179e-02
1.912920735776424408e-02
1.912904717028141022e-02
1.912889070808887482e-02
1.912873052060604095e-02
1.912857778370380402e-02
1.912842318415641785e-02
1.912826858460903168e-02
1.912811212241649628e-02
1.912795379757881165e-02
1.912779733538627625e-02
1.912763901054859161e-02
1.912748441100120544e-02
1.912732794880867004e-02
1.912717334926128387e-02
1.912701688706874847e-02
1.912685856223106384e-02
1.912670210003852844e-02
1.912654936313629150e-02
1.912638917565345764e-02
1.912623271346092224e-02
1.912607811391353607e-02
1.912592537701129913e-02
1.912576518952846527e-02
1.912561058998107910e-02
1.912545412778854370e-02
1.912530139088630676e-02
1.912514492869377136e-02
1.912498474121093750e-02
1.912483014166355133e-02
1.912467740476131439e-02
1.912451535463333130e-02
1.912436261773109436e-02
1.912420615553855896e-02
1.912404969334602356e-02
1.912389136850833893e-02
1.912374049425125122e-02
1.912358589470386505e-02
1.912342756986618042e-02
1.912327110767364502e-02
1.912311837077140808e-02
1.912295632064342499e-02
1.912280358374118805e-02
1.912265084683895111e-02
1.912249065935611725e-02
1.912233605980873108e-02
1.912217773497104645e-02
1.912202313542366028e-02
1.912186853587627411e-02
1.912171393632888794e-02
1.912155933678150177e-02
1.912140287458896637e-02
1.912124641239643097e-02
1.912108995020389557e-02
1.912093348801136017e-02
1.912078075110912323e-02
1.912062428891658783e-02
1.912046782672405243e-02
1.912031322717666626e-02
1.912015303969383240e-02
1.912000030279159546e-02
1.911984384059906006e-02
1.911968924105167389e-02
1.911953091621398926e-02
1.911937631666660309e-02
1.911921985447406769e-02
1.911906711757183075e-02
1.911891251802444458e-02
1.911875605583190918e-02
1.911859959363937378e-02
1.911844685673713684e-02
1.911828853189945221e-02
1.911813393235206604e-02
1.911797933280467987e-02
1.911781914532184601e-02
1.911766640841960907e-02
1.911751180887222290e-02
1.911735534667968750e-02
1.911719888448715210e-02
1.911704801023006439e-02
1.911688968539237976e-02
1.911673322319984436e-02
1.911657676100730896e-02
1.911642216145992279e-02
1.911626569926738739e-02
1.911611109972000122e-02
1.911595650017261505e-02
1.911580003798007965e-02
1.911564543843269348e-02
1.911549456417560577e-02
1.911533623933792114e-02
1.911517977714538574e-02
1.911502145230770111e-02
1.911487057805061340e-02
1.911471597850322723e-02
1.911455951631069183e-02
1.911440119147300720e-02
1.911424845457077026e-02
1.911409385502338409e-02
1.911393739283084869e-02
1.911378279328346252e-02
1.911362819373607635e-02
1.911346986889839172e-02
1.911331713199615479e-02
1.911315880715847015e-02
1.911300607025623322e-02
1.911285147070884705e-02
1.911269500851631165e-02
1.911254040896892548e-02
1.911238580942153931e-02
1.911223120987415314e-02
1.911207474768161774e-02
1.911191642284393311e-02
1.911176368594169617e-02
1.911160536110401154e-02
1.911145448684692383e-02
1.911129988729953766e-02
1.911114342510700226e-02
1.911098696291446686e-02
1.911083422601222992e-02
1.911067776381969452e-02
1.911052130162715912e-02
1.911036856472492218e-02
1.911021210253238678e-02
1.911005750298500061e-02
1.910989917814731598e-02
1.910974644124507904e-02
1.910958811640739441e-02
1.910943537950515747e-02
1.910927705466747284e-02
1.910912431776523590e-02
1.910896971821784973e-02
1.910881698131561279e-02
1.910866051912307739e-02
1.910850591957569122e-02
1.910834945738315582e-02
1.910819672048091888e-02
1.910804212093353271e-02
1.910788193345069885e-02
1.910773105919361115e-02
1.910757832229137421e-02
1.910742186009883881e-02
1.910726539790630341e-02
1.910711452364921570e-02
1.910695619881153107e-02
1.910680159926414490e-02
1.910664699971675873e-02
1.910649426281452179e-02
1.910633780062198639e-02
1.910618320107460022e-02
1.910602673888206482e-02
1.910587586462497711e-02
1.910571940243244171e-02
1.910556852817535400e-02
1.910541020333766937e-02
1.910525187849998474e-02
1.910509914159774780e-02
1.910494454205036163e-02
1.910479366779327393e-02
1.910463348031044006e-02
1.910447701811790466e-02
1.910432428121566772e-02
1.910417154431343079e-02
1.910401508212089539e-02
1.910386048257350922e-02
1.910370402038097382e-02
1.910355314612388611e-02
1.910339668393135071e-02
1.910324394702911377e-02
1.910308748483657837e-02
1.910293661057949066e-02
1.910277642309665680e-02
1.910262368619441986e-02
1.910247094929218292e-02
1.910231262445449829e-02
1.910215988755226135e-02
1.910200528800487518e-02
1.910184882581233978e-02
1.910169608891010284e-02
1.910154148936271667e-02
1.910138502717018127e-02
1.910123415291309357e-02
1.910107769072055817e-02
1.910092122852802277e-02
1.910076662898063660e-02
1.910061575472354889e-02
1.910046115517616272e-02
1.910030283033847809e-02
1.910015009343624115e-02
1.909999176859855652e-02
1.909983903169631958e-02
1.909968443214893341e-02
1.909953169524669647e-02
1.909937895834445953e-02
1.909922249615192413e-02
1.909907162189483643e-02
1.909891888499259949e-02
1.909875869750976562e-02
1.909860596060752869e-02
1.909845322370529175e-02
1.909829862415790558e-02
1.909814216196537018e-02
1.909798569977283478e-02
1.909783668816089630e-02
1.909767836332321167e-02
1.909752562642097473e-02
1.909737288951873779e-02
1.909721828997135162e-02
1.909706182777881622e-02
1.909690722823143005e-02
1.909675635397434235e-02
1.909659989178180695e-02
1.909644715487957001e-02
1.909629441797733307e-02
1.909613423049449921e-02
1.909598335623741150e-02
1.909582689404487610e-02
1.909567415714263916e-02
1.909551769495010376e-02
1.909536495804786682e-02
1.909521222114562988e-02
1.909505575895309448e-02
1.909490115940570831e-02
1.909475028514862061e-02
1.909459568560123444e-02
1.909444294869899750e-02
1.909428462386131287e-02
1.909413374960422516e-02
1.909397915005683899e-02
1.909382268786430359e-02
1.909366995096206665e-02
1.909351535141468048e-02
1.909336447715759277e-02
1.909320801496505737e-02
1.909305341541767120e-02
1.909290254116058350e-02
1.909274421632289886e-02
1.909258961677551270e-02
1.909243687987327576e-02
1.909228228032588959e-02
1.909212954342365265e-02
1.909197680652141571e-02
1.909182220697402954e-02
1.909166760742664337e-02
1.909151300787925720e-02
1.909136027097702026e-02
1.909120567142963409e-02
1.909105107188224792e-02
1.909090019762516022e-02
1.909074373543262482e-02
1.909058913588523865e-02
1.909043639898300171e-02
1.909028179943561554e-02
1.909013092517852783e-02
1.908997260034084320e-02
1.908982172608375549e-02
1.908966526389122009e-02
1.908951438963413239e-02
1.908935606479644775e-02
1.908920332789421082e-02
1.908905245363712311e-02
1.908889599144458771e-02
1.908874325454235077e-02
1.908858865499496460e-02
1.908843778073787689e-02
1.908828504383563995e-02
1.908812671899795532e-02
1.908797584474086761e-02
1.908781938254833221e-02
1.908766664564609528e-02
