4.401722922921180725e-03
4.401706159114837646e-03
4.401691257953643799e-03
4.401674959808588028e-03
4.401659592986106873e-03
4.401642829179763794e-03
4.401627928018569946e-03
4.401612095534801483e-03
4.401596728712320328e-03
4.401579964905977249e-03
4.401563666760921478e-03
4.401548299938440323e-03
4.401532933115959167e-03
4.401516169309616089e-03
4.401500802487134933e-03
4.401484504342079163e-03
4.401468671858310699e-03
4.401452373713254929e-03
4.401436075568199158e-03
4.401419777423143387e-03
4.401404410600662231e-03
4.401388578116893768e-03
4.401372745633125305e-03
4.401357378810644150e-03
4.401341546326875687e-03
4.401326179504394531e-03
4.401310812681913376e-03
4.401293583214282990e-03
4.401278216391801834e-03
4.401262383908033371e-03
4.401247017085552216e-03
4.401231184601783752e-03
4.401214886456727982e-03
4.401198588311672211e-03
4.401184152811765671e-03
4.401167854666709900e-03
4.401151090860366821e-03
4.401135724037885666e-03
4.401119891554117203e-03
4.401102662086486816e-03
4.401087760925292969e-03
4.401071928441524506e-03
4.401055630296468735e-03
4.401039797812700272e-03
4.401024430990219116e-03
4.401009064167737961e-03
4.400992766022682190e-03
4.400976933538913727e-03
4.400960635393857956e-03
4.400945268571376801e-03
4.400929436087608337e-03
4.400913603603839874e-03
4.400897771120071411e-03
4.400881938636302948e-03
4.400866106152534485e-03
4.400851204991340637e-03
4.400833509862422943e-03
4.400819074362516403e-03
4.400803241878747940e-03
4.400786943733692169e-03
4.400771111249923706e-03
4.400755278766155243e-03
4.400738514959812164e-03
4.400723613798618317e-03
4.400707315653562546e-03
4.400692880153656006e-03
4.400676116347312927e-03
4.400659818202257156e-03
4.400644451379776001e-03
4.400628153234720230e-03
4.400613252073526382e-03
4.400596953928470612e-03
4.400581587105989456e-03
4.400564357638359070e-03
4.400548990815877914e-03
4.400534089654684067e-03
4.400518257170915604e-03
4.400502890348434448e-03
4.400486592203378677e-03
4.400471691042184830e-03
4.400456324219703674e-03
4.400439560413360596e-03
4.400423262268304825e-03
4.400408361107110977e-03
4.400392062962055206e-03
4.400375299155712128e-03
4.400360397994518280e-03
4.400345031172037125e-03
4.400329198688268661e-03
4.400313366204500198e-03
4.400297068059444427e-03
4.400281701236963272e-03
4.400266334414482117e-03
4.400250967592000961e-03
4.400235135108232498e-03
4.400219302624464035e-03
4.400203004479408264e-03
4.400186706334352493e-03
4.400170408189296722e-03
4.400155041366815567e-03
4.400139674544334412e-03
4.400122910737991333e-03
4.400108009576797485e-03
4.400092177093029022e-03
4.400076810270547867e-03
4.400061443448066711e-03
4.400045610964298248e-03
4.400029312819242477e-03
4.400012549012899399e-03
4.399996716529130936e-03
4.399981815367937088e-03
4.399965982884168625e-03
4.399951081722974777e-03
4.399934783577919006e-03
4.399918951094150543e-03
4.399902652949094772e-03
4.399887286126613617e-03
4.399871919304132462e-03
4.399856086820363998e-03
4.399840719997882843e-03
4.399823956191539764e-03
4.399808589369058609e-03
4.399793222546577454e-03
4.399777390062808990e-03
4.399761557579040527e-03
4.399744328111410141e-03
4.399729892611503601e-03
4.399714060127735138e-03
4.399697296321392059e-03
4.399682395160198212e-03
4.399666097015142441e-03
4.399650264531373978e-03
4.399634432047605515e-03
4.399619996547698975e-03
4.399604629725217819e-03
4.399587865918874741e-03
4.399572033435106277e-03
4.399556666612625122e-03
4.399540834128856659e-03
4.399525467306375504e-03
4.399508703500032425e-03
4.399494733661413193e-03
4.399477969855070114e-03
4.399461671710014343e-03
4.399446304887533188e-03
4.399431403726339340e-03
4.399415105581283569e-03
4.399399738758802414e-03
4.399384371936321259e-03
4.399368073791265488e-03
4.399352706968784332e-03
4.399336408823728561e-03
4.399320110678672791e-03
4.399304743856191635e-03
4.399289842694997787e-03
4.399273078888654709e-03
4.399257246404886246e-03
4.399241879582405090e-03
4.399226512759923935e-03
4.399210680276155472e-03
4.399195313453674316e-03
4.399179015308618546e-03
4.399164579808712006e-03
4.399148281663656235e-03
4.399132449179887772e-03
4.399117082357406616e-03
4.399101715534925461e-03
4.399085417389869690e-03
4.399069119244813919e-03
4.399053752422332764e-03
4.399038385599851608e-03
4.399022087454795837e-03
4.399007651954889297e-03
4.398991819471120834e-03
4.398975986987352371e-03
4.398959688842296600e-03
4.398944322019815445e-03
4.398928023874759674e-03
4.398914054036140442e-03
4.398896824568510056e-03
4.398881923407316208e-03
4.398866090923547745e-03
4.398850258439779282e-03
4.398833960294723511e-03
4.398819524794816971e-03
4.398802760988473892e-03
4.398787394165992737e-03
4.398771561682224274e-03
4.398756194859743118e-03
4.398740828037261963e-03
4.398725461214780807e-03
4.398708231747150421e-03
4.398692864924669266e-03
4.398678429424762726e-03
4.398662596940994263e-03
4.398646298795938492e-03
4.398631863296031952e-03
4.398614633828401566e-03
4.398599732667207718e-03
4.398582968860864639e-03
4.398568067699670792e-03
4.398552235215902328e-03
4.398535937070846558e-03
4.398521035909652710e-03
4.398504737764596939e-03
4.398489370942115784e-03
4.398473072797060013e-03
4.398458171635866165e-03
4.398442339152097702e-03
4.398426972329616547e-03
4.398410208523273468e-03
4.398395307362079620e-03
4.398380871862173080e-03
4.398364573717117310e-03
4.398348275572061539e-03
4.398333374410867691e-03
4.398317541927099228e-03
4.398301709443330765e-03
4.398286342620849609e-03
4.398270975798368454e-03
4.398256074637174606e-03
4.398239310830831528e-03
4.398223944008350372e-03
4.398207645863294601e-03
4.398193210363388062e-03
4.398175980895757675e-03
4.398160148411989212e-03
4.398144781589508057e-03
4.398129880428314209e-03
4.398114513605833054e-03
4.398097284138202667e-03
4.398081917315721512e-03
4.398067016154527664e-03
4.398051183670759201e-03
4.398036748170852661e-03
4.398020450025796890e-03
4.398004617542028427e-03
4.397988319396972656e-03
4.397972952574491501e-03
4.397958051413297653e-03
4.397942218929529190e-03
4.397926386445760727e-03
4.397911950945854187e-03
4.397895652800798416e-03
4.397879820317029953e-03
4.397863522171974182e-03
4.397848621010780334e-03
4.397834185510873795e-03
4.397817421704530716e-03
4.397801589220762253e-03
4.397785756736993790e-03
4.397769458591938019e-03
4.397753626108169556e-03
4.397737793624401093e-03
4.397723358124494553e-03
4.397707059979438782e-03
4.397690761834383011e-03
4.397675860673189163e-03
4.397661425173282623e-03
4.397645592689514160e-03
4.397629760205745697e-03
4.397612996399402618e-03
4.397598095238208771e-03
4.397583194077014923e-03
4.397567827254533768e-03
4.397551529109477997e-03
4.397536627948284149e-03
4.397519864141941071e-03
4.397504962980747223e-03
4.397488199174404144e-03
4.397473298013210297e-03
4.397457931190729141e-03
4.397443495690822601e-03
4.397426731884479523e-03
4.397411830723285675e-03
4.397395532578229904e-03
4.397378768771886826e-03
4.397363401949405670e-03
4.397348966449499130e-03
4.397334530949592590e-03
4.397317767143249512e-03
4.397301934659481049e-03
4.397287499159574509e-03
4.397270735353231430e-03
4.397256299853324890e-03
4.397240933030843735e-03
4.397224634885787964e-03
4.397207871079444885e-03
4.397192969918251038e-03
4.397178068757057190e-03
4.397161304950714111e-03
4.397146403789520264e-03
4.397131502628326416e-03
4.397114738821983337e-03
4.397098906338214874e-03
4.397083073854446411e-03
4.397068172693252563e-03
4.397052805870771408e-03
4.397037439048290253e-03
4.397022072225809097e-03
4.397006239742040634e-03
4.396990407258272171e-03
4.396975506097078323e-03
4.396960139274597168e-03
4.396944772452116013e-03
4.396928474307060242e-03
4.396912641823291779e-03
4.396897275000810623e-03
4.396882373839616776e-03
4.396867007017135620e-03
4.396852571517229080e-03
4.396835342049598694e-03
4.396820440888404846e-03
4.396804608404636383e-03
4.396789707243442535e-03
4.396772943437099457e-03
4.396758042275905609e-03
4.396742209792137146e-03
4.396726842969655991e-03
4.396711941808462143e-03
4.396696109324693680e-03
4.396680742502212524e-03
4.396664910018444061e-03
4.396649077534675598e-03
4.396635107696056366e-03
4.396618343889713287e-03
4.396602977067232132e-03
4.396587144583463669e-03
4.396572243422269821e-03
4.396555479615926743e-03
4.396540578454732895e-03
4.396524745970964432e-03
4.396508913487195969e-03
4.396494477987289429e-03
4.396479111164808273e-03
4.396463744342327118e-03
4.396447911858558655e-03
4.396433476358652115e-03
4.396416712552309036e-03
4.396400880068540573e-03
4.396385047584772110e-03
4.396370612084865570e-03
4.396354779601097107e-03
4.396340344101190567e-03
4.396324511617422104e-03
4.396308213472366333e-03
4.396292846649885178e-03
4.396277479827404022e-03
4.396262578666210175e-03
4.396246746182441711e-03
4.396231379359960556e-03
4.396216012537479401e-03
4.396200645714998245e-03
4.396184347569942474e-03
4.396168515086174011e-03
4.396153148263692856e-03
4.396137781441211700e-03
4.396123345941305161e-03
4.396106582134962082e-03
4.396091680973768234e-03
4.396077245473861694e-03
4.396060947328805923e-03
4.396046046167612076e-03
4.396029282361268997e-03
4.396014381200075150e-03
4.395998548716306686e-03
4.395982250571250916e-03
4.395966883748769760e-03
4.395952448248863220e-03
4.395937081426382065e-03
4.395922180265188217e-03
4.395905416458845139e-03
4.395890515297651291e-03
4.395874217152595520e-03
4.395858384668827057e-03
4.395843949168920517e-03
4.395828116685152054e-03
4.395812749862670898e-03
4.395796451717615128e-03
4.395782016217708588e-03
4.395765718072652817e-03
4.395750816911458969e-03
4.395734518766403198e-03
4.395719617605209351e-03
4.395703785121440887e-03
4.395688418298959732e-03
4.395672120153903961e-03
4.395657684653997421e-03
4.395641386508941650e-03
4.395626951009035110e-03
4.395612049847841263e-03
4.395595286041498184e-03
4.395580850541591644e-03
4.395565483719110489e-03
4.395551048219203949e-03
4.395534284412860870e-03
4.395519848912954330e-03
4.395503085106611252e-03
4.395488183945417404e-03
4.395472351461648941e-03
4.395457915961742401e-03
4.395442549139261246e-03
4.395425785332918167e-03
4.395410418510437012e-03
4.395395517349243164e-03
4.395379219204187393e-03
4.395364318042993546e-03
4.395348019897937775e-03
4.395334050059318542e-03
4.395317751914262772e-03
4.395302385091781616e-03
4.395287949591875076e-03
4.395272117108106613e-03
4.395255818963050842e-03
4.395241383463144302e-03
4.395225550979375839e-03
4.395210184156894684e-03
4.395194817334413528e-03
4.395179450511932373e-03
4.395163152366876602e-03
4.395147785544395447e-03
4.395132884383201599e-03
4.395116586238145828e-03
4.395102616399526596e-03
4.395086783915758133e-03
4.395071417093276978e-03
4.395056050270795822e-03
4.395040683448314667e-03
4.395024850964546204e-03
4.395009949803352356e-03
4.394995979964733124e-03
4.394979681819677353e-03
4.394964314997196198e-03
4.394948482513427734e-03
4.394933115690946579e-03
4.394917283207178116e-03
4.394902847707271576e-03
4.394887480884790421e-03
4.394871648401021957e-03
4.394856281578540802e-03
4.394840914756059647e-03
4.394825082272291183e-03
4.394809249788522720e-03
4.394794814288616180e-03
4.394778516143560410e-03
4.394764080643653870e-03
4.394748248159885406e-03
4.394733346998691559e-03
4.394718445837497711e-03
4.394701682031154633e-03
4.394686315208673477e-03
4.394671414047479630e-03
4.394656512886285782e-03
4.394641611725091934e-03
4.394625313580036163e-03
4.394610412418842316e-03
4.394594579935073853e-03
4.394579678773880005e-03
4.394563846290111542e-03
4.394548945128917694e-03
4.394532646983861923e-03
4.394517745822668076e-03
4.394502844661474228e-03
4.394487477838993073e-03
4.394472111016511917e-03
4.394456278532743454e-03
4.394441377371549606e-03
4.394425544887781143e-03
4.394410178065299988e-03
4.394394345581531525e-03
4.394379444420337677e-03
4.394363611936569214e-03
4.394347779452800751e-03
4.394332412630319595e-03
4.394316580146551132e-03
4.394300282001495361e-03
4.394285380840301514e-03
4.394270945340394974e-03
4.394255578517913818e-03
4.394240211695432663e-03
4.394224844872951508e-03
4.394209478050470352e-03
4.394194576889276505e-03
4.394180141389369965e-03
4.394162911921739578e-03
4.394148010760545731e-03
4.394133109599351883e-03
4.394118674099445343e-03
4.394101910293102264e-03
4.394086543470621109e-03
4.394072573632001877e-03
4.394055809825658798e-03
4.394039977341890335e-03
4.394026007503271103e-03
4.394010175019502640e-03
4.393994808197021484e-03
4.393979441374540329e-03
4.393964540213346481e-03
4.393949173390865326e-03
4.393934272229671478e-03
