2.256138920783996582e-01
2.256138473749160767e-01
2.256138175725936890e-01
2.256138175725936890e-01
2.256137877702713013e-01
2.256137877702713013e-01
2.256137430667877197e-01
2.256137430667877197e-01
2.256137132644653320e-01
2.256136983633041382e-01
2.256136536598205566e-01
2.256136536598205566e-01
2.256136536598205566e-01
2.256136238574981689e-01
2.256135940551757812e-01
2.256135940551757812e-01
2.256135791540145874e-01
2.256135493516921997e-01
2.256135046482086182e-01
2.256135046482086182e-01
2.256134748458862305e-01
2.256134748458862305e-01
2.256134301424026489e-01
2.256134003400802612e-01
2.256133556365966797e-01
2.256133854389190674e-01
2.256133854389190674e-01
2.256133258342742920e-01
2.256133258342742920e-01
2.256133109331130981e-01
2.256132811307907104e-01
2.256132364273071289e-01
2.256132513284683228e-01
2.256132364273071289e-01
2.256132513284683228e-01
2.256132364273071289e-01
2.256131619215011597e-01
2.256131768226623535e-01
2.256131619215011597e-01
2.256131321191787720e-01
2.256131172180175781e-01
2.256131172180175781e-01
2.256130576133728027e-01
2.256130129098892212e-01
2.256130427122116089e-01
2.256130427122116089e-01
2.256130129098892212e-01
2.256129831075668335e-01
2.256129384040832520e-01
2.256129384040832520e-01
2.256129086017608643e-01
2.256129086017608643e-01
2.256128937005996704e-01
2.256128489971160889e-01
2.256128191947937012e-01
2.256128191947937012e-01
2.256127893924713135e-01
2.256127744913101196e-01
2.256127446889877319e-01
2.256127446889877319e-01
2.256126999855041504e-01
2.256126701831817627e-01
2.256126701831817627e-01
2.256126403808593750e-01
2.256126403808593750e-01
2.256126254796981812e-01
2.256125956773757935e-01
2.256125658750534058e-01
2.256125509738922119e-01
2.256125509738922119e-01
2.256125658750534058e-01
2.256125211715698242e-01
2.256125062704086304e-01
2.256125062704086304e-01
2.256124764680862427e-01
2.256124466657638550e-01
2.256124317646026611e-01
2.256124019622802734e-01
2.256123572587966919e-01
2.256123274564743042e-01
2.256123274564743042e-01
2.256122976541519165e-01
2.256122976541519165e-01
2.256122827529907227e-01
2.256122082471847534e-01
2.256122082471847534e-01
2.256122380495071411e-01
2.256121784448623657e-01
2.256121635437011719e-01
2.256121635437011719e-01
2.256121635437011719e-01
2.256121039390563965e-01
2.256120890378952026e-01
2.256120592355728149e-01
2.256120294332504272e-01
2.256120294332504272e-01
2.256120294332504272e-01
2.256119847297668457e-01
2.256119698286056519e-01
2.256119698286056519e-01
2.256119102239608765e-01
2.256119102239608765e-01
2.256118953227996826e-01
2.256118953227996826e-01
2.256118655204772949e-01
2.256118357181549072e-01
2.256118357181549072e-01
2.256118208169937134e-01
2.256118208169937134e-01
2.256117612123489380e-01
2.256117463111877441e-01
2.256117463111877441e-01
2.256117165088653564e-01
2.256117016077041626e-01
2.256116718053817749e-01
2.256116420030593872e-01
2.256116271018981934e-01
2.256115972995758057e-01
2.256115674972534180e-01
2.256115674972534180e-01
2.256115972995758057e-01
2.256114929914474487e-01
2.256114929914474487e-01
2.256114780902862549e-01
2.256114482879638672e-01
2.256114482879638672e-01
2.256114482879638672e-01
2.256114035844802856e-01
2.256114482879638672e-01
2.256113737821578979e-01
2.256113737821578979e-01
2.256113290786743164e-01
2.256113290786743164e-01
2.256112992763519287e-01
2.256112545728683472e-01
2.256112545728683472e-01
2.256112098693847656e-01
2.256112098693847656e-01
2.256112098693847656e-01
2.256111502647399902e-01
2.256111502647399902e-01
2.256111353635787964e-01
2.256111353635787964e-01
2.256111502647399902e-01
2.256111353635787964e-01
2.256111055612564087e-01
2.256110608577728271e-01
2.256110310554504395e-01
2.256109863519668579e-01
2.256109863519668579e-01
2.256109863519668579e-01
2.256109863519668579e-01
2.256109565496444702e-01
2.256109118461608887e-01
2.256109118461608887e-01
2.256109118461608887e-01
2.256108671426773071e-01
2.256108671426773071e-01
2.256107926368713379e-01
2.256108224391937256e-01
2.256107926368713379e-01
2.256107926368713379e-01
2.256107479333877563e-01
2.256107479333877563e-01
2.256107479333877563e-01
2.256106734275817871e-01
2.256106734275817871e-01
2.256106436252593994e-01
2.256106436252593994e-01
2.256105989217758179e-01
2.256105691194534302e-01
2.256105691194534302e-01
2.256105542182922363e-01
2.256105542182922363e-01
2.256104946136474609e-01
2.256104797124862671e-01
2.256104201078414917e-01
2.256104946136474609e-01
2.256104499101638794e-01
2.256104201078414917e-01
2.256104201078414917e-01
2.256104052066802979e-01
2.256103754043579102e-01
2.256103754043579102e-01
2.256103456020355225e-01
2.256103456020355225e-01
2.256103008985519409e-01
2.256102561950683594e-01
2.256102263927459717e-01
2.256102263927459717e-01
2.256102114915847778e-01
2.256102263927459717e-01
2.256102114915847778e-01
2.256101816892623901e-01
2.256101518869400024e-01
2.256101071834564209e-01
2.256101071834564209e-01
2.256100773811340332e-01
2.256100624799728394e-01
2.256100326776504517e-01
2.256100326776504517e-01
2.256099879741668701e-01
2.256099879741668701e-01
2.256099879741668701e-01
2.256099581718444824e-01
2.256099432706832886e-01
2.256099134683609009e-01
2.256098836660385132e-01
2.256098687648773193e-01
2.256098389625549316e-01
2.256098389625549316e-01
2.256097942590713501e-01
2.256097942590713501e-01
2.256097942590713501e-01
2.256097644567489624e-01
2.256097346544265747e-01
2.256097197532653809e-01
2.256096899509429932e-01
2.256096899509429932e-01
2.256096452474594116e-01
2.256096154451370239e-01
2.256096750497817993e-01
2.256096154451370239e-01
2.256096005439758301e-01
2.256095707416534424e-01
2.256095409393310547e-01
2.256095409393310547e-01
2.256095260381698608e-01
2.256094962358474731e-01
2.256094664335250854e-01
2.256094515323638916e-01
2.256094217300415039e-01
2.256094217300415039e-01
2.256093770265579224e-01
2.256093770265579224e-01
2.256093472242355347e-01
2.256093323230743408e-01
2.256093323230743408e-01
2.256093323230743408e-01
2.256093323230743408e-01
2.256092727184295654e-01
2.256092280149459839e-01
2.256091982126235962e-01
2.256091982126235962e-01
2.256091833114624023e-01
2.256091535091400146e-01
2.256091088056564331e-01
2.256091237068176270e-01
2.256091237068176270e-01
2.256090790033340454e-01
2.256090790033340454e-01
2.256090342998504639e-01
2.256090342998504639e-01
2.256090342998504639e-01
2.256089895963668823e-01
2.256089895963668823e-01
2.256089299917221069e-01
2.256089150905609131e-01
2.256089150905609131e-01
2.256088852882385254e-01
2.256088554859161377e-01
2.256088554859161377e-01
2.256088405847549438e-01
2.256088107824325562e-01
2.256087660789489746e-01
2.256087660789489746e-01
2.256087660789489746e-01
2.256087362766265869e-01
2.256087213754653931e-01
2.256086915731430054e-01
2.256086915731430054e-01
2.256086468696594238e-01
2.256086170673370361e-01
2.256085872650146484e-01
2.256085723638534546e-01
2.256085723638534546e-01
2.256085425615310669e-01
2.256085276603698730e-01
2.256085276603698730e-01
2.256084978580474854e-01
2.256084531545639038e-01
2.256084531545639038e-01
2.256083935499191284e-01
2.256083935499191284e-01
2.256083786487579346e-01
2.256083786487579346e-01
2.256083935499191284e-01
2.256083488464355469e-01
2.256083190441131592e-01
2.256083041429519653e-01
2.256083041429519653e-01
2.256082743406295776e-01
2.256082296371459961e-01
2.256081998348236084e-01
2.256081998348236084e-01
2.256081849336624146e-01
2.256081849336624146e-01
2.256081849336624146e-01
2.256081551313400269e-01
2.256081104278564453e-01
2.256080508232116699e-01
2.256080806255340576e-01
2.256080806255340576e-01
2.256080359220504761e-01
2.256080061197280884e-01
2.256079763174057007e-01
2.256079614162445068e-01
2.256079316139221191e-01
2.256079167127609253e-01
2.256079167127609253e-01
2.256079167127609253e-01
2.256078869104385376e-01
2.256077826023101807e-01
2.256078124046325684e-01
2.256078124046325684e-01
2.256078124046325684e-01
2.256077826023101807e-01
2.256077378988265991e-01
2.256077378988265991e-01
2.256077080965042114e-01
2.256076931953430176e-01
2.256076931953430176e-01
2.256076484918594360e-01
2.256076186895370483e-01
2.256076186895370483e-01
2.256076186895370483e-01
2.256075888872146606e-01
2.256075888872146606e-01
2.256075739860534668e-01
2.256075441837310791e-01
2.256075143814086914e-01
2.256074994802474976e-01
2.256074994802474976e-01
2.256074696779251099e-01
2.256074249744415283e-01
2.256073951721191406e-01
2.256073951721191406e-01
2.256073802709579468e-01
2.256073802709579468e-01
2.256073504686355591e-01
2.256073206663131714e-01
2.256072759628295898e-01
2.256072759628295898e-01
2.256072461605072021e-01
2.256072312593460083e-01
2.256072014570236206e-01
2.256072014570236206e-01
2.256071716547012329e-01
2.256071567535400391e-01
2.256071567535400391e-01
2.256071269512176514e-01
2.256070822477340698e-01
2.256070822477340698e-01
2.256070524454116821e-01
2.256070524454116821e-01
2.256070077419281006e-01
2.256070077419281006e-01
2.256069779396057129e-01
2.256069779396057129e-01
2.256069332361221313e-01
2.256069332361221313e-01
2.256068885326385498e-01
2.256069034337997437e-01
2.256068885326385498e-01
2.256068587303161621e-01
2.256068587303161621e-01
2.256068140268325806e-01
2.256067842245101929e-01
2.256067693233489990e-01
2.256067693233489990e-01
2.256067097187042236e-01
2.256067097187042236e-01
2.256066948175430298e-01
2.256066948175430298e-01
2.256066650152206421e-01
2.256066352128982544e-01
2.256066352128982544e-01
2.256066203117370605e-01
2.256065905094146729e-01
2.256065905094146729e-01
2.256065458059310913e-01
2.256065160036087036e-01
2.256065011024475098e-01
2.256065011024475098e-01
2.256064713001251221e-01
2.256064265966415405e-01
2.256063967943191528e-01
2.256063967943191528e-01
2.256063669919967651e-01
2.256063520908355713e-01
2.256063520908355713e-01
2.256063222885131836e-01
2.256062924861907959e-01
2.256062775850296021e-01
2.256062775850296021e-01
2.256062775850296021e-01
2.256062477827072144e-01
2.256062328815460205e-01
2.256062030792236328e-01
2.256061732769012451e-01
2.256061583757400513e-01
2.256061583757400513e-01
2.256060987710952759e-01
2.256060987710952759e-01
2.256060838699340820e-01
2.256060838699340820e-01
2.256060540676116943e-01
2.256060242652893066e-01
2.256060242652893066e-01
2.256060093641281128e-01
2.256059795618057251e-01
2.256059348583221436e-01
2.256059050559997559e-01
2.256059050559997559e-01
2.256059050559997559e-01
2.256058603525161743e-01
2.256058603525161743e-01
2.256058156490325928e-01
2.256058156490325928e-01
2.256057858467102051e-01
2.256057560443878174e-01
2.256057411432266235e-01
2.256057411432266235e-01
2.256057113409042358e-01
2.256056666374206543e-01
2.256056815385818481e-01
2.256056666374206543e-01
2.256056219339370728e-01
2.256056368350982666e-01
2.256055921316146851e-01
2.256055623292922974e-01
2.256055623292922974e-01
2.256055623292922974e-01
2.256055176258087158e-01
2.256055176258087158e-01
2.256054878234863281e-01
2.256054878234863281e-01
2.256054878234863281e-01
2.256054133176803589e-01
2.256054133176803589e-01
2.256053537130355835e-01
2.256053537130355835e-01
2.256053239107131958e-01
2.256053537130355835e-01
2.256052941083908081e-01
2.256052792072296143e-01
2.256052494049072266e-01
2.256052196025848389e-01
2.256052047014236450e-01
2.256051748991012573e-01
2.256051748991012573e-01
2.256051450967788696e-01
2.256051301956176758e-01
2.256050854921340942e-01
2.256051003932952881e-01
2.256050854921340942e-01
2.256050556898117065e-01
2.256050854921340942e-01
2.256050258874893188e-01
2.256050109863281250e-01
2.256049811840057373e-01
2.256049364805221558e-01
2.256049364805221558e-01
2.256049364805221558e-01
2.256048768758773804e-01
2.256048768758773804e-01
2.256048619747161865e-01
2.256048321723937988e-01
2.256048321723937988e-01
2.256048023700714111e-01
2.256047874689102173e-01
2.256047576665878296e-01
2.256047427654266357e-01
2.256047427654266357e-01
2.256047129631042480e-01
2.256047129631042480e-01
2.256046831607818604e-01
2.256046384572982788e-01
2.256046384572982788e-01
2.256045937538146973e-01
2.256045937538146973e-01
2.256045639514923096e-01
2.256045341491699219e-01
2.256045192480087280e-01
2.256044894456863403e-01
2.256044894456863403e-01
2.256044894456863403e-01
2.256044447422027588e-01
2.256044149398803711e-01
2.256044000387191772e-01
2.256044000387191772e-01
2.256044000387191772e-01
2.256043404340744019e-01
2.256043404340744019e-01
2.256043404340744019e-01
2.256042659282684326e-01
2.256042659282684326e-01
2.256042510271072388e-01
2.256042510271072388e-01
2.256042212247848511e-01
