2.462965697050094604e-01
2.462965697050094604e-01
2.462965995073318481e-01
2.462965995073318481e-01
2.462965995073318481e-01
2.462965995073318481e-01
2.462965697050094604e-01
2.462965548038482666e-01
2.462965250015258789e-01
2.462965548038482666e-01
2.462965101003646851e-01
2.462965101003646851e-01
2.462964802980422974e-01
2.462964653968811035e-01
2.462964653968811035e-01
2.462964653968811035e-01
2.462964653968811035e-01
2.462964355945587158e-01
2.462964206933975220e-01
2.462964355945587158e-01
2.462964206933975220e-01
2.462964206933975220e-01
2.462964355945587158e-01
2.462964206933975220e-01
2.462964206933975220e-01
2.462963908910751343e-01
2.462963908910751343e-01
2.462963759899139404e-01
2.462963759899139404e-01
2.462963759899139404e-01
2.462963610887527466e-01
2.462963312864303589e-01
2.462963312864303589e-01
2.462963312864303589e-01
2.462963312864303589e-01
2.462963163852691650e-01
2.462963312864303589e-01
2.462963163852691650e-01
2.462962865829467773e-01
2.462962865829467773e-01
2.462962865829467773e-01
2.462962716817855835e-01
2.462962716817855835e-01
2.462962418794631958e-01
2.462962269783020020e-01
2.462962418794631958e-01
2.462962418794631958e-01
2.462962418794631958e-01
2.462961971759796143e-01
2.462961971759796143e-01
2.462962269783020020e-01
2.462961971759796143e-01
2.462961971759796143e-01
2.462961822748184204e-01
2.462961822748184204e-01
2.462961524724960327e-01
2.462961524724960327e-01
2.462961524724960327e-01
2.462961524724960327e-01
2.462961375713348389e-01
2.462961226701736450e-01
2.462961226701736450e-01
2.462961226701736450e-01
2.462960928678512573e-01
2.462960779666900635e-01
2.462960779666900635e-01
2.462960779666900635e-01
2.462960779666900635e-01
2.462960779666900635e-01
2.462960481643676758e-01
2.462960481643676758e-01
2.462960332632064819e-01
2.462960332632064819e-01
2.462960332632064819e-01
2.462960332632064819e-01
2.462960034608840942e-01
2.462959885597229004e-01
2.462959885597229004e-01
2.462959885597229004e-01
2.462959885597229004e-01
2.462959587574005127e-01
2.462959587574005127e-01
2.462959438562393188e-01
2.462958991527557373e-01
2.462959140539169312e-01
2.462958991527557373e-01
2.462958991527557373e-01
2.462958693504333496e-01
2.462958991527557373e-01
2.462958544492721558e-01
2.462958693504333496e-01
2.462958693504333496e-01
2.462958693504333496e-01
2.462958544492721558e-01
2.462958544492721558e-01
2.462958693504333496e-01
2.462958544492721558e-01
2.462958544492721558e-01
2.462958544492721558e-01
2.462958544492721558e-01
2.462958395481109619e-01
2.462958097457885742e-01
2.462958097457885742e-01
2.462957650423049927e-01
2.462957948446273804e-01
2.462957948446273804e-01
2.462957948446273804e-01
2.462957948446273804e-01
2.462957650423049927e-01
2.462957650423049927e-01
2.462957203388214111e-01
2.462957501411437988e-01
2.462957501411437988e-01
2.462957203388214111e-01
2.462957054376602173e-01
2.462956756353378296e-01
2.462957054376602173e-01
2.462957203388214111e-01
2.462956756353378296e-01
2.462956756353378296e-01
2.462956309318542480e-01
2.462956607341766357e-01
2.462956309318542480e-01
2.462956309318542480e-01
2.462956160306930542e-01
2.462956160306930542e-01
2.462955713272094727e-01
2.462956011295318604e-01
2.462956011295318604e-01
2.462956011295318604e-01
2.462956011295318604e-01
2.462956011295318604e-01
2.462956011295318604e-01
2.462955713272094727e-01
2.462955713272094727e-01
2.462955713272094727e-01
2.462955564260482788e-01
2.462955564260482788e-01
2.462955564260482788e-01
2.462955266237258911e-01
2.462955266237258911e-01
2.462955117225646973e-01
2.462955117225646973e-01
2.462954819202423096e-01
2.462955117225646973e-01
2.462954670190811157e-01
2.462954670190811157e-01
2.462954372167587280e-01
2.462954670190811157e-01
2.462954372167587280e-01
2.462954223155975342e-01
2.462954372167587280e-01
2.462954670190811157e-01
2.462954223155975342e-01
2.462954223155975342e-01
2.462953776121139526e-01
2.462953776121139526e-01
2.462953776121139526e-01
2.462953776121139526e-01
2.462953776121139526e-01
2.462953180074691772e-01
2.462953329086303711e-01
2.462953180074691772e-01
2.462953329086303711e-01
2.462952882051467896e-01
2.462952882051467896e-01
2.462952733039855957e-01
2.462952435016632080e-01
2.462952733039855957e-01
2.462952286005020142e-01
2.462952435016632080e-01
2.462952435016632080e-01
2.462952435016632080e-01
2.462952435016632080e-01
2.462952435016632080e-01
2.462951987981796265e-01
2.462952286005020142e-01
2.462951987981796265e-01
2.462952286005020142e-01
2.462951838970184326e-01
2.462951987981796265e-01
2.462951838970184326e-01
2.462951540946960449e-01
2.462951838970184326e-01
2.462951540946960449e-01
2.462951540946960449e-01
2.462951540946960449e-01
2.462951540946960449e-01
2.462951540946960449e-01
2.462951391935348511e-01
2.462951391935348511e-01
2.462950944900512695e-01
2.462950944900512695e-01
2.462951242923736572e-01
2.462951242923736572e-01
2.462950944900512695e-01
2.462950795888900757e-01
2.462950497865676880e-01
2.462950795888900757e-01
2.462950348854064941e-01
2.462950348854064941e-01
2.462950348854064941e-01
2.462950348854064941e-01
2.462950348854064941e-01
2.462950348854064941e-01
2.462950050830841064e-01
2.462949901819229126e-01
2.462950050830841064e-01
2.462949901819229126e-01
2.462949901819229126e-01
2.462949603796005249e-01
2.462949901819229126e-01
2.462949603796005249e-01
2.462949603796005249e-01
2.462949603796005249e-01
2.462949156761169434e-01
2.462949156761169434e-01
2.462949007749557495e-01
2.462949007749557495e-01
2.462949156761169434e-01
2.462949156761169434e-01
2.462948858737945557e-01
2.462948858737945557e-01
2.462948560714721680e-01
2.462948560714721680e-01
2.462948560714721680e-01
2.462948411703109741e-01
2.462948560714721680e-01
2.462948411703109741e-01
2.462948411703109741e-01
2.462948411703109741e-01
2.462948113679885864e-01
2.462948113679885864e-01
2.462948411703109741e-01
2.462947964668273926e-01
2.462947964668273926e-01
2.462947964668273926e-01
2.462947666645050049e-01
2.462947666645050049e-01
2.462947666645050049e-01
2.462947517633438110e-01
2.462947070598602295e-01
2.462947070598602295e-01
2.462947070598602295e-01
2.462947219610214233e-01
2.462947070598602295e-01
2.462946772575378418e-01
2.462946772575378418e-01
2.462947070598602295e-01
2.462947070598602295e-01
2.462947070598602295e-01
2.462946623563766479e-01
2.462947070598602295e-01
2.462946623563766479e-01
2.462946623563766479e-01
2.462946623563766479e-01
2.462946623563766479e-01
2.462946176528930664e-01
2.462946176528930664e-01
2.462946027517318726e-01
2.462945729494094849e-01
2.462946027517318726e-01
2.462945729494094849e-01
2.462946027517318726e-01
2.462946027517318726e-01
2.462945580482482910e-01
2.462945729494094849e-01
2.462945282459259033e-01
2.462945282459259033e-01
2.462945133447647095e-01
2.462945580482482910e-01
2.462945282459259033e-01
2.462945133447647095e-01
2.462945133447647095e-01
2.462944835424423218e-01
2.462944835424423218e-01
2.462944835424423218e-01
2.462944835424423218e-01
2.462944686412811279e-01
2.462944835424423218e-01
2.462944686412811279e-01
2.462944388389587402e-01
2.462944388389587402e-01
2.462944388389587402e-01
2.462944388389587402e-01
2.462944388389587402e-01
2.462943941354751587e-01
2.462944239377975464e-01
2.462943941354751587e-01
2.462943792343139648e-01
2.462943792343139648e-01
2.462943643331527710e-01
2.462943643331527710e-01
2.462943643331527710e-01
2.462943196296691895e-01
2.462943196296691895e-01
2.462943196296691895e-01
2.462943196296691895e-01
2.462943196296691895e-01
2.462942898273468018e-01
2.462942749261856079e-01
2.462943196296691895e-01
2.462942749261856079e-01
2.462942749261856079e-01
2.462942898273468018e-01
2.462942749261856079e-01
2.462942451238632202e-01
2.462942302227020264e-01
2.462942302227020264e-01
2.462942302227020264e-01
2.462942004203796387e-01
2.462941855192184448e-01
2.462941855192184448e-01
2.462942004203796387e-01
2.462941855192184448e-01
2.462941855192184448e-01
2.462941855192184448e-01
2.462941855192184448e-01
2.462941557168960571e-01
2.462941557168960571e-01
2.462941408157348633e-01
2.462941408157348633e-01
2.462941408157348633e-01
2.462941408157348633e-01
2.462941259145736694e-01
2.462940812110900879e-01
2.462940961122512817e-01
2.462940961122512817e-01
2.462940812110900879e-01
2.462940812110900879e-01
2.462940812110900879e-01
2.462940514087677002e-01
2.462940067052841187e-01
2.462940067052841187e-01
2.462940514087677002e-01
2.462940365076065063e-01
2.462940365076065063e-01
2.462940067052841187e-01
2.462940067052841187e-01
2.462940067052841187e-01
2.462940067052841187e-01
2.462940067052841187e-01
2.462939620018005371e-01
2.462939172983169556e-01
2.462939620018005371e-01
2.462939471006393433e-01
2.462939471006393433e-01
2.462939172983169556e-01
2.462939172983169556e-01
2.462939172983169556e-01
2.462939023971557617e-01
2.462939023971557617e-01
2.462939023971557617e-01
2.462939172983169556e-01
2.462939023971557617e-01
2.462938874959945679e-01
2.462938874959945679e-01
2.462938427925109863e-01
2.462938129901885986e-01
2.462938427925109863e-01
2.462938427925109863e-01
2.462938427925109863e-01
2.462938427925109863e-01
2.462938129901885986e-01
2.462938129901885986e-01
2.462937980890274048e-01
2.462937980890274048e-01
2.462937682867050171e-01
2.462937682867050171e-01
2.462937682867050171e-01
2.462937533855438232e-01
2.462937682867050171e-01
2.462937235832214355e-01
2.462937235832214355e-01
2.462937235832214355e-01
2.462937086820602417e-01
2.462937086820602417e-01
2.462936639785766602e-01
2.462936788797378540e-01
2.462936788797378540e-01
2.462936639785766602e-01
2.462936788797378540e-01
2.462936639785766602e-01
2.462937086820602417e-01
2.462936639785766602e-01
2.462936639785766602e-01
2.462936192750930786e-01
2.462936341762542725e-01
2.462936192750930786e-01
2.462936341762542725e-01
2.462936192750930786e-01
2.462936192750930786e-01
2.462936043739318848e-01
2.462935745716094971e-01
2.462936043739318848e-01
2.462935745716094971e-01
2.462935745716094971e-01
2.462935298681259155e-01
2.462935298681259155e-01
2.462935298681259155e-01
2.462935298681259155e-01
2.462935298681259155e-01
2.462934851646423340e-01
2.462935149669647217e-01
2.462935149669647217e-01
2.462934851646423340e-01
2.462934851646423340e-01
2.462934702634811401e-01
2.462934702634811401e-01
2.462934851646423340e-01
2.462934702634811401e-01
2.462934404611587524e-01
2.462934404611587524e-01
2.462934404611587524e-01
2.462934404611587524e-01
2.462933957576751709e-01
2.462933957576751709e-01
2.462933659553527832e-01
2.462933659553527832e-01
2.462933808565139771e-01
2.462933659553527832e-01
2.462933659553527832e-01
2.462933361530303955e-01
2.462933659553527832e-01
2.462933212518692017e-01
2.462933212518692017e-01
2.462933361530303955e-01
2.462933212518692017e-01
2.462933212518692017e-01
2.462932914495468140e-01
2.462933212518692017e-01
2.462933212518692017e-01
2.462932914495468140e-01
2.462932765483856201e-01
2.462932467460632324e-01
2.462932467460632324e-01
2.462932467460632324e-01
2.462932318449020386e-01
2.462932318449020386e-01
2.462932318449020386e-01
2.462932318449020386e-01
2.462932020425796509e-01
2.462931871414184570e-01
2.462931871414184570e-01
2.462931871414184570e-01
2.462931871414184570e-01
2.462931871414184570e-01
2.462931573390960693e-01
2.462931871414184570e-01
2.462931871414184570e-01
2.462931424379348755e-01
2.462931424379348755e-01
2.462931424379348755e-01
2.462931424379348755e-01
2.462931424379348755e-01
2.462931275367736816e-01
2.462931275367736816e-01
2.462930977344512939e-01
2.462930977344512939e-01
2.462930977344512939e-01
2.462930828332901001e-01
2.462930828332901001e-01
2.462930530309677124e-01
2.462930530309677124e-01
2.462930530309677124e-01
2.462930083274841309e-01
2.462929934263229370e-01
2.462929934263229370e-01
2.462929934263229370e-01
2.462929934263229370e-01
2.462929934263229370e-01
2.462930083274841309e-01
2.462930083274841309e-01
2.462929934263229370e-01
2.462929636240005493e-01
2.462929636240005493e-01
2.462929487228393555e-01
2.462929487228393555e-01
2.462929487228393555e-01
2.462929189205169678e-01
2.462929189205169678e-01
2.462929189205169678e-01
2.462928891181945801e-01
2.462928891181945801e-01
2.462928891181945801e-01
2.462928891181945801e-01
2.462928593158721924e-01
2.462928593158721924e-01
2.462928444147109985e-01
2.462928593158721924e-01
2.462928593158721924e-01
2.462928444147109985e-01
2.462928146123886108e-01
2.462927997112274170e-01
2.462928146123886108e-01
2.462927997112274170e-01
2.462928146123886108e-01
2.462928146123886108e-01
2.462927997112274170e-01
2.462927699089050293e-01
