6.387795507907867432e-02
6.387742608785629272e-02
6.387688964605331421e-02
6.387637555599212646e-02
6.387582421302795410e-02
6.387531757354736328e-02
6.387478858232498169e-02
6.387425214052200317e-02
6.387372314929962158e-02
6.387320160865783691e-02
6.387266516685485840e-02
6.387215852737426758e-02
6.387162208557128906e-02
6.387107819318771362e-02
6.387055665254592896e-02
6.387002021074295044e-02
6.386949121952056885e-02
6.386896967887878418e-02
6.386844813823699951e-02
6.386791914701461792e-02
6.386739760637283325e-02
6.386686116456985474e-02
6.386632472276687622e-02
6.386579573154449463e-02
6.386527419090270996e-02
6.386473774909973145e-02
6.386421620845794678e-02
6.386367976665496826e-02
6.386315822601318359e-02
6.386263668537139893e-02
6.386210024356842041e-02
6.386156380176544189e-02
6.386104226112365723e-02
6.386050581932067871e-02
6.385997682809829712e-02
6.385945528745651245e-02
6.385892629623413086e-02
6.385841220617294312e-02
6.385787576436996460e-02
6.385733932256698608e-02
6.385681033134460449e-02
6.385629624128341675e-02
6.385575979948043823e-02
6.385523825883865356e-02
6.385470926761627197e-02
6.385418027639389038e-02
6.385364383459091187e-02
6.385312229394912720e-02
6.385259330272674561e-02
6.385207176208496094e-02
6.385153532028198242e-02
6.385101377964019775e-02
6.385048478841781616e-02
6.384995579719543457e-02
6.384942680597305298e-02
6.384889781475067139e-02
6.384836882352828979e-02
6.384785473346710205e-02
6.384731084108352661e-02
6.384678930044174194e-02
6.384626775979995728e-02
6.384573131799697876e-02
6.384520232677459717e-02
6.384467333555221558e-02
6.384415924549102783e-02
6.384361535310745239e-02
6.384308636188507080e-02
6.384255737066268921e-02
6.384204328060150146e-02
6.384151428937911987e-02
6.384097039699554443e-02
6.384046375751495361e-02
6.383992731571197510e-02
6.383940577507019043e-02
6.383887678384780884e-02
6.383834779262542725e-02
6.383781880140304565e-02
6.383728981018066406e-02
6.383677572011947632e-02
6.383623927831649780e-02
6.383571773767471313e-02
6.383518874645233154e-02
6.383465230464935303e-02
6.383413076400756836e-02
6.383359432220458984e-02
6.383308023214340210e-02
6.383255869150161743e-02
6.383202224969863892e-02
6.383150070905685425e-02
6.383097171783447266e-02
6.383043527603149414e-02
6.382991373538970947e-02
6.382938474416732788e-02
6.382885575294494629e-02
6.382832676172256470e-02
6.382780522108078003e-02
6.382727622985839844e-02
6.382673978805541992e-02
6.382621824741363525e-02
6.382568925619125366e-02
6.382516771554946899e-02
6.382463127374649048e-02
6.382412463426589966e-02
6.382358819246292114e-02
6.382305920124053955e-02
6.382254511117935181e-02
6.382200121879577637e-02
6.382148712873458862e-02
6.382095068693161011e-02
6.382043659687042236e-02
6.381990015506744385e-02
6.381937116384506226e-02
6.381884962320327759e-02
6.381832063198089600e-02
6.381779164075851440e-02
6.381726264953613281e-02
6.381673365831375122e-02
6.381621956825256348e-02
6.381567567586898804e-02
6.381515413522720337e-02
6.381463259458541870e-02
6.381410360336303711e-02
6.381358206272125244e-02
6.381304562091827393e-02
6.381252408027648926e-02
6.381200253963470459e-02
6.381147354841232300e-02
6.381095200777053833e-02
6.381041556596755981e-02
6.380989402532577515e-02
6.380936503410339355e-02
6.380884349346160889e-02
6.380831450223922729e-02
6.380778551101684570e-02
6.380726397037506104e-02
6.380673497915267944e-02
6.380620598793029785e-02
6.380568444728851318e-02
6.380515545606613159e-02
6.380464136600494385e-02
6.380410492420196533e-02
6.380359083414077759e-02
6.380304694175720215e-02
6.380252540111541748e-02
6.380200386047363281e-02
6.380146741867065430e-02
6.380095332860946655e-02
6.380042433738708496e-02
6.379990279674530029e-02
6.379937380552291870e-02
6.379885226488113403e-02
6.379832327365875244e-02
6.379780173301696777e-02
6.379726529121398926e-02
6.379674375057220459e-02
6.379622220993041992e-02
6.379569321870803833e-02
6.379516422748565674e-02
6.379463523626327515e-02
6.379411369562149048e-02
6.379357725381851196e-02
6.379305571317672729e-02
6.379253417253494263e-02
6.379200518131256104e-02
6.379148364067077637e-02
6.379095464944839478e-02
6.379043310880661011e-02
6.378990411758422852e-02
6.378938257694244385e-02
6.378885358572006226e-02
6.378833204507827759e-02
6.378781050443649292e-02
6.378727406263351440e-02
6.378675252199172974e-02
6.378623843193054199e-02
6.378570199012756348e-02
6.378516554832458496e-02
6.378464400768280029e-02
6.378411501646041870e-02
6.378359347581863403e-02
6.378307193517684937e-02
6.378252804279327393e-02
6.378201395273208618e-02
6.378149241209030151e-02
6.378096342086791992e-02
6.378044933080673218e-02
6.377992033958435059e-02
6.377939879894256592e-02
6.377886980772018433e-02
6.377834826707839966e-02
6.377780437469482422e-02
6.377729773521423340e-02
6.377676129341125488e-02
6.377624720335006714e-02
6.377571821212768555e-02
6.377519667148590088e-02
6.377466022968292236e-02
6.377413868904113770e-02
6.377361714839935303e-02
6.377309560775756836e-02
6.377256661653518677e-02
6.377203762531280518e-02
6.377149373292922974e-02
6.377098709344863892e-02
6.377045810222625732e-02
6.376993656158447266e-02
6.376940757036209106e-02
6.376889348030090332e-02
6.376835703849792480e-02
6.376785039901733398e-02
6.376731395721435547e-02
6.376677751541137695e-02
6.376626342535018921e-02
6.376573443412780762e-02
6.376520544290542603e-02
6.376468390226364136e-02
6.376416236162185669e-02
6.376364827156066895e-02
6.376311928033828735e-02
6.376258283853530884e-02
6.376207619905471802e-02
6.376153975725173950e-02
6.376101821660995483e-02
6.376048922538757324e-02
6.375996768474578857e-02
6.375943869352340698e-02
6.375892460346221924e-02
6.375838816165924072e-02
6.375786662101745605e-02
6.375734508037567139e-02
6.375680863857269287e-02
6.375628709793090820e-02
6.375575810670852661e-02
6.375524401664733887e-02
6.375470757484436035e-02
6.375418603420257568e-02
6.375367194414138794e-02
6.375314295291900635e-02
6.375262886285781860e-02
6.375208497047424316e-02
6.375157833099365234e-02
6.375104933977127075e-02
6.375052034854888916e-02
6.374999880790710449e-02
6.374946981668472290e-02
6.374894082546234131e-02
6.374842673540115356e-02
6.374789774417877197e-02
6.374736875295639038e-02
6.374685466289520264e-02
6.374633312225341797e-02
6.374580413103103638e-02
6.374526768922805786e-02
6.374475359916687012e-02
6.374423205852508545e-02
6.374371051788330078e-02
6.374318152666091919e-02
6.374265998601913452e-02
6.374213844537734985e-02
6.374161690473556519e-02
6.374108791351318359e-02
6.374056637287139893e-02
6.374002993106842041e-02
6.373950839042663574e-02
6.373899430036544800e-02
6.373845785856246948e-02
6.373793631792068481e-02
6.373742222785949707e-02
6.373690068721771240e-02
6.373637169599533081e-02
6.373584270477294922e-02
6.373532861471176147e-02
6.373479962348937988e-02
6.373426318168640137e-02
6.373375654220581055e-02
6.373324245214462280e-02
6.373270601034164429e-02
6.373218446969985962e-02
6.373166292905807495e-02
6.373114883899688721e-02
6.373061239719390869e-02
6.373009085655212402e-02
6.372956186532974243e-02
6.372904032468795776e-02
6.372851133346557617e-02
6.372800469398498535e-02
6.372746825218200684e-02
6.372694671154022217e-02
6.372642517089843750e-02
6.372590363025665283e-02
6.372538208961486816e-02
6.372485309839248657e-02
6.372432410717010498e-02
6.372380256652832031e-02
6.372328102588653564e-02
6.372275203466415405e-02
6.372223794460296631e-02
6.372170895338058472e-02
6.372117996215820312e-02
6.372065097093582153e-02
6.372012943029403687e-02
6.371961534023284912e-02
6.371908634901046753e-02
6.371856480836868286e-02
6.371805071830749512e-02
6.371751427650451660e-02
6.371700763702392578e-02
6.371647119522094727e-02
6.371595710515975952e-02
6.371542811393737793e-02
6.371491402387619019e-02
6.371439248323440552e-02
6.371386349201202393e-02
6.371333450078964233e-02
6.371282041072845459e-02
6.371229887008666992e-02
6.371177732944488525e-02
6.371125578880310059e-02
6.371072679758071899e-02
6.371021270751953125e-02
6.370968371629714966e-02
6.370915472507476807e-02
6.370862573385238647e-02
6.370810419321060181e-02
6.370759010314941406e-02
6.370706111192703247e-02
6.370653957128524780e-02
6.370601803064346313e-02
6.370548903942108154e-02
6.370497494935989380e-02
6.370444595813751221e-02
6.370392441749572754e-02
6.370340287685394287e-02
6.370289623737335205e-02
6.370236724615097046e-02
6.370184570550918579e-02
6.370130926370620728e-02
6.370079517364501953e-02
6.370026618242263794e-02
6.369975209236145020e-02
6.369922310113906860e-02
6.369870901107788086e-02
6.369818747043609619e-02
6.369766592979431152e-02
6.369714438915252686e-02
6.369661539793014526e-02
6.369610130786895752e-02
6.369556486606597900e-02
6.369504332542419434e-02
6.369452178478240967e-02
6.369400024414062500e-02
6.369349360466003418e-02
6.369296461343765259e-02
6.369242817163467407e-02
6.369191408157348633e-02
6.369138509035110474e-02
6.369087100028991699e-02
6.369034200906753540e-02
6.368983536958694458e-02
6.368930637836456299e-02
6.368878483772277832e-02
6.368825584650039673e-02
6.368773430585861206e-02
6.368722021579742432e-02
6.368669122457504272e-02
6.368616223335266113e-02
6.368564814329147339e-02
6.368513405323028564e-02
6.368460506200790405e-02
6.368409097194671631e-02
6.368355453014373779e-02
6.368304044008255005e-02
6.368251144886016846e-02
6.368199735879898071e-02
6.368148326873779297e-02
6.368095427751541138e-02
6.368042528629302979e-02
6.367990374565124512e-02
6.367938965559005737e-02
6.367886066436767578e-02
6.367834657430648804e-02
6.367781758308410645e-02
6.367729604244232178e-02
6.367677450180053711e-02
6.367625296115875244e-02
6.367573887109756470e-02
6.367521733045578003e-02
6.367469578981399536e-02
6.367416679859161377e-02
6.367364525794982910e-02
6.367313861846923828e-02
6.367260962724685669e-02
6.367208808660507202e-02
6.367156654596328735e-02
6.367104500532150269e-02
6.367052346467971802e-02
6.367000937461853027e-02
6.366948038339614868e-02
6.366895139217376709e-02
6.366844475269317627e-02
6.366790831089019775e-02
6.366739422082901001e-02
6.366687268018722534e-02
6.366634368896484375e-02
6.366583704948425293e-02
6.366531550884246826e-02
6.366479396820068359e-02
6.366427242755889893e-02
6.366373598575592041e-02
6.366322934627532959e-02
6.366270035505294800e-02
6.366218626499176025e-02
6.366164982318878174e-02
6.366114318370819092e-02
6.366060674190521240e-02
6.366009265184402466e-02
6.365957111120223999e-02
6.365904957056045532e-02
6.365852802991867065e-02
6.365802139043807983e-02
6.365749239921569824e-02
6.365697830915451050e-02
6.365644186735153198e-02
6.365592032670974731e-02
6.365540623664855957e-02
6.365488469600677490e-02
6.365435570478439331e-02
6.365384161472320557e-02
6.365332007408142090e-02
6.365279853343963623e-02
6.365228444337844849e-02
6.365174800157546997e-02
6.365123391151428223e-02
6.365072727203369141e-02
6.365019828081130981e-02
6.364967674016952515e-02
6.364916265010833740e-02
6.364864110946655273e-02
6.364811956882476807e-02
6.364759802818298340e-02
6.364707648754119873e-02
6.364654749631881714e-02
6.364603340625762939e-02
6.364550441503524780e-02
6.364499777555465698e-02
6.364448368549346924e-02
6.364395469427108765e-02
6.364344060420989990e-02
6.364291161298751831e-02
6.364239752292633057e-02
6.364187598228454590e-02
6.364135444164276123e-02
6.364084035158157349e-02
6.364031881093978882e-02
6.363979727029800415e-02
6.363928318023681641e-02
6.363876163959503174e-02
6.363824009895324707e-02
6.363772600889205933e-02
6.363718956708908081e-02
6.363668292760848999e-02
6.363615393638610840e-02
6.363564729690551758e-02
6.363511085510253906e-02
6.363458186388015747e-02
6.363406777381896973e-02
6.363354623317718506e-02
6.363303214311599731e-02
6.363251060247421265e-02
6.363198906183242798e-02
6.363147497177124023e-02
6.363095343112945557e-02
6.363043189048767090e-02
6.362991034984588623e-02
6.362939625978469849e-02
6.362888216972351074e-02
6.362836062908172607e-02
6.362783163785934448e-02
6.362731754779815674e-02
6.362679600715637207e-02
6.362627446651458740e-02
6.362576037645339966e-02
6.362523138523101807e-02
6.362470984458923340e-02
6.362420320510864258e-02
6.362367421388626099e-02
6.362315267324447632e-02
6.362265348434448242e-02
6.362212449312210083e-02
6.362161040306091309e-02
6.362108886241912842e-02
6.362055987119674683e-02
6.362004578113555908e-02
6.361952424049377441e-02
6.361900269985198975e-02
6.361848860979080200e-02
6.361796706914901733e-02
6.361745297908782959e-02
6.361693143844604492e-02
6.361640989780426025e-02
