4.183812998235225677e-03
4.183803219348192215e-03
4.183793440461158752e-03
4.183783661574125290e-03
4.183774814009666443e-03
4.183765500783920288e-03
4.183756653219461441e-03
4.183745477348566055e-03
4.183736164122819901e-03
4.183727782219648361e-03
4.183717537671327591e-03
4.183707293123006821e-03
4.183698445558547974e-03
4.183688666671514511e-03
4.183679353445768356e-03
4.183669108897447586e-03
4.183660726994276047e-03
4.183650948107242584e-03
4.183641169220209122e-03
4.183631390333175659e-03
4.183622542768716812e-03
4.183613695204257965e-03
4.183603450655937195e-03
4.183594137430191040e-03
4.183583892881870270e-03
4.183574579656124115e-03
4.183563869446516037e-03
4.183555487543344498e-03
4.183546639978885651e-03
4.183536861091852188e-03
4.183526616543531418e-03
4.183518700301647186e-03
4.183508455753326416e-03
4.183499142527580261e-03
4.183489829301834106e-03
4.183480516076087952e-03
4.183470271527767181e-03
4.183460958302021027e-03
4.183451645076274872e-03
4.183441866189241409e-03
4.183432087302207947e-03
4.183423239737749100e-03
4.183413460850715637e-03
4.183403681963682175e-03
4.183394368737936020e-03
4.183384124189615250e-03
4.183375742286443710e-03
4.183365497738122940e-03
4.183357115834951401e-03
4.183346871286630630e-03
4.183337092399597168e-03
4.183327779173851013e-03
4.183318000286817551e-03
4.183308687061071396e-03
4.183299373835325241e-03
4.183290991932153702e-03
4.183280281722545624e-03
4.183271434158086777e-03
4.183261655271053314e-03
4.183251876384019852e-03
4.183240700513124466e-03
4.183232318609952927e-03
4.183223005384206772e-03
4.183214157819747925e-03
4.183204378932714462e-03
4.183194134384393692e-03
4.183185752481222153e-03
4.183176439255475998e-03
4.183165729045867920e-03
4.183156415820121765e-03
4.183147102594375610e-03
4.183137323707342148e-03
4.183128010481595993e-03
4.183119628578424454e-03
4.183108918368816376e-03
4.183099139481782913e-03
4.183090291917324066e-03
4.183080513030290604e-03
4.183071665465831757e-03
4.183061420917510986e-03
4.183052573353052139e-03
4.183042328804731369e-03
4.183033481240272522e-03
4.183023702353239059e-03
4.183014389127492905e-03
4.183005075901746750e-03
4.182994831353425980e-03
4.182985983788967133e-03
4.182977136224508286e-03
4.182966426014900208e-03
4.182957578450441360e-03
4.182947799563407898e-03
4.182938486337661743e-03
4.182928241789340973e-03
4.182918928563594818e-03
4.182909615337848663e-03
4.182900302112102509e-03
4.182890523225069046e-03
4.182881675660610199e-03
4.182870965451002121e-03
4.182863049209117889e-03
4.182852804660797119e-03
4.182843025773763657e-03
4.182833712548017502e-03
4.182824864983558655e-03
4.182815551757812500e-03
4.182805307209491730e-03
4.182795993983745575e-03
4.182787146419286728e-03
4.182776901870965958e-03
4.182767588645219803e-03
4.182758741080760956e-03
4.182748962193727493e-03
4.182739648967981339e-03
4.182729870080947876e-03
4.182721022516489029e-03
4.182711243629455566e-03
4.182700999081134796e-03
4.182691220194101334e-03
4.182682838290929794e-03
4.182673525065183640e-03
4.182664211839437485e-03
4.182654432952404022e-03
4.182645119726657867e-03
4.182635340839624405e-03
4.182626027613878250e-03
4.182616248726844788e-03
4.182606469839811325e-03
4.182597156614065170e-03
4.182588309049606323e-03
4.182578064501285553e-03
4.182568285614252090e-03
4.182558972388505936e-03
4.182550590485334396e-03
4.182541742920875549e-03
4.182531964033842087e-03
4.182521719485521317e-03
4.182512871921062469e-03
4.182502627372741699e-03
4.182493314146995544e-03
4.182484466582536697e-03
4.182474687695503235e-03
4.182464908808469772e-03
4.182455595582723618e-03
4.182446282356977463e-03
4.182436969131231308e-03
4.182428121566772461e-03
4.182417877018451691e-03
4.182408098131418228e-03
4.182399716228246689e-03
4.182390403002500534e-03
4.182381089776754379e-03
4.182371776551008224e-03
4.182361997663974762e-03
4.182352218776941299e-03
4.182342905551195145e-03
4.182333592325448990e-03
4.182323813438415527e-03
4.182314500212669373e-03
4.182304721325635910e-03
4.182295408099889755e-03
4.182286094874143600e-03
4.182276315987110138e-03
4.182267934083938599e-03
4.182258155196905136e-03
4.182248376309871674e-03
4.182238597422838211e-03
4.182229749858379364e-03
4.182219970971345901e-03
4.182210192084312439e-03
4.182200878858566284e-03
4.182191565632820129e-03
4.182182252407073975e-03
4.182172473520040512e-03
4.182163625955581665e-03
4.182154312729835510e-03
4.182144999504089355e-03
4.182135220617055893e-03
4.182126373052597046e-03
4.182116594165563583e-03
4.182107746601104736e-03
4.182097036391496658e-03
4.182088188827037811e-03
4.182078409940004349e-03
4.182068631052970886e-03
4.182059783488512039e-03
4.182050004601478577e-03
4.182040225714445114e-03
4.182031378149986267e-03
4.182021133601665497e-03
4.182011820375919342e-03
4.182002972811460495e-03
4.181993659585714340e-03
4.181983415037393570e-03
4.181974567472934723e-03
4.181965254247188568e-03
4.181955941021442413e-03
4.181946627795696259e-03
4.181937314569950104e-03
4.181928001344203949e-03
4.181917756795883179e-03
4.181908909231424332e-03
4.181898664683103561e-03
4.181889351457357407e-03
4.181880038231611252e-03
4.181870725005865097e-03
4.181860946118831635e-03
4.181851632893085480e-03
4.181841854006052017e-03
4.181833006441593170e-03
4.181823227554559708e-03
4.181814379990100861e-03
4.181804601103067398e-03
4.181795287877321243e-03
4.181786905974149704e-03
4.181776661425828934e-03
4.181767813861370087e-03
4.181757569313049316e-03
4.181747790426015854e-03
4.181738477200269699e-03
4.181730095297098160e-03
4.181720316410064697e-03
4.181710537523031235e-03
4.181700758635997772e-03
4.181691445410251617e-03
4.181681666523218155e-03
4.181672818958759308e-03
4.181663505733013153e-03
4.181653726845979691e-03
4.181644879281520844e-03
4.181634634733200073e-03
4.181626252830028534e-03
4.181616008281707764e-03
4.181606695055961609e-03
4.181597381830215454e-03
4.181587602943181992e-03
4.181578289717435837e-03
4.181568976491689682e-03
4.181559663265943527e-03
4.181549884378910065e-03
4.181540571153163910e-03
4.181531257927417755e-03
4.181522410362958908e-03
4.181512631475925446e-03
4.181502852588891983e-03
4.181493539363145828e-03
4.181484691798686981e-03
4.181474912911653519e-03
4.181464668363332748e-03
4.181456286460161209e-03
4.181446507573127747e-03
4.181437660008668900e-03
4.181428346782922745e-03
4.181417636573314667e-03
4.181408789008855820e-03
4.181399941444396973e-03
4.181390162557363510e-03
4.181381314992904663e-03
4.181372001767158508e-03
4.181362222880125046e-03
4.181352443993091583e-03
4.181344062089920044e-03
4.181334283202886581e-03
4.181324038654565811e-03
4.181315656751394272e-03
4.181305877864360809e-03
4.181296564638614655e-03
4.181287717074155807e-03
4.181277938187122345e-03
4.181268159300088882e-03
4.181258380413055420e-03
4.181250464171171188e-03
4.181240685284137726e-03
4.181230440735816956e-03
4.181221593171358109e-03
4.181211348623037338e-03
4.181203432381153107e-03
4.181193653494119644e-03
4.181183874607086182e-03
4.181175027042627335e-03
4.181164782494306564e-03
4.181155469268560410e-03
4.181146621704101562e-03
4.181137308478355408e-03
4.181127063930034637e-03
4.181118216365575790e-03
4.181109834462404251e-03
4.181099589914083481e-03
4.181090276688337326e-03
4.181080963462591171e-03
4.181070253252983093e-03
4.181062802672386169e-03
4.181053489446640015e-03
4.181043244898319244e-03
4.181033931672573090e-03
4.181024618446826935e-03
4.181015305221080780e-03
4.181005991995334625e-03
4.180996678769588470e-03
4.180986899882555008e-03
4.180977120995521545e-03
4.180968273431062698e-03
4.180958028882741928e-03
4.180950112640857697e-03
4.180939868092536926e-03
4.180931020528078079e-03
4.180920775979757309e-03
4.180911928415298462e-03
4.180902615189552307e-03
4.180892370641231537e-03
4.180883988738059998e-03
4.180874675512313843e-03
4.180865362286567688e-03
4.180856049060821533e-03
4.180846735835075378e-03
4.180836025625467300e-03
4.180828109383583069e-03
4.180818330496549606e-03
4.180808085948228836e-03
4.180799704045057297e-03
4.180790390819311142e-03
4.180780611932277679e-03
4.180770833045244217e-03
4.180761985480785370e-03
4.180752206593751907e-03
4.180742427706718445e-03
4.180733580142259598e-03
4.180724732577800751e-03
4.180715419352054596e-03
4.180705640465021133e-03
4.180697258561849594e-03
4.180687014013528824e-03
4.180677700787782669e-03
4.180668387562036514e-03
4.180659074336290359e-03
4.180649761110544205e-03
4.180639516562223434e-03
4.180631134659051895e-03
4.180622287094593048e-03
4.180611576884984970e-03
4.180603194981813431e-03
4.180592950433492661e-03
4.180584102869033813e-03
4.180573858320713043e-03
4.180565476417541504e-03
4.180556163191795349e-03
4.180546384304761887e-03
4.180537071079015732e-03
4.180528223514556885e-03
4.180518910288810730e-03
4.180509131401777267e-03
4.180500749498605728e-03
4.180490039288997650e-03
4.180480726063251495e-03
4.180471412837505341e-03
4.180463030934333801e-03
4.180452786386013031e-03
4.180443938821554184e-03
4.180434625595808029e-03
4.180424381047487259e-03
4.180415533483028412e-03
4.180407151579856873e-03
4.180396441370248795e-03
4.180387593805789948e-03
4.180377814918756485e-03
4.180368967354297638e-03
4.180359188467264175e-03
4.180349875241518021e-03
4.180340562015771866e-03
4.180331248790025711e-03
4.180321935564279556e-03
4.180313553661108017e-03
4.180303774774074554e-03
4.180293064564466476e-03
4.180284217000007629e-03
4.180275835096836090e-03
4.180266056209802628e-03
4.180255346000194550e-03
4.180247429758310318e-03
4.180238116532564163e-03
4.180227871984243393e-03
4.180219490081071854e-03
4.180209711194038391e-03
4.180199932307004929e-03
4.180190153419971466e-03
4.180181771516799927e-03
4.180172458291053772e-03
4.180162679404020309e-03
4.180153831839561462e-03
4.180144518613815308e-03
4.180135205388069153e-03
4.180125426501035690e-03
4.180116113275289536e-03
4.180106800049543381e-03
4.180097486823797226e-03
4.180088173598051071e-03
4.180078394711017609e-03
4.180069081485271454e-03
4.180060233920812607e-03
4.180050920695066452e-03
4.180042073130607605e-03
4.180031828582286835e-03
4.180022981017827988e-03
4.180013667792081833e-03
4.180004354566335678e-03
4.179994575679302216e-03
4.179985262453556061e-03
4.179976880550384521e-03
4.179966636002063751e-03
4.179958254098892212e-03
4.179948940873146057e-03
4.179939161986112595e-03
4.179929383099079132e-03
4.179920535534620285e-03
4.179912153631448746e-03
4.179902374744415283e-03
4.179892595857381821e-03
4.179882816970348358e-03
4.179874435067176819e-03
4.179864656180143356e-03
4.179854877293109894e-03
4.179845564067363739e-03
4.179836716502904892e-03
4.179827403277158737e-03
4.179817624390125275e-03
4.179808311164379120e-03
4.179799463599920273e-03
4.179789219051599503e-03
4.179780371487140656e-03
4.179771523922681808e-03
4.179762676358222961e-03
4.179752897471189499e-03
4.179743584245443344e-03
4.179734271019697189e-03
4.179724957793951035e-03
4.179715178906917572e-03
4.179706331342458725e-03
4.179696552455425262e-03
4.179687704890966415e-03
4.179677460342645645e-03
4.179668612778186798e-03
4.179657902568578720e-03
4.179649520665407181e-03
4.179641138762235641e-03
4.179632291197776794e-03
4.179622046649456024e-03
4.179612733423709869e-03
4.179603420197963715e-03
4.179594572633504868e-03
4.179585725069046021e-03
4.179575946182012558e-03
4.179566167294979095e-03
4.179557319730520248e-03
4.179547540843486786e-03
4.179538227617740631e-03
4.179528448730707169e-03
4.179519601166248322e-03
4.179510753601789474e-03
4.179501440376043320e-03
4.179492127150297165e-03
4.179481882601976395e-03
4.179473966360092163e-03
4.179464187473058701e-03
4.179454874247312546e-03
4.179445095360279083e-03
4.179435782134532928e-03
4.179426934570074081e-03
4.179417621344327927e-03
4.179407842457294464e-03
4.179398994892835617e-03
4.179389681667089462e-03
4.179379902780056000e-03
4.179371986538171768e-03
4.179362673312425613e-03
4.179352428764104843e-03
4.179343581199645996e-03
4.179334733635187149e-03
4.179324954748153687e-03
4.179315641522407532e-03
4.179306793957948685e-03
4.179296549409627914e-03
4.179288167506456375e-03
4.179278388619422913e-03
4.179269075393676758e-03
4.179259762167930603e-03
4.179250914603471756e-03
4.179241601377725601e-03
4.179232288151979446e-03
4.179222509264945984e-03
4.179213196039199829e-03
4.179204348474740982e-03
4.179194103926420212e-03
4.179184790700674057e-03
4.179175943136215210e-03
4.179166629910469055e-03
4.179157782346010208e-03
4.179148003458976746e-03
4.179139155894517899e-03
4.179129377007484436e-03
4.179120063781738281e-03
