2.061759531497955322e-01
2.061478495597839355e-01
2.061757743358612061e-01
2.061477601528167725e-01
2.061757147312164307e-01
2.061476111412048340e-01
2.061756104230880737e-01
2.061475366353988647e-01
2.061755061149597168e-01
2.061473876237869263e-01
2.061753869056701660e-01
2.061472833156585693e-01
2.061752378940582275e-01
2.061471492052078247e-01
2.061751484870910645e-01
2.061470896005630493e-01
2.061750739812850952e-01
2.061469703912734985e-01
2.061749249696731567e-01
2.061468511819839478e-01
2.061748355627059937e-01
2.061467319726943970e-01
2.061747312545776367e-01
2.061466276645660400e-01
2.061746120452880859e-01
2.061465531587600708e-01
2.061745077371597290e-01
2.061464339494705200e-01
2.061744332313537598e-01
2.061463147401809692e-01
2.061743140220642090e-01
2.061462700366973877e-01
2.061741650104522705e-01
2.061461210250854492e-01
2.061740905046463013e-01
2.061460018157958984e-01
2.061739712953567505e-01
2.061458230018615723e-01
2.061738967895507812e-01
2.061458081007003784e-01
2.061737328767776489e-01
2.061456739902496338e-01
2.061736285686492920e-01
2.061455845832824707e-01
2.061735540628433228e-01
2.061454802751541138e-01
2.061734348535537720e-01
2.061453312635421753e-01
2.061733156442642212e-01
2.061452418565750122e-01
2.061732113361358643e-01
2.061451673507690430e-01
2.061731219291687012e-01
2.061450183391571045e-01
2.061729729175567627e-01
2.061449438333511353e-01
2.061728537082672119e-01
2.061448544263839722e-01
2.061727344989776611e-01
2.061447203159332275e-01
2.061726301908493042e-01
2.061446309089660645e-01
2.061725407838821411e-01
2.061445116996765137e-01
2.061723917722702026e-01
2.061444520950317383e-01
2.061723321676254272e-01
2.061443179845809937e-01
2.061721682548522949e-01
2.061442434787750244e-01
2.061720639467239380e-01
2.061440944671630859e-01
2.061719447374343872e-01
2.061439752578735352e-01
2.061719000339508057e-01
2.061438709497451782e-01
2.061717510223388672e-01
2.061437815427780151e-01
2.061716765165328979e-01
2.061436772346496582e-01
2.061715871095657349e-01
2.061435729265213013e-01
2.061714380979537964e-01
2.061434537172317505e-01
2.061713635921478271e-01
2.061433792114257812e-01
2.061712443828582764e-01
2.061432600021362305e-01
2.061711400747299194e-01
2.061431705951690674e-01
2.061710208654403687e-01
2.061430364847183228e-01
2.061709165573120117e-01
2.061429470777511597e-01
2.061708271503448486e-01
2.061428278684616089e-01
2.061707079410552979e-01
2.061427533626556396e-01
2.061706036329269409e-01
2.061426341533660889e-01
2.061704844236373901e-01
2.061425000429153442e-01
2.061703801155090332e-01
2.061424255371093750e-01
2.061703056097030640e-01
2.061423361301422119e-01
2.061701864004135132e-01
2.061422169208526611e-01
2.061700671911239624e-01
2.061420828104019165e-01
2.061699479818344116e-01
2.061419934034347534e-01
2.061698734760284424e-01
2.061418890953063965e-01
2.061697542667388916e-01
2.061417698860168457e-01
2.061696499586105347e-01
2.061416953802108765e-01
2.061695307493209839e-01
2.061416059732437134e-01
2.061694264411926270e-01
2.061414867639541626e-01
2.061693370342254639e-01
2.061414271593093872e-01
2.061692327260971069e-01
2.061412334442138672e-01
2.061691582202911377e-01
2.061411142349243164e-01
2.061690390110015869e-01
2.061409950256347656e-01
2.061689198017120361e-01
2.061409354209899902e-01
2.061688303947448730e-01
2.061408013105392456e-01
2.061686962842941284e-01
2.061407268047332764e-01
2.061686515808105469e-01
2.061406075954437256e-01
2.061685025691986084e-01
2.061405032873153687e-01
2.061684131622314453e-01
2.061404287815093994e-01
2.061683386564254761e-01
2.061403095722198486e-01
2.061681896448135376e-01
2.061401903629302979e-01
2.061681151390075684e-01
2.061401307582855225e-01
2.061679661273956299e-01
2.061400115489959717e-01
2.061678916215896606e-01
2.061399370431900024e-01
2.061678022146224976e-01
2.061397880315780640e-01
2.061676830053329468e-01
2.061396986246109009e-01
2.061675786972045898e-01
2.061396241188049316e-01
2.061674743890762329e-01
2.061395049095153809e-01
2.061673402786254883e-01
2.061394006013870239e-01
2.061672657728195190e-01
2.061393111944198608e-01
2.061671614646911621e-01
2.061391919851303101e-01
2.061670422554016113e-01
2.061390876770019531e-01
2.061669677495956421e-01
2.061390131711959839e-01
2.061668634414672852e-01
2.061388641595840454e-01
2.061667442321777344e-01
2.061387747526168823e-01
2.061666250228881836e-01
2.061386704444885254e-01
2.061665356159210205e-01
2.061385959386825562e-01
2.061664015054702759e-01
2.061384767293930054e-01
2.061663269996643066e-01
2.061383724212646484e-01
2.061661928892135620e-01
2.061383128166198730e-01
2.061661183834075928e-01
2.061381787061691284e-01
2.061659842729568481e-01
2.061380892992019653e-01
2.061658650636672974e-01
2.061379849910736084e-01
2.061657905578613281e-01
2.061378657817840576e-01
2.061657011508941650e-01
2.061377614736557007e-01
2.061655521392822266e-01
2.061376422643661499e-01
2.061654478311538696e-01
2.061375975608825684e-01
2.061653882265090942e-01
2.061374485492706299e-01
2.061652541160583496e-01
2.061373740434646606e-01
2.061651647090911865e-01
2.061372846364974976e-01
2.061650454998016357e-01
2.061371803283691406e-01
2.061649709939956665e-01
2.061370909214019775e-01
2.061648368835449219e-01
2.061369419097900391e-01
2.061647474765777588e-01
2.061368823051452637e-01
2.061646282672882080e-01
2.061368227005004883e-01
2.061645239591598511e-01
2.061366885900497437e-01
2.061644494533538818e-01
2.061365693807601929e-01
2.061643302440643311e-01
2.061364799737930298e-01
2.061642408370971680e-01
2.061363458633422852e-01
2.061641365289688110e-01
2.061362564563751221e-01
2.061640173196792603e-01
2.061361819505691528e-01
2.061639428138732910e-01
2.061360776424407959e-01
2.061638236045837402e-01
2.061359882354736328e-01
2.061637192964553833e-01
2.061358839273452759e-01
2.061636447906494141e-01
2.061357945203781128e-01
2.061635255813598633e-01
2.061356753110885620e-01
2.061634510755538940e-01
2.061355412006378174e-01
2.061633020639419556e-01
2.061354666948318481e-01
2.061632275581359863e-01
2.061353474855422974e-01
2.061631381511688232e-01
2.061352580785751343e-01
2.061630338430404663e-01
2.061351537704467773e-01
2.061628848314285278e-01
2.061350345611572266e-01
2.061627954244613647e-01
2.061349153518676758e-01
2.061627209186553955e-01
2.061348408460617065e-01
2.061626166105270386e-01
2.061347365379333496e-01
2.061625272035598755e-01
2.061346471309661865e-01
2.061623781919479370e-01
2.061345428228378296e-01
2.061623036861419678e-01
2.061344236135482788e-01
2.061622142791748047e-01
2.061343044042587280e-01
2.061620801687240601e-01
2.061342746019363403e-01
2.061620056629180908e-01
2.061341851949691772e-01
2.061618864536285400e-01
2.061340510845184326e-01
2.061618119478225708e-01
2.061339616775512695e-01
2.061616927385330200e-01
2.061338573694229126e-01
2.061616033315658569e-01
2.061337828636169434e-01
2.061614990234375000e-01
2.061336636543273926e-01
2.061613947153091431e-01
2.061335742473602295e-01
2.061613351106643677e-01
2.061334401369094849e-01
2.061612308025360107e-01
2.061333805322647095e-01
2.061610817909240723e-01
2.061332762241363525e-01
2.061609923839569092e-01
2.061331719160079956e-01
2.061609178781509399e-01
2.061330825090408325e-01
2.061608135700225830e-01
2.061329632997512817e-01
2.061606943607330322e-01
2.061329036951065063e-01
2.061606496572494507e-01
2.061327695846557617e-01
2.061605006456375122e-01
2.061326354742050171e-01
2.061604261398315430e-01
2.061325460672378540e-01
2.061603069305419922e-01
2.061324715614318848e-01
2.061602026224136353e-01
2.061323225498199463e-01
2.061601132154464722e-01
2.061322331428527832e-01
2.061599791049957275e-01
2.061321586370468140e-01
2.061598896980285645e-01
2.061320841312408447e-01
2.061597853899002075e-01
2.061319798231124878e-01
2.061596959829330444e-01
2.061318904161453247e-01
2.061596214771270752e-01
2.061317414045333862e-01
2.061594724655151367e-01
2.061316668987274170e-01
2.061593979597091675e-01
2.061315923929214478e-01
2.061593085527420044e-01
2.061314880847930908e-01
2.061592340469360352e-01
2.061313986778259277e-01
2.061591297388076782e-01
2.061312943696975708e-01
2.061590105295181274e-01
2.061312049627304077e-01
2.061589062213897705e-01
2.061311006546020508e-01
2.061588168144226074e-01
2.061310112476348877e-01
2.061587125062942505e-01
2.061308771371841431e-01
2.061585932970046997e-01
2.061308175325393677e-01
2.061584889888763428e-01
2.061307132244110107e-01
2.061584293842315674e-01
2.061306089162826538e-01
2.061583548784255981e-01
2.061304897069931030e-01
2.061582505702972412e-01
2.061304152011871338e-01
2.061581313610076904e-01
2.061303406953811646e-01
2.061580270528793335e-01
2.061302512884140015e-01
2.061579376459121704e-01
2.061301022768020630e-01
2.061578333377838135e-01
2.061300277709960938e-01
2.061577439308166504e-01
2.061299532651901245e-01
2.061576396226882935e-01
2.061298638582229614e-01
2.061575502157211304e-01
2.061297595500946045e-01
2.061574161052703857e-01
2.061296701431274414e-01
2.061573714017868042e-01
2.061295658349990845e-01
2.061572521924972534e-01
2.061294615268707275e-01
2.061571329832077026e-01
2.061294019222259521e-01
2.061570584774017334e-01
2.061292976140975952e-01
2.061569392681121826e-01
2.061291188001632690e-01
2.061568051576614380e-01
2.061289995908737183e-01
2.061567157506942749e-01
2.061289101839065552e-01
2.061566412448883057e-01
2.061288356781005859e-01
2.061565369367599487e-01
2.061287313699722290e-01
2.061564177274703979e-01
2.061286568641662598e-01
2.061563432216644287e-01
2.061285376548767090e-01
2.061562538146972656e-01
2.061284631490707397e-01
2.061561495065689087e-01
2.061283737421035767e-01
2.061560600996017456e-01
2.061282396316528320e-01
2.061559557914733887e-01
2.061281800270080566e-01
2.061558812856674194e-01
2.061280757188796997e-01
2.061557620763778687e-01
2.061279565095901489e-01
2.061556875705718994e-01
2.061278820037841797e-01
2.061555981636047363e-01
2.061277776956558228e-01
2.061554640531539917e-01
2.061276882886886597e-01
2.061553895473480225e-01
2.061275839805603027e-01
2.061553001403808594e-01
2.061274945735931396e-01
2.061551958322525024e-01
2.061273455619812012e-01
2.061550766229629517e-01
2.061273157596588135e-01
2.061550319194793701e-01
2.061271965503692627e-01
2.061549127101898193e-01
2.061270922422409058e-01
2.061548084020614624e-01
2.061270028352737427e-01
2.061547189950942993e-01
2.061268985271453857e-01
2.061546444892883301e-01
2.061268091201782227e-01
2.061545401811599731e-01
2.061267346143722534e-01
2.061544209718704224e-01
2.061266303062438965e-01
2.061543464660644531e-01
2.061265110969543457e-01
2.061541974544525146e-01
2.061264663934707642e-01
2.061541527509689331e-01
2.061263471841812134e-01
2.061540484428405762e-01
2.061262726783752441e-01
2.061539739370346069e-01
2.061261534690856934e-01
2.061538845300674438e-01
2.061260491609573364e-01
2.061537802219390869e-01
2.061259746551513672e-01
2.061536610126495361e-01
2.061259001493453979e-01
2.061535418033599854e-01
2.061258107423782349e-01
2.061534970998764038e-01
2.061257064342498779e-01
2.061533629894256592e-01
2.061255872249603271e-01
2.061532884836196899e-01
2.061254829168319702e-01
2.061531990766525269e-01
2.061254084110260010e-01
2.061530798673629761e-01
2.061253190040588379e-01
2.061529755592346191e-01
2.061252444982528687e-01
2.061528861522674561e-01
2.061251401901245117e-01
2.061528116464614868e-01
2.061250209808349609e-01
2.061527371406555176e-01
2.061249464750289917e-01
2.061526328325271606e-01
2.061248272657394409e-01
2.061525434255599976e-01
2.061247378587722778e-01
2.061523944139480591e-01
2.061246335506439209e-01
2.061522901058197021e-01
2.061245590448379517e-01
2.061522156000137329e-01
2.061244696378707886e-01
2.061521261930465698e-01
2.061243653297424316e-01
2.061520218849182129e-01
2.061242461204528809e-01
2.061519771814346313e-01
2.061241716146469116e-01
2.061518281698226929e-01
2.061240673065185547e-01
2.061517089605331421e-01
2.061239928007125854e-01
2.061516344547271729e-01
2.061239033937454224e-01
2.061515450477600098e-01
2.061237990856170654e-01
2.061514407396316528e-01
2.061237245798110962e-01
2.061513364315032959e-01
2.061236500740051270e-01
2.061512768268585205e-01
2.061235308647155762e-01
2.061512023210525513e-01
2.061234116554260254e-01
2.061510533094406128e-01
2.061233371496200562e-01
2.061509937047958374e-01
2.061232626438140869e-01
2.061508744955062866e-01
2.061231136322021484e-01
2.061507850885391235e-01
2.061230540275573730e-01
2.061507105827331543e-01
2.061229199171066284e-01
2.061506062746047974e-01
2.061228305101394653e-01
