2.134758746251463890e-03
2.134755719453096390e-03
2.134752459824085236e-03
2.134749665856361389e-03
2.134746639057993889e-03
2.134743612259626389e-03
2.134740352630615234e-03
2.134737093001604080e-03
2.134734299033880234e-03
2.134731737896800041e-03
2.134728711098432541e-03
2.134725684300065041e-03
2.134722657501697540e-03
2.134719863533973694e-03
2.134716836735606194e-03
2.134713809937238693e-03
2.134710550308227539e-03
2.134707523509860039e-03
2.134704496711492538e-03
2.134701935574412346e-03
2.134698675945401192e-03
2.134695881977677345e-03
2.134692855179309845e-03
2.134689828380942345e-03
2.134687034413218498e-03
2.134683774784207344e-03
2.134680747985839844e-03
2.134678186848759651e-03
2.134675160050392151e-03
2.134672133252024651e-03
2.134669339284300804e-03
2.134666079655289650e-03
2.134663052856922150e-03
2.134660258889198303e-03
2.134656999260187149e-03
2.134653739631175995e-03
2.134650712832808495e-03
2.134647918865084648e-03
2.134645124897360802e-03
2.134642098098993301e-03
2.134639071300625801e-03
2.134636044502258301e-03
2.134632552042603493e-03
2.134629990905523300e-03
2.134626498445868492e-03
2.134623704478144646e-03
2.134621143341064453e-03
2.134617883712053299e-03
2.134615089744329453e-03
2.134611597284674644e-03
2.134609036147594452e-03
2.134605776518583298e-03
2.134602982550859451e-03
2.134599955752491951e-03
2.134597394615411758e-03
2.134594134986400604e-03
2.134590875357389450e-03
2.134588081389665604e-03
2.134584588930010796e-03
2.134582027792930603e-03
2.134579000994563103e-03
2.134576439857482910e-03
2.134572714567184448e-03
2.134570153430104256e-03
2.134567126631736755e-03
2.134564099833369255e-03
2.134561073035001755e-03
2.134557580575346947e-03
2.134555485099554062e-03
2.134551992639899254e-03
2.134549431502819061e-03
2.134546171873807907e-03
2.134543610736727715e-03
2.134539885446429253e-03
2.134537324309349060e-03
2.134534297510981560e-03
2.134531503543257713e-03
2.134528011083602905e-03
2.134525217115879059e-03
2.134522423148155212e-03
2.134519163519144058e-03
2.134516602382063866e-03
2.134512877091765404e-03
2.134510781615972519e-03
2.134507289156317711e-03
2.134504728019237518e-03
2.134501468390226364e-03
2.134498674422502518e-03
2.134495647624135017e-03
2.134492387995123863e-03
2.134489594027400017e-03
2.134486800059676170e-03
2.134483773261308670e-03
2.134480979293584824e-03
2.134477719664573669e-03
2.134474692866206169e-03
2.134471666067838669e-03
2.134468872100114822e-03
2.134465845301747322e-03
2.134462585672736168e-03
2.134459791705012321e-03
2.134456532076001167e-03
2.134453505277633667e-03
2.134450711309909821e-03
2.134447451680898666e-03
2.134444657713174820e-03
2.134441863745450974e-03
2.134438836947083473e-03
2.134436042979359627e-03
2.134432550519704819e-03
2.134429756551980972e-03
2.134426962584257126e-03
2.134423935785889626e-03
2.134421374648809433e-03
2.134417882189154625e-03
2.134415553882718086e-03
2.134412294253706932e-03
2.134409034624695778e-03
2.134406007826328278e-03
2.134402981027960777e-03
2.134399488568305969e-03
2.134396927431225777e-03
2.134394133463501930e-03
2.134390641003847122e-03
2.134388079866766930e-03
2.134384820237755775e-03
2.134382491931319237e-03
2.134378999471664429e-03
2.134376205503940582e-03
2.134372945874929428e-03
2.134370617568492889e-03
2.134367357939481735e-03
2.134364331141114235e-03
2.134361304342746735e-03
2.134358510375022888e-03
2.134355483576655388e-03
2.134352689608931541e-03
2.134350128471851349e-03
2.134346868842840195e-03
2.134344074875116348e-03
2.134341048076748848e-03
2.134338021278381348e-03
2.134334994480013847e-03
2.134331967681646347e-03
2.134328475221991539e-03
2.134325681254267693e-03
2.134322654455900192e-03
2.134319860488176346e-03
2.134316600859165192e-03
2.134314039722084999e-03
2.134310780093073845e-03
2.134308451786637306e-03
2.134304959326982498e-03
2.134301932528614998e-03
2.134298672899603844e-03
2.134295878931879997e-03
2.134292852133512497e-03
2.134289825335144997e-03
2.134287031367421150e-03
2.134284004569053650e-03
2.134281909093260765e-03
2.134278183802962303e-03
2.134275389835238457e-03
2.134271897375583649e-03
2.134269569069147110e-03
2.134266076609492302e-03
2.134263049811124802e-03
2.134260255843400955e-03
2.134257229045033455e-03
2.134254435077309608e-03
2.134250942617654800e-03
2.134248614311218262e-03
2.134245121851563454e-03
2.134242327883839607e-03
2.134239301085472107e-03
2.134236739948391914e-03
2.134233247488737106e-03
2.134230686351656914e-03
2.134227892383933067e-03
2.134224399924278259e-03
2.134221838787198067e-03
2.134218579158186913e-03
2.134216018021106720e-03
2.134212758392095566e-03
2.134209964424371719e-03
2.134206471964716911e-03
2.134204143658280373e-03
2.134201349690556526e-03
2.134198090061545372e-03
2.134195063263177872e-03
2.134192269295454025e-03
2.134189708158373833e-03
2.134185982868075371e-03
2.134183421730995178e-03
2.134180162101984024e-03
2.134177600964903831e-03
2.134173875674605370e-03
2.134171314537525177e-03
2.134167822077870369e-03
2.134165260940790176e-03
2.134162234142422676e-03
2.134159440174698830e-03
2.134156180545687675e-03
2.134153852239251137e-03
2.134150825440883636e-03
2.134147565811872482e-03
2.134144306182861328e-03
2.134141279384493828e-03
2.134138485416769981e-03
2.134135458618402481e-03
2.134133130311965942e-03
2.134129637852311134e-03
2.134127076715230942e-03
2.134123584255576134e-03
2.134121255949139595e-03
2.134117996320128441e-03
2.134115202352404594e-03
2.134112175554037094e-03
2.134109381586313248e-03
2.134106354787945747e-03
2.134103095158934593e-03
2.134100301191210747e-03
2.134097507223486900e-03
2.134094713255763054e-03
2.134091220796108246e-03
2.134088426828384399e-03
2.134085400030016899e-03
2.134082373231649399e-03
2.134079579263925552e-03
2.134076319634914398e-03
2.134073758497834206e-03
2.134070498868823051e-03
2.134067704901099205e-03
2.134064212441444397e-03
2.134061185643076897e-03
2.134057926014065742e-03
2.134055830538272858e-03
2.134053269401192665e-03
2.134050242602825165e-03
2.134047215804457664e-03
2.134044189006090164e-03
2.134041395038366318e-03
2.134038135409355164e-03
2.134035807102918625e-03
2.134032314643263817e-03
2.134029520675539970e-03
2.134026028215885162e-03
2.134023001417517662e-03
2.134020207449793816e-03
2.134016714990139008e-03
2.134014386683702469e-03
2.134011359885334969e-03
2.134008333086967468e-03
2.134005539119243622e-03
2.134002512320876122e-03
2.133999252691864967e-03
2.133996225893497467e-03
2.133993431925773621e-03
2.133990172296762466e-03
2.133988076820969582e-03
2.133984817191958427e-03
2.133981790393590927e-03
2.133978763595223427e-03
2.133975969627499580e-03
2.133972244337201118e-03
2.133969916030764580e-03
2.133967122063040733e-03
2.133964095264673233e-03
2.133961534127593040e-03
2.133958274498581886e-03
2.133955480530858040e-03
2.133951755240559578e-03
2.133949426934123039e-03
2.133946167305111885e-03
2.133943838998675346e-03
2.133940346539020538e-03
2.133937552571296692e-03
2.133934758603572845e-03
2.133931266143918037e-03
2.133928472176194191e-03
2.133925911039113998e-03
2.133922418579459190e-03
2.133919624611735344e-03
2.133916830644011497e-03
2.133914036676287651e-03
2.133911009877920151e-03
2.133907983079552650e-03
2.133904723450541496e-03
2.133901696652173996e-03
2.133898669853806496e-03
2.133895875886082649e-03
2.133893314749002457e-03
2.133890055119991302e-03
2.133887261152267456e-03
2.133884700015187263e-03
2.133881673216819763e-03
2.133878646418452263e-03
2.133875852450728416e-03
2.133872127160429955e-03
2.133869333192706108e-03
2.133866772055625916e-03
2.133863512426614761e-03
2.133860252797603607e-03
2.133856993168592453e-03
2.133854432031512260e-03
2.133851870894432068e-03
2.133848844096064568e-03
2.133845817297697067e-03
2.133842557668685913e-03
2.133839763700962067e-03
2.133837202563881874e-03
2.133834175765514374e-03
2.133830916136503220e-03
2.133827889338135719e-03
2.133824629709124565e-03
2.133822301402688026e-03
2.133818576112389565e-03
2.133816247805953026e-03
2.133813453838229179e-03
2.133810194209218025e-03
2.133807633072137833e-03
2.133804373443126678e-03
2.133801812306046486e-03
2.133798319846391678e-03
2.133795525878667831e-03
2.133792964741587639e-03
2.133790170773863792e-03
2.133787376806139946e-03
2.133784350007772446e-03
2.133781090378761292e-03
2.133778296411037445e-03
2.133775036782026291e-03
2.133772009983658791e-03
2.133769216015934944e-03
2.133766422048211098e-03
2.133763162419199944e-03
2.133760368451476097e-03
2.133757341653108597e-03
2.133754547685384750e-03
2.133751520887017250e-03
2.133748959749937057e-03
2.133745700120925903e-03
2.133742440491914749e-03
2.133739879354834557e-03
2.133736852556467056e-03
2.133733825758099556e-03
2.133730798959732056e-03
2.133727772161364555e-03
2.133724745362997055e-03
2.133721485733985901e-03
2.133718924596905708e-03
2.133715664967894554e-03
2.133713569492101669e-03
2.133709844201803207e-03
2.133707515895366669e-03
2.133704256266355515e-03
2.133701462298631668e-03
2.133698668330907822e-03
2.133695874363183975e-03
2.133692847564816475e-03
2.133689820766448975e-03
2.133686793968081474e-03
2.133684000000357628e-03
2.133681206032633781e-03
2.133677946403622627e-03
2.133675385266542435e-03
2.133671659976243973e-03
2.133669098839163780e-03
2.133666304871439934e-03
2.133663278073072433e-03
2.133660018444061279e-03
2.133656991645693779e-03
2.133654663339257240e-03
2.133651636540889740e-03
2.133648376911878586e-03
2.133645582944154739e-03
2.133642323315143585e-03
2.133639762178063393e-03
2.133636502549052238e-03
2.133633708581328392e-03
2.133630448952317238e-03
2.133627654984593391e-03
2.133624628186225891e-03
2.133622299879789352e-03
2.133619273081421852e-03
2.133616013452410698e-03
2.133613452315330505e-03
2.133609959855675697e-03
2.133606933057308197e-03
2.133604139089584351e-03
2.133601345121860504e-03
2.133598318323493004e-03
2.133595524355769157e-03
2.133592497557401657e-03
2.133589470759034157e-03
2.133586443960666656e-03
2.133583417162299156e-03
2.133580856025218964e-03
2.133577829226851463e-03
2.133574569597840309e-03
2.133571775630116463e-03
2.133568748831748962e-03
2.133566187694668770e-03
2.133562928065657616e-03
2.133560134097933769e-03
2.133557107299566269e-03
2.133554546162486076e-03
2.133551519364118576e-03
2.133548259735107422e-03
2.133545465767383575e-03
2.133542206138372421e-03
2.133539645001292229e-03
2.133536851033568382e-03
2.133533824235200882e-03
2.133530564606189728e-03
2.133527770638465881e-03
2.133524511009454727e-03
2.133521717041730881e-03
2.133518690243363380e-03
2.133515896275639534e-03
2.133512636646628380e-03
2.133510075509548187e-03
2.133507281541824341e-03
2.133504254743456841e-03
2.133500762283802032e-03
2.133498201146721840e-03
2.133494941517710686e-03
2.133492380380630493e-03
2.133489353582262993e-03
2.133486326783895493e-03
2.133483299985527992e-03
2.133480738848447800e-03
2.133477479219436646e-03
2.133474685251712799e-03
2.133472124114632607e-03
2.133469097316265106e-03
2.133466536179184914e-03
2.133462810888886452e-03
2.133460249751806259e-03
2.133456757292151451e-03
2.133454428985714912e-03
2.133451402187347412e-03
2.133448608219623566e-03
2.133445814251899719e-03
2.133442321792244911e-03
2.133439527824521065e-03
2.133436501026153564e-03
2.133433241397142410e-03
2.133430447429418564e-03
2.133427420631051064e-03
2.133425557985901833e-03
2.133421599864959717e-03
2.133419504389166832e-03
2.133415779098868370e-03
2.133413450792431831e-03
2.133409958332777023e-03
2.133407164365053177e-03
2.133404370397329330e-03
2.133401343598961830e-03
2.133398549631237984e-03
2.133395057171583176e-03
2.133393194526433945e-03
2.133389236405491829e-03
2.133386908099055290e-03
2.133383182808756828e-03
2.133380621671676636e-03
2.133377362042665482e-03
2.133375266566872597e-03
2.133372006937861443e-03
2.133368980139493942e-03
2.133365953341126442e-03
2.133363159373402596e-03
2.133360598236322403e-03
2.133357338607311249e-03
2.133354544639587402e-03
2.133351517841219902e-03
2.133348956704139709e-03
2.133345464244484901e-03
2.133342903107404709e-03
2.133339876309037209e-03
2.133336849510669708e-03
2.133334754034876823e-03
2.133331028744578362e-03
2.133328700438141823e-03
2.133324742317199707e-03
2.133322414010763168e-03
2.133319387212395668e-03
2.133316127583384514e-03
2.133313333615660667e-03
2.133310073986649513e-03
2.133307512849569321e-03
2.133304486051201820e-03
2.133301924914121628e-03
2.133298665285110474e-03
2.133296104148030281e-03
2.133292611688375473e-03
2.133290749043226242e-03
2.133287489414215088e-03
2.133284695446491241e-03
2.133281435817480087e-03
