2.823618352413177490e-01
1.610201001167297363e+00
6.024066209793090820e-01
3.220293760299682617e+00
7.111123800277709961e-01
-2.766237258911132812e+00
-2.196423113346099854e-01
1.583996228873729706e-02
-7.658647298812866211e-01
1.574975252151489258e+00
-2.388536453247070312e+00
-1.139686346054077148e+00
-1.052291989326477051e+00
-1.203235507011413574e+00
-7.201204299926757812e-01
3.187307715415954590e-02
-5.277251005172729492e-01
3.728254437446594238e-01
8.611311316490173340e-01
-8.662743568420410156e-01
5.796537399291992188e-01
6.788876652717590332e-01
8.800480365753173828e-01
-3.163268864154815674e-01
9.041399359703063965e-01
-2.336985766887664795e-01
1.145549893379211426e+00
-1.357656240463256836e+00
1.026005297899246216e-01
2.994628250598907471e-01
-4.181938469409942627e-01
1.022035717964172363e+00
-3.324478268623352051e-01
-4.034018814563751221e-01
1.939566493034362793e+00
-2.870547771453857422e-01
4.154419004917144775e-01
-6.642873287200927734e-01
2.716352343559265137e-01
-2.959114909172058105e-01
7.072660923004150391e-01
1.613419771194458008e+00
1.033944487571716309e+00
3.802555203437805176e-01
1.628535509109497070e+00
3.310586214065551758e-01
5.853993296623229980e-01
-7.860664725303649902e-01
-9.203967638313770294e-03
7.132112979888916016e-01
7.520976662635803223e-01
8.636730909347534180e-01
2.199117541313171387e-01
-6.406834721565246582e-01
2.008351311087608337e-02
4.103130340576171875e+00
5.819688439369201660e-01
-1.001667022705078125e+00
-2.247242927551269531e-01
-1.718591339886188507e-02
-3.475753664970397949e-01
8.577690273523330688e-02
9.126307368278503418e-01
-9.927229881286621094e-01
-1.335133671760559082e+00
-1.053749442100524902e+00
2.289025783538818359e-01
8.435697108507156372e-02
-5.215742159634828568e-03
-6.257019639015197754e-01
7.458714246749877930e-01
4.326675832271575928e-01
8.930260539054870605e-01
-1.168617367744445801e+00
-1.783131718635559082e+00
-1.452759265899658203e+00
3.044236004352569580e-01
3.902166485786437988e-01
-2.398573637008666992e+00
-5.023816600441932678e-02
2.781195044517517090e-01
9.795858263969421387e-01
-3.348770737648010254e-01
7.272046804428100586e-02
2.999364733695983887e-01
6.954167485237121582e-01
-2.259935617446899414e+00
3.228673338890075684e-02
4.575763642787933350e-02
-1.578427553176879883e+00
-4.300458133220672607e-01
-1.771976470947265625e+00
7.439464330673217773e-01
4.037681221961975098e-01
-1.009388733655214310e-02
-3.153211116790771484e+00
-2.494600564241409302e-01
-1.549525856971740723e-01
1.234784007072448730e+00
1.069705605506896973e+00
-5.063634514808654785e-01
-2.555652618408203125e+00
-1.003676772117614746e+00
-1.189439415931701660e+00
1.249669432640075684e+00
9.626407921314239502e-02
1.115610361099243164e+00
7.414949126541614532e-03
-1.976952791213989258e+00
-1.694802492856979370e-01
3.915490210056304932e-01
-5.842475891113281250e-01
1.260808587074279785e+00
-4.156492352485656738e-01
-6.546390056610107422e-01
4.292434751987457275e-01
1.661330759525299072e-01
-1.604258775711059570e+00
2.341244518756866455e-01
1.561086297035217285e+00
2.646951675415039062e+00
-1.621690839529037476e-01
1.814917773008346558e-01
8.208200335502624512e-01
-2.436782121658325195e-01
1.107134595513343811e-01
2.912224531173706055e-01
-4.750832319259643555e-01
-6.360468268394470215e-01
1.103328466415405273e+00
-4.856007695198059082e-01
-3.471304774284362793e-01
3.256073474884033203e+00
-1.131074503064155579e-01
2.476415596902370453e-02
3.448592424392700195e-01
4.384482800960540771e-01
2.467057406902313232e-01
-1.652835726737976074e+00
-2.533266246318817139e-01
6.584194302558898926e-02
2.007190585136413574e-01
-4.464667439460754395e-01
-2.571756839752197266e+00
-4.486373364925384521e-01
-4.884634315967559814e-01
1.028856158256530762e+00
3.636182844638824463e-01
2.416337430477142334e-01
4.840949475765228271e-01
-1.277855634689331055e+00
-3.433979451656341553e-01
2.276525050401687622e-01
1.352596402168273926e+00
-1.781978249549865723e+00
-9.099169820547103882e-02
3.116833269596099854e-01
1.034358620643615723e+00
3.678470849990844727e+00
-1.082873821258544922e+00
3.521648347377777100e-01
3.083001077175140381e-02
-1.001325324177742004e-01
-1.916096061468124390e-01
-1.252465724945068359e+00
1.176208019256591797e+00
-2.473919868469238281e+00
1.134603738784790039e+00
8.057309389114379883e-01
-1.411823987960815430e+00
1.457984596490859985e-01
-4.493601918220520020e-01
1.053037881851196289e+00
3.287908136844635010e-01
-1.120014905929565430e+00
-3.094210386276245117e+00
-1.607514470815658569e-01
-3.915202617645263672e+00
-4.327753484249114990e-01
1.026802659034729004e+00
-5.122810602188110352e-01
9.286830425262451172e-01
-1.952268123626708984e+00
-1.271172285079956055e+00
-3.121161699295043945e+00
-1.633716464042663574e+00
5.732852816581726074e-01
-4.750834703445434570e-01
1.185991406440734863e+00
-4.606088623404502869e-02
1.060404181480407715e+00
-3.385154306888580322e-01
1.815925687551498413e-01
-2.712782919406890869e-01
-1.539331674575805664e-01
2.185352891683578491e-01
5.206313133239746094e-01
2.420471012592315674e-01
-5.490180253982543945e-01
-1.017765104770660400e-01
