6.553701162338256836e-01
-1.521231651306152344e+00
3.688772916793823242e-01
4.696516990661621094e-01
7.771726846694946289e-01
-2.393263280391693115e-01
-9.326151013374328613e-01
-3.131323456764221191e-01
3.746664822101593018e-01
1.240871071815490723e+00
-8.428553938865661621e-01
-4.141988158226013184e-01
3.480720281600952148e+00
7.969619631767272949e-01
-8.216816782951354980e-01
4.002710282802581787e-01
-1.506893992424011230e+00
3.664045929908752441e-01
-1.901952505111694336e+00
4.660467207431793213e-01
-4.220950603485107422e-02
8.874508738517761230e-01
-1.599574983119964600e-01
-2.438958138227462769e-01
-1.421139836311340332e+00
1.887307018041610718e-01
-1.310817480087280273e+00
5.985667705535888672e-01
5.972322225570678711e-01
-2.159085273742675781e+00
-7.925928831100463867e-01
1.305914759635925293e+00
-1.622967481613159180e+00
-1.621712446212768555e+00
6.083748340606689453e-01
2.051740884780883789e-01
2.721930146217346191e-01
-4.796125292778015137e-01
-6.831736564636230469e-01
-2.665801763534545898e+00
-4.652096889913082123e-03
-3.198628425598144531e-01
1.904488056898117065e-01
9.516788721084594727e-01
7.675545215606689453e-01
9.700768589973449707e-01
-1.169082522392272949e+00
1.312791090458631516e-02
4.095493257045745850e-01
-1.525142908096313477e+00
-7.226178795099258423e-02
2.803930342197418213e-01
5.233169198036193848e-01
-1.157084181904792786e-01
-2.314150333404541016e-01
-1.853731155395507812e+00
-1.753567934036254883e+00
-1.902541816234588623e-01
6.173647046089172363e-01
4.255184233188629150e-01
-8.414673805236816406e-01
2.419314086437225342e-01
1.726770251989364624e-01
-6.746328473091125488e-01
1.658668279647827148e+00
1.847715854644775391e+00
2.600151300430297852e-01
-5.667264461517333984e-01
9.780629873275756836e-01
-1.451020598411560059e+00
-8.999119997024536133e-01
-8.164350986480712891e-01
1.849763095378875732e-01
-1.365683555603027344e+00
7.887632846832275391e-01
3.500303328037261963e-01
-5.534225702285766602e-01
-1.293651103973388672e+00
-3.005745112895965576e-01
4.573417663574218750e+00
4.032649099826812744e-01
-6.110837459564208984e-01
1.245223522186279297e+00
2.299712449312210083e-01
-2.420448362827301025e-01
-2.075517416000366211e+00
-1.550558447837829590e+00
1.504790544509887695e+00
2.836408019065856934e-01
-9.532574415206909180e-01
5.615455508232116699e-01
5.522835850715637207e-01
-5.659999847412109375e-01
1.131686449050903320e+00
-1.064161419868469238e+00
6.589109301567077637e-01
4.701315164566040039e-01
-1.641570925712585449e+00
3.961274623870849609e-01
6.183694601058959961e-01
-1.708988472819328308e-02
-1.002832174301147461e+00
1.201276183128356934e-01
-5.118649601936340332e-01
1.137498140335083008e+00
-1.078776001930236816e+00
-4.231738746166229248e-01
-1.799754977226257324e+00
-1.604220986366271973e+00
-1.038747787475585938e+00
-3.291816413402557373e-01
-6.752032637596130371e-01
-4.065276384353637695e-01
-3.197105228900909424e-01
3.135445117950439453e-01
-2.290824055671691895e-01
-1.102378129959106445e+00
-7.137928158044815063e-02
6.462313532829284668e-01
3.683210313320159912e-01
-2.897955894470214844e+00
-1.555737257003784180e+00
7.190609574317932129e-01
1.313961148262023926e+00
-3.394122421741485596e-01
9.487562179565429688e-01
-3.564913570880889893e-01
-3.394969701766967773e-01
-2.644463814795017242e-02
-1.172595500946044922e+00
9.999329596757888794e-02
3.702426850795745850e-01
2.529750466346740723e-01
-1.951774597167968750e+00
7.733385562896728516e-01
-9.124926328659057617e-01
-2.736009955406188965e-01
-1.745557069778442383e+00
-2.968393564224243164e-01
5.250924825668334961e-01
-1.657019495964050293e+00
2.793614566326141357e-02
5.685825943946838379e-01
9.208056330680847168e-01
1.602914333343505859e-01
1.776463985443115234e+00
5.473427772521972656e-01
1.461944729089736938e-01
-8.924260735511779785e-02
-2.582929432392120361e-01
1.345412135124206543e-01
3.264950960874557495e-02
3.753673434257507324e-01
3.294454514980316162e-01
6.039716601371765137e-01
-2.563663005828857422e+00
1.064213961362838745e-01
-9.416315704584121704e-02
2.003812491893768311e-01
1.758167296648025513e-01
9.996902942657470703e-01
-2.325526773929595947e-01
-2.357291936874389648e+00
1.331155419349670410e+00
-4.519993066787719727e-02
-1.365397691726684570e+00
9.471594691276550293e-01
-7.507622987031936646e-02
-1.766106605529785156e+00
1.193828701972961426e+00
-7.597931623458862305e-01
-1.380078196525573730e+00
7.681759595870971680e-01
1.669297695159912109e+00
3.469607830047607422e-01
-1.781121134757995605e+00
7.439242601394653320e-01
-1.460059642791748047e+00
1.601411104202270508e+00
-5.004613995552062988e-01
9.370496273040771484e-01
5.124410390853881836e-01
1.107013344764709473e+00
9.528496265411376953e-01
3.551874160766601562e-01
1.922982335090637207e+00
-7.526218295097351074e-01
4.506355524063110352e-01
3.998849987983703613e-01
7.946956753730773926e-01
3.455925583839416504e-01
6.287320852279663086e-01
9.080806374549865723e-01
1.403236627578735352e+00
5.489887595176696777e-01
-7.145141959190368652e-01
-1.873861193656921387e+00
-1.473888456821441650e-01
-1.775839209556579590e+00
9.645376205444335938e-01
-9.096828103065490723e-01
-1.507255554199218750e+00
-6.745639443397521973e-01
1.110083222389221191e+00
-3.719615936279296875e-01
7.513668537139892578e-01
4.002089500427246094e-01
-1.915006339550018311e-01
4.675833880901336670e-02
8.493242263793945312e-01
-1.031451940536499023e+00
5.195964574813842773e-01
2.649768292903900146e-01
1.256436824798583984e+00
1.948345780372619629e+00
6.207031011581420898e-01
-3.405318260192871094e-01
-1.072514533996582031e+00
-8.482838273048400879e-01
1.467738032341003418e+00
-3.646832406520843506e-01
4.123492836952209473e-01
5.094563961029052734e-02
1.023111701011657715e+00
-3.278580904006958008e-01
2.837767601013183594e-01
-2.808067083358764648e+00
-2.684136927127838135e-01
7.159144878387451172e-01
-4.200682640075683594e-01
-4.446081519126892090e-01
8.582760393619537354e-02
-6.554266810417175293e-02
-1.566397309303283691e+00
-7.755137681961059570e-01
3.077188432216644287e-01
-1.291863434016704559e-02
1.962946206331253052e-01
-7.786803245544433594e-01
-3.316274404525756836e+00
7.773114740848541260e-02
3.211436569690704346e-01
4.364419281482696533e-01
-8.229220509529113770e-01
-1.483249306678771973e+00
-4.083007872104644775e-01
1.628686324693262577e-03
8.847503662109375000e-01
2.847205400466918945e-01
-2.530992627143859863e-01
5.013754963874816895e-01
-5.066828727722167969e-01
1.876631006598472595e-02
6.158404797315597534e-02
1.905001282691955566e+00
-1.418812751770019531e+00
-1.750704407691955566e+00
-1.992866754531860352e+00
-1.578119516372680664e+00
-5.359094142913818359e-01
-2.704702377319335938e+00
3.561137020587921143e-01
-9.283644556999206543e-01
4.200702067464590073e-03
1.564069986343383789e+00
1.927827000617980957e-01
-1.058988809585571289e+00
-1.223679780960083008e+00
-2.789937853813171387e-01
-1.636057615280151367e+00
3.697837889194488525e-01
4.070512354373931885e-01
5.563142299652099609e-01
-1.759022325277328491e-01
-1.089105755090713501e-01
1.066994071006774902e+00
1.041349530220031738e+00
4.591912329196929932e-01
-1.398785859346389771e-01
2.536928415298461914e+00
-1.765415430068969727e+00
3.461928665637969971e-01
1.360856771469116211e+00
2.492145150899887085e-01
-4.212689399719238281e-02
7.029215693473815918e-01
-9.433018565177917480e-01
-1.207643374800682068e-01
2.158377647399902344e+00
6.718566268682479858e-02
-9.979070164263248444e-03
1.438868880271911621e+00
5.334101319313049316e-01
7.173484563827514648e-01
1.199569702148437500e+00
2.638044953346252441e-01
5.242162346839904785e-01
2.135275304317474365e-01
8.922302722930908203e-01
7.521758228540420532e-02
