1.023241162300109863e+00
-6.241661906242370605e-01
-7.661448717117309570e-01
7.609158754348754883e-02
9.515904188156127930e-01
1.242391109466552734e+00
-3.787623345851898193e-01
3.205328881740570068e-01
-3.634963035583496094e-01
2.402975410223007202e-01
6.907081604003906250e-01
-3.435985147953033447e-01
7.841731905937194824e-01
-7.193541526794433594e-01
3.749920427799224854e-01
1.878682374954223633e+00
-5.777492374181747437e-02
1.319084167480468750e+00
3.933459520339965820e-01
-2.563174664974212646e-01
1.012321472167968750e+00
2.907423079013824463e-01
5.094388723373413086e-01
1.172905921936035156e+00
-1.063941240310668945e+00
-4.689863324165344238e-01
1.424014449119567871e+00
2.816292941570281982e-01
4.703142642974853516e-01
2.465665489435195923e-01
-1.142525076866149902e+00
-1.323233127593994141e+00
-9.920498132705688477e-01
-1.067270994186401367e+00
7.165931463241577148e-01
6.612903475761413574e-01
-2.639485001564025879e-01
4.884563982486724854e-01
1.318717956542968750e+00
-1.333557218313217163e-01
-2.072122134268283844e-02
1.244791507720947266e+00
1.437373876571655273e+00
-9.405907392501831055e-01
-9.878169745206832886e-02
9.728302955627441406e-01
6.791594624519348145e-01
-5.391919016838073730e-01
2.510538697242736816e-01
6.541693806648254395e-01
4.694297611713409424e-01
4.681617915630340576e-01
-5.416120886802673340e-01
-1.149608612060546875e+00
1.344148755073547363e+00
1.722463846206665039e+00
6.624421477317810059e-01
1.223918676376342773e+00
-2.046150863170623779e-01
7.999493479728698730e-01
-6.069250404834747314e-02
-4.766143560409545898e-01
-1.189883112907409668e+00
5.371250510215759277e-01
2.106364727020263672e+00
-7.381553649902343750e-01
5.870527625083923340e-01
2.345192432403564453e-01
4.034034311771392822e-01
-9.339691400527954102e-01
-9.632015824317932129e-01
-1.067955493927001953e+00
-2.415893971920013428e-01
2.860056608915328979e-02
2.277527570724487305e+00
-8.725064396858215332e-01
4.603418707847595215e-02
-2.439883947372436523e+00
3.036433830857276917e-02
3.098364174365997314e-02
1.841560900211334229e-01
-6.579597592353820801e-01
1.027354001998901367e+00
-2.999070882797241211e-01
-9.949376583099365234e-01
9.718018174171447754e-01
2.104283720254898071e-01
1.285487294197082520e+00
-1.281046390533447266e+00
1.546500325202941895e+00
-1.018929243087768555e+00
1.763932466506958008e+00
-4.519422054290771484e-01
-4.044403731822967529e-01
-2.568194270133972168e-01
7.754840850830078125e-01
2.720698714256286621e-01
-8.371567130088806152e-01
8.692735806107521057e-03
-7.494866847991943359e-01
2.521604597568511963e-01
-1.368705630302429199e+00
-1.898993402719497681e-01
9.849059581756591797e-02
1.372837901115417480e+00
9.237306714057922363e-01
-1.122217059135437012e+00
1.209615230560302734e+00
5.912021994590759277e-01
2.319264709949493408e-01
1.143627047538757324e+00
-4.815695583820343018e-01
3.625765740871429443e-01
2.055567950010299683e-01
1.456740975379943848e+00
-9.660506844520568848e-01
-5.655297264456748962e-02
1.588431477546691895e+00
1.894320130348205566e+00
4.389875829219818115e-01
-2.697973251342773438e+00
-2.551101207733154297e+00
-1.900517791509628296e-01
-9.785899519920349121e-01
4.193985164165496826e-01
3.327045738697052002e-01
-1.223536610603332520e+00
5.201177000999450684e-01
-2.533539533615112305e+00
1.045986652374267578e+00
1.509892225265502930e+00
-3.430785238742828369e-01
3.866291999816894531e+00
5.624225139617919922e-01
-3.148959875106811523e-01
2.688073217868804932e-01
-2.679230570793151855e-01
-7.809165120124816895e-01
1.157830003648996353e-02
-3.904395103454589844e-01
-7.536746263504028320e-01
2.226186543703079224e-01
1.214095115661621094e+00
8.989212512969970703e-01
1.060781836509704590e+00
1.079609274864196777e+00
-9.552524089813232422e-01
6.734464764595031738e-01
2.710270881652832031e-01
1.162135601043701172e-01
1.721205711364746094e+00
-1.902990341186523438e-01
1.857952833175659180e+00
-1.797518253326416016e+00
2.916023492813110352e+00
-1.517409443855285645e+00
2.895327508449554443e-01
-5.034800171852111816e-01
1.163074254989624023e+00
6.208727955818176270e-01
1.428977489471435547e+00
-2.172532796859741211e+00
-1.753322005271911621e+00
-8.037204742431640625e-01
1.445807456970214844e+00
-3.949433565139770508e-01
-1.416011601686477661e-01
8.465906381607055664e-01
1.000053524971008301e+00
-1.361233741044998169e-01
-1.993707537651062012e+00
-5.810925960540771484e-01
-9.843919277191162109e-01
2.275654822587966919e-01
-1.214397668838500977e+00
8.203833103179931641e-01
-5.213803648948669434e-01
-7.717989385128021240e-02
-2.627589702606201172e+00
-1.445864558219909668e+00
-3.024565935134887695e+00
-1.074200630187988281e+00
-1.028503030538558960e-01
-1.153519868850708008e+00
1.210775017738342285e+00
-2.558693408966064453e+00
7.937074452638626099e-02
1.364579200744628906e+00
-6.238596439361572266e-01
1.968250274658203125e+00
-1.218798831105232239e-01
-6.340690851211547852e-01
-5.879397392272949219e-01
-1.403342187404632568e-02
-4.055574536323547363e-01
5.531941652297973633e-01
-1.977884471416473389e-01
1.647662073373794556e-01
-4.432082548737525940e-02
3.257629275321960449e-01
6.487067937850952148e-01
3.422962427139282227e-01
-4.079787991940975189e-03
8.144817948341369629e-01
-1.803659349679946899e-01
8.886660337448120117e-01
1.313129514455795288e-01
1.630182862281799316e-01
-8.462646603584289551e-02
6.725244522094726562e-01
-4.979756474494934082e-01
-5.942371487617492676e-01
1.270018965005874634e-01
-1.041554093360900879e+00
-1.863713562488555908e-01
-2.829152584075927734e+00
7.966072559356689453e-01
2.137331724166870117e+00
-1.927232742309570312e+00
2.060475498437881470e-01
1.491660118103027344e+00
4.427226725965738297e-03
-2.141682624816894531e+00
-1.681228429079055786e-01
-1.859016567468643188e-01
-3.182405829429626465e-01
-5.041217803955078125e-01
1.114324688911437988e+00
3.148415684700012207e-01
-1.003048062324523926e+00
3.393599689006805420e-01
-5.393227934837341309e-01
3.072140514850616455e-01
-1.634801745414733887e+00
7.628870010375976562e-01
7.179443240165710449e-01
-3.381208777427673340e-01
-1.573193192481994629e+00
-3.170181065797805786e-03
-1.466928005218505859e+00
3.702099025249481201e-01
-2.403602153062820435e-01
1.640468001365661621e+00
6.888003945350646973e-01
-1.222647190093994141e+00
4.017590582370758057e-01
9.714640974998474121e-01
1.078940153121948242e+00
3.733483254909515381e-01
-1.081492662429809570e+00
-4.417170882225036621e-01
-1.542759537696838379e-01
-1.265162944793701172e+00
5.071551799774169922e-01
4.546988904476165771e-01
5.561889410018920898e-01
9.104042053222656250e-01
2.610780894756317139e-01
-1.147269606590270996e-01
1.111817881464958191e-01
-1.508976817131042480e-01
1.100108027458190918e+00
-7.476466894149780273e-01
-4.417001735419034958e-03
6.592566370964050293e-01
-1.333317637443542480e+00
-2.242620944976806641e+00
-9.163060039281845093e-02
-2.724408805370330811e-01
-5.591486692428588867e-01
-6.351963877677917480e-01
2.251463085412979126e-01
-4.045093655586242676e-01
-2.293534278869628906e-01
5.266492366790771484e-01
1.798314452171325684e+00
-6.738188862800598145e-02
1.131640300154685974e-01
-6.833226680755615234e-01
-1.470096111297607422e-01
2.086075782775878906e+00
-3.454346060752868652e-01
3.027578294277191162e-01
2.976946234703063965e-01
1.534544229507446289e-01
3.039477765560150146e-02
8.139463663101196289e-01
1.580603122711181641e-01
-8.590912222862243652e-01
1.114105463027954102e+00
2.130284458398818970e-01
-1.942489624023437500e+00
-9.477797746658325195e-01
-6.339781880378723145e-01
5.827758088707923889e-02
3.882308006286621094e-01
-3.665313720703125000e-01
2.402313798666000366e-01
2.491599693894386292e-02
3.011174499988555908e-01
