5.963712930679321289e-01 -6.213076785206794739e-02 -5.197073817253112793e-01 -1.757196784019470215e+00 3.808268904685974121e-01 -1.521456599235534668e+00 3.601971387863159180e+00 -2.608869075775146484e-01 -1.828543782234191895e+00 -5.787973403930664062e-01 2.244843244552612305e+00 -6.418408453464508057e-02 -1.301123499870300293e+00 -2.858379364013671875e+00
3.597752153873443604e-01 -2.028011530637741089e-01 9.667286276817321777e-01 -4.233826100826263428e-01 -1.004570573568344116e-01 -1.708545207977294922e+00 4.232477247714996338e-01 -1.214514225721359253e-01 -8.139234781265258789e-01 6.020982265472412109e-01 -3.213005065917968750e-01 -1.222208887338638306e-02 -3.816514909267425537e-01 -3.777284860610961914e+00
1.148734688758850098e-01 -2.492313534021377563e-01 -4.035274386405944824e-01 7.369399666786193848e-01 8.415482938289642334e-02 2.567927539348602295e-02 -1.182389616966247559e+00 1.613125652074813843e-01 -2.151529550552368164e+00 -3.085249662399291992e-01 8.556832075119018555e-01 -6.745007634162902832e-01 -1.065111041069030762e+00 1.228244423866271973e+00
-2.081341505050659180e+00 -4.073702543973922729e-02 -1.231506466865539551e+00 4.847489595413208008e-01 8.681237101554870605e-01 4.730769097805023193e-01 2.307719707489013672e+00 -2.590626478195190430e+00 -6.094759702682495117e-01 -3.781608343124389648e+00 -6.309896111488342285e-01 -7.781774401664733887e-01 -1.794409394264221191e+00 -8.292338848114013672e-01
-5.143300294876098633e-01 3.000258684158325195e+00 1.897495865821838379e+00 1.805102944374084473e+00 -5.882383137941360474e-02 -6.393631696701049805e-01 -6.036964803934097290e-02 2.055233716964721680e+00 -3.236208200454711914e+00 7.641056180000305176e-02 5.369094014167785645e-01 -1.720620870590209961e+00 2.411033630371093750e+00 -2.007524967193603516e+00
-1.313932418823242188e+00 1.536662936210632324e+00 -9.233886599540710449e-01 -1.474811434745788574e+00 7.405985593795776367e-01 -1.644026041030883789e-01 4.375863373279571533e-01 2.188614130020141602e+00 4.661251604557037354e-01 4.462088644504547119e-01 -1.904939860105514526e-01 1.354143917560577393e-01 7.260740995407104492e-01 1.392673492431640625e+00
-5.107883810997009277e-01 3.717226982116699219e+00 3.419930934906005859e+00 1.703047871589660645e+00 3.390876054763793945e+00 3.103681206703186035e-01 1.594481110572814941e+00 -1.173800509423017502e-02 1.275365233421325684e+00 -1.379009246826171875e+00 -2.087586164474487305e+00 -1.022783398628234863e+00 2.009168624877929688e+00 -1.058117151260375977e+00
-1.318052649497985840e+00 -2.459731578826904297e+00 -5.980835556983947754e-01 9.455115199089050293e-01 -2.307926177978515625e+00 -1.656426191329956055e+00 -4.992586374282836914e-01 -2.191221415996551514e-01 -5.054708123207092285e-01 -3.227415323257446289e+00 1.422477841377258301e+00 1.708290427923202515e-01 7.701194286346435547e-01 -2.546190619468688965e-01
-2.070004940032958984e+00 3.108816385269165039e+00 3.454829454421997070e+00 -1.442370057106018066e+00 4.294632077217102051e-01 -6.793667078018188477e-01 -1.787405967712402344e+00 -1.064149141311645508e+00 -3.132212877273559570e+00 -2.604450702667236328e+00 -1.427299261093139648e+00 1.104000926017761230e+00 4.113743603229522705e-01 4.855216503143310547e+00
-6.067191958427429199e-01 6.681045293807983398e-01 3.536861181259155273e+00 2.173530817031860352e+00 -4.483986794948577881e-01 -1.966631889343261719e+00 -2.653664350509643555e+00 -1.044814109802246094e+00 -5.034435391426086426e-01 9.993603825569152832e-01 -6.384114623069763184e-01 -4.143254280090332031e+00 3.091345131397247314e-01 2.771853208541870117e+00
-2.374474287033081055e+00 4.203210473060607910e-01 -1.187117576599121094e+00 1.742032766342163086e-01 -2.898239791393280029e-01 4.519041538238525391e+00 -2.907904684543609619e-01 4.184847772121429443e-01 -1.069503068923950195e+00 8.824443221092224121e-01 -2.411726951599121094e+00 -6.556677818298339844e-01 -6.099147200584411621e-01 3.584053218364715576e-01
2.718216657638549805e+00 2.712806940078735352e+00 -3.846152871847152710e-02 1.638531923294067383e+00 -1.204317331314086914e+00 2.027751684188842773e+00 8.852824568748474121e-01 -1.042285636067390442e-01 4.885948002338409424e-01 2.109459638595581055e+00 1.251318573951721191e+00 -1.691581249237060547e+00 -1.918125271797180176e+00 -9.000395536422729492e-01
-2.992937862873077393e-01 -3.138644695281982422e-01 -9.095077216625213623e-02 2.097064554691314697e-01 -2.215655595064163208e-01 2.354647874832153320e+00 -7.969046235084533691e-01 1.108273193240165710e-01 -3.134603500366210938e-01 1.014861226081848145e+00 -1.530878096818923950e-01 -4.089404642581939697e-01 8.891192078590393066e-01 1.652697324752807617e+00
-1.825979948043823242e-01 4.456690847873687744e-01 3.678947985172271729e-01 7.610658407211303711e-01 -1.741459667682647705e-01 -6.047549247741699219e-01 -4.506244063377380371e-01 -4.120699763298034668e-01 -9.312567114830017090e-02 -2.575852572917938232e-01 -6.483021974563598633e-01 -6.822839975357055664e-01 8.487689495086669922e-02 -2.970356643199920654e-01
1.002581000328063965e+00 5.568948760628700256e-02 2.703992843627929688e+00 -2.338675975799560547e+00 -1.269152313470840454e-01 3.231840133666992188e+00 2.998378515243530273e+00 8.476835489273071289e-02 6.668990254402160645e-01 1.914429366588592529e-01 1.299768805503845215e+00 2.730002880096435547e+00 2.552579402923583984e+00 1.351645469665527344e+00
-2.293578624725341797e+00 -1.105060458183288574e+00 9.359503388404846191e-01 9.590117931365966797e-01 7.804414629936218262e-01 -1.273941099643707275e-01 3.863608598709106445e+00 6.712036132812500000e-01 -3.660594522953033447e-01 4.821100711822509766e+00 -2.327159166336059570e+00 1.728582859039306641e+00 -2.099410057067871094e+00 -7.886908650398254395e-01
-3.614778757095336914e+00 -3.453582286834716797e+00 -7.201850414276123047e-01 3.733339905738830566e-01 -2.663486957550048828e+00 1.499928236007690430e-01 -9.057732820510864258e-01 1.295705318450927734e+00 1.142402768135070801e+00 1.059936165809631348e+00 -3.936708867549896240e-01 -2.709874153137207031e+00 1.398809701204299927e-01 1.509897351264953613e+00
1.159627914428710938e+00 -7.498413324356079102e-01 -7.131894230842590332e-01 -1.520288437604904175e-01 -1.775037765502929688e+00 1.899672031402587891e+00 1.093657255172729492e+00 -7.206274867057800293e-01 -1.535781502723693848e+00 8.620152622461318970e-02 -1.715100556612014771e-01 -3.341905176639556885e-01 -1.802083849906921387e+00 -1.941038370132446289e-01
-5.530917644500732422e-01 -1.120983839035034180e+00 -5.764855146408081055e-01 -2.176094800233840942e-01 -1.746018528938293457e+00 -2.262770891189575195e+00 -3.394543886184692383e+00 4.622268378734588623e-01 -3.500958204269409180e+00 -2.241560965776443481e-01 -2.572464227676391602e+00 5.364148020744323730e-01 -4.981422722339630127e-01 -1.800029993057250977e+00
-4.124631881713867188e-01 9.817420691251754761e-02 2.247977107763290405e-01 4.374691843986511230e-01 4.838206768035888672e+00 -4.260254651308059692e-02 1.026075124740600586e+00 -3.119612336158752441e-01 -3.467604637145996094e+00 -1.036181330680847168e+00 1.618175864219665527e+00 2.325451821088790894e-01 -3.108690679073333740e-01 1.261517763137817383e+00
-9.079225659370422363e-01 -3.958572447299957275e-01 -3.761149048805236816e-01 3.234871029853820801e-01 -1.189308047294616699e+00 -7.168698906898498535e-01 2.003166377544403076e-01 -2.726488590240478516e+00 2.640409208834171295e-02 -5.940159037709236145e-02 -4.970093965530395508e-01 1.023602634668350220e-01 -3.335660696029663086e-01 -1.121094703674316406e+00
1.825157046318054199e+00 3.603711724281311035e-01 2.699529647827148438e+00 8.814923763275146484e-01 2.602389097213745117e+00 1.656113147735595703e+00 8.873964548110961914e-01 -9.709514975547790527e-01 8.054663538932800293e-01 1.145158648490905762e+00 9.309529066085815430e-01 -1.143888473510742188e+00 6.566863059997558594e-01 -7.479877024888992310e-02
3.376776933670043945e+00 2.188179254531860352e+00 1.580173134803771973e+00 -3.307114839553833008e-01 -1.148785710334777832e+00 7.521754503250122070e-01 9.833694994449615479e-02 2.267921417951583862e-01 3.297738313674926758e+00 -1.896478414535522461e+00 -3.198383331298828125e+00 -1.005072116851806641e+00 1.296683192253112793e+00 -1.481970429420471191e+00
-2.490068823099136353e-01 2.419134974479675293e-01 1.702056676149368286e-01 1.121956110000610352e+00 -2.597978413105010986e-01 1.099660873413085938e+00 -2.083179540932178497e-02 -8.789286017417907715e-01 -1.179789453744888306e-01 -1.270926475524902344e+00 -6.989315152168273926e-01 5.140089392662048340e-01 -6.243711709976196289e-01 4.062552452087402344e-01
-2.293783664703369141e+00 -8.822283148765563965e-02 -4.839848279953002930e-01 -8.250328302383422852e-01 -1.148010730743408203e+00 1.110528558492660522e-01 6.019481420516967773e-01 6.090502813458442688e-02 1.195906549692153931e-01 -3.299879729747772217e-01 -5.070029199123382568e-02 -1.149056673049926758e+00 -9.287507086992263794e-02 -1.765241622924804688e-01
1.429224967956542969e+00 3.549649119377136230e-01 -1.441368699073791504e+00 4.109493494033813477e-01 -8.308213949203491211e-01 5.962001681327819824e-01 2.595251500606536865e-01 4.127914458513259888e-02 -3.266866445541381836e+00 1.641368746757507324e+00 1.356779098510742188e+00 -3.261107444763183594e+00 -4.253517389297485352e-01 2.821491956710815430e-01
2.183351755142211914e+00 -5.555967092514038086e-01 -5.104001164436340332e-01 -3.305412769317626953e+00 -6.242139935493469238e-01 -3.133759498596191406e+00 -1.755470156669616699e+00 -9.464308023452758789e-01 -4.861316457390785217e-02 -1.222849965095520020e+00 2.627489268779754639e-01 8.695353865623474121e-01 2.953774929046630859e+00 -8.075622916221618652e-01
-4.294228926301002502e-02 -2.613079786300659180e+00 -1.368117481470108032e-01 -1.051190257072448730e+00 -1.232661008834838867e+00 -3.583558797836303711e+00 6.725546121597290039e-01 -2.413416862487792969e+00 -2.378825426101684570e+00 5.308375358581542969e-01 -1.349180698394775391e+00 -4.624986052513122559e-01 -2.385818719863891602e+00 -1.990492463111877441e+00
-7.689498662948608398e-01 -6.224789023399353027e-01 -2.193255662918090820e+00 -8.071164488792419434e-01 -3.595988154411315918e-01 -3.015123367309570312e+00 -3.600126266479492188e+00 -3.510202467441558838e-01 5.364124178886413574e-01 6.069190334528684616e-03 -1.261790752410888672e+00 1.375503778457641602e+00 -4.656425714492797852e-01 3.363238573074340820e+00
-3.058350086212158203e-01 1.175789356231689453e+00 1.341165542602539062e+00 -1.073964089155197144e-01 1.686573177576065063e-01 3.883985877037048340e-01 7.421374917030334473e-01 6.117292046546936035e-01 1.229045987129211426e+00 3.263379096984863281e+00 6.931670755147933960e-02 -9.428734183311462402e-01 -1.832365989685058594e+00 7.697277665138244629e-01
-1.192656517028808594e+00 -1.402065753936767578e+00 2.495056629180908203e+00 2.635151386260986328e+00 -6.867235302925109863e-01 3.759065270423889160e-01 1.613149493932723999e-01 4.086290895938873291e-01 1.969698220491409302e-01 2.339033603668212891e+00 -3.644838809967041016e+00 -1.398444890975952148e+00 2.857550621032714844e+00 3.552000999450683594e+00
-1.068056821823120117e+00 -2.320164918899536133e+00 5.977489799261093140e-02 -9.623978734016418457e-01 2.499670162796974182e-02 -2.839484930038452148e+00 -1.383787274360656738e+00 -4.611748456954956055e-01 3.845698237419128418e-01 6.031918525695800781e-01 -1.427409887313842773e+00 3.035574555397033691e-01 -5.246210694313049316e-01 6.629530787467956543e-01
1.659012436866760254e+00 2.236013174057006836e+00 -5.262747406959533691e-02 1.983651518821716309e+00 2.394178867340087891e+00 -6.704187393188476562e-01 -2.190084457397460938e+00 -2.595676183700561523e-01 1.057633519172668457e+00 3.862968683242797852e+00 -8.182983398437500000e-01 2.699020862579345703e+00 -1.785902492702007294e-02 4.597195625305175781e+00
-1.659225523471832275e-01 -5.149068832397460938e-01 -1.362231016159057617e+00 1.734048724174499512e+00 9.890790097415447235e-03 1.033192157745361328e+00 2.232249498367309570e+00 6.790934205055236816e-01 4.866133213043212891e+00 -3.882327973842620850e-01 1.484047889709472656e+00 -1.559515744447708130e-01 -1.862243175506591797e+00 -2.640894651412963867e-01
7.110478281974792480e-01 1.563838720321655273e+00 -3.995669364929199219e+00 3.360785245895385742e+00 -2.120402097702026367e+00 6.611950695514678955e-02 2.071064233779907227e+00 9.972625970840454102e-01 1.811312675476074219e+00 -6.388258934020996094e-01 1.128263235092163086e+00 -6.293013691902160645e-01 -3.908033370971679688e-01 1.030544996261596680e+00
8.865458965301513672e-01 9.695897698402404785e-01 9.065928459167480469e-01 1.568200230598449707e+00 -4.985206425189971924e-01 6.277364492416381836e-01 1.187621355056762695e+00 -1.005740612745285034e-01 3.835687637329101562e+00 1.406671285629272461e+00 3.377775669097900391e+00 -3.523731529712677002e-01 1.855340898036956787e-01 1.507824540138244629e+00
1.578752636909484863e+00 8.758323788642883301e-01 -2.381253242492675781e+00 -1.870632022619247437e-01 -2.715588808059692383e+00 4.770485162734985352e-01 8.952889442443847656e-01 2.050113201141357422e+00 -6.823978424072265625e-01 -7.643287628889083862e-02 -2.909915924072265625e+00 -4.807145297527313232e-01 -1.632334589958190918e+00 7.578389644622802734e-01
-3.286447286605834961e+00 1.474975585937500000e+00 -1.607417762279510498e-01 -1.289413809776306152e+00 -1.218370556831359863e+00 -2.112973332405090332e-01 6.932010054588317871e-01 3.477772474288940430e-01 5.886273980140686035e-01 -4.741333127021789551e-01 -5.742681622505187988e-01 -1.864729821681976318e-01 -2.613602638244628906e+00 -3.747679293155670166e-01
-1.208948016166687012e+00 -7.493351697921752930e-01 3.996908664703369141e-01 7.930571436882019043e-01 2.436399936676025391e+00 -2.109356671571731567e-01 7.851904630661010742e-01 1.520935297012329102e+00 5.001859664916992188e+00 1.234136581420898438e+00 4.391316890716552734e+00 2.115375280380249023e+00 1.939713835716247559e+00 -2.714071273803710938e+00
8.895144797861576080e-03 2.899588823318481445e+00 -2.603376507759094238e-01 2.548805952072143555e+00 -7.901778072118759155e-02 -2.361733615398406982e-01 -3.065875291824340820e+00 8.759903907775878906e-01 -1.358843892812728882e-01 -1.774812221527099609e+00 1.353523731231689453e-01 1.493302583694458008e+00 -2.600459098815917969e+00 5.187729597091674805e-01
-1.088913321495056152e+00 -8.127904497087001801e-03 -6.900096535682678223e-01 -4.661129117012023926e-01 2.734161019325256348e-01 1.130782127380371094e+00 -1.220588684082031250e+00 1.265532732009887695e+00 -1.787892580032348633e-01 -8.057926297187805176e-01 9.817476272583007812e-01 9.595973491668701172e-01 -4.647352397441864014e-01 4.628607749938964844e+00
3.850368261337280273e-01 2.395827695727348328e-02 5.500705540180206299e-02 -1.649652272462844849e-01 2.145426571369171143e-01 2.106521874666213989e-01 -1.099406123161315918e+00 1.012531757354736328e+00 6.457875370979309082e-01 -5.424161553382873535e-01 -2.236347794532775879e-01 -5.607219338417053223e-01 -6.170880794525146484e-01 5.988950133323669434e-01
-4.843476414680480957e-01 -1.651199936866760254e+00 -4.532756507396697998e-01 -2.218474447727203369e-01 1.268187403678894043e+00 -1.798708587884902954e-01 -5.593648925423622131e-02 -1.159535884857177734e+00 -1.969974756240844727e+00 -2.564946115016937256e-01 -2.503043115139007568e-01 -3.420832395553588867e+00 5.387968420982360840e-01 -7.632109522819519043e-01
-2.205090999603271484e+00 -1.282203435897827148e+00 -3.561051130294799805e+00 -2.572376966476440430e+00 1.075950860977172852e+00 1.461094021797180176e+00 -5.925024151802062988e-01 4.483252525329589844e+00 2.482446908950805664e+00 4.439485669136047363e-01 -1.571301460266113281e+00 -1.935556173324584961e+00 8.811538219451904297e-01 -9.561836123466491699e-01
4.699665904045104980e-01 3.819242492318153381e-02 -1.045969501137733459e-01 -6.352437138557434082e-01 2.311764240264892578e+00 -9.131174087524414062e-01 -7.495406866073608398e-01 -3.019595444202423096e-01 -2.406677722930908203e+00 6.706144809722900391e-01 5.456496477127075195e-01 -2.704769372940063477e-01 -1.938027143478393555e-01 -1.673466712236404419e-01
-2.166344225406646729e-01 8.126409053802490234e-01 3.301861882209777832e-02 -5.685674548149108887e-01 2.914794981479644775e-01 -8.409175276756286621e-02 2.429449796676635742e+00 9.935310482978820801e-01 -6.220006942749023438e-01 5.322493910789489746e-01 1.989410877227783203e+00 1.407178282737731934e+00 5.470117926597595215e-01 4.578796327114105225e-01
-1.095919013023376465e+00 3.016969442367553711e+00 1.302012443542480469e+00 -7.431921958923339844e-01 2.192724943161010742e+00 -2.183293700218200684e-01 -6.406466960906982422e-01 3.322672545909881592e-01 4.400611817836761475e-01 1.061375379562377930e+00 1.482660230249166489e-02 -2.783465385437011719e+00 9.844830036163330078e-01 -1.024062752723693848e+00
1.225306987762451172e+00 -9.742491841316223145e-01 -1.130644321441650391e+00 -4.282167434692382812e+00 1.018192648887634277e+00 3.974568843841552734e-01 9.184396266937255859e-01 -2.913586609065532684e-02 -8.076421618461608887e-01 -2.462803125381469727e-01 -4.411498546600341797e+00 5.099911689758300781e-01 4.852980375289916992e-01 -1.286208868026733398e+00
-5.869757533073425293e-01 -8.015142083168029785e-01 1.296253651380538940e-01 -3.228293359279632568e-01 5.870651006698608398e-01 -7.897841185331344604e-02 5.417572855949401855e-01 2.639983594417572021e-01 -7.315461635589599609e-01 -5.814271569252014160e-01 4.427843093872070312e-01 -4.225213825702667236e-01 5.546525716781616211e-01 -2.520963251590728760e-01
4.690384566783905029e-01 3.326423466205596924e-01 2.947806835174560547e+00 -1.253559708595275879e+00 -1.003307938575744629e+00 -2.309931516647338867e+00 -2.290861368179321289e+00 -1.363004565238952637e+00 1.477633953094482422e+00 -7.912381887435913086e-01 4.687933444976806641e+00 -1.933127045631408691e-01 1.211874485015869141e+00 1.801066160202026367e+00
8.044658899307250977e-01 5.758360028266906738e-02 1.756429821252822876e-01 -4.373451471328735352e-01 1.946642249822616577e-02 -3.692491650581359863e-01 -6.514650583267211914e-01 -6.329966783523559570e-01 4.236258193850517273e-02 -4.891225695610046387e-01 -1.273990869522094727e-01 2.866704463958740234e+00 -4.162665829062461853e-02 -1.893977262079715729e-02
1.216140508651733398e+00 -1.857403516769409180e-01 -4.307381808757781982e-01 -3.715779781341552734e+00 2.686141252517700195e+00 -2.210156679153442383e+00 9.745142459869384766e-01 -1.574334740638732910e+00 2.733909785747528076e-01 -1.202705860137939453e+00 -5.588191151618957520e-01 1.215453624725341797e+00 -3.883937001228332520e-01 -1.139446973800659180e+00
-1.539439916610717773e+00 1.778552532196044922e+00 -2.896893024444580078e+00 -6.652331352233886719e-01 -6.111551523208618164e-01 1.417742222547531128e-01 3.298702239990234375e-01 1.995844244956970215e+00 -2.364063560962677002e-01 4.432268619537353516e+00 1.296216607093811035e+00 2.707098245620727539e+00 -7.327508330345153809e-01 -1.162659406661987305e+00
-2.387998580932617188e+00 6.811817884445190430e-01 5.750548839569091797e-01 1.273893594741821289e+00 1.672234833240509033e-01 -3.386410772800445557e-01 3.837627887725830078e+00 -7.250033617019653320e-01 -2.489478439092636108e-01 -2.158398628234863281e+00 3.564542531967163086e-01 4.797905385494232178e-01 -1.496204972267150879e+00 -3.527168035507202148e-01
4.069947078824043274e-02 -2.076638698577880859e+00 -8.645539283752441406e-01 -2.104514122009277344e+00 5.481401085853576660e-01 2.238207578659057617e+00 -3.174962282180786133e+00 4.426057338714599609e+00 -1.417526841163635254e+00 -2.637355923652648926e-01 -9.650654792785644531e-01 -2.567330837249755859e+00 -1.969040393829345703e+00 -2.126711368560791016e+00
-1.129133105278015137e+00 9.308255910873413086e-01 -3.718914985656738281e-01 1.042309775948524475e-01 5.527685880661010742e-01 -2.410604208707809448e-01 -3.122007369995117188e+00 -1.161246538162231445e+00 -1.653417110443115234e+00 -9.485974907875061035e-01 -1.745524287223815918e+00 -3.317104578018188477e+00 -1.085806608200073242e+00 1.878767609596252441e-01
2.301099747419357300e-01 -3.927909612655639648e+00 4.570906758308410645e-01 1.137152537703514099e-01 3.348826244473457336e-02 1.615650057792663574e-01 -2.478495836257934570e+00 7.350112795829772949e-01 -8.360735177993774414e-01 -4.030123353004455566e-01 -2.720255218446254730e-02 -6.489987969398498535e-01 4.932608604431152344e-01 -1.046700477600097656e+00
1.940574288368225098e+00 -1.849784255027770996e+00 1.048443436622619629e+00 2.372960567474365234e+00 -3.274077475070953369e-01 -4.634281247854232788e-02 4.428276419639587402e-01 -2.450677156448364258e-01 -9.165913462638854980e-01 2.412016540765762329e-01 -2.552974224090576172e-01 4.148781597614288330e-01 -1.423654198646545410e+00 -1.967416524887084961e+00
-2.316757291555404663e-01 2.989388108253479004e-01 -1.283770918846130371e+00 6.154660508036613464e-02 8.083690404891967773e-01 -3.387054920196533203e+00 -1.786961555480957031e+00 -5.780043601989746094e-01 -4.771323800086975098e-01 -3.904313445091247559e-01 -1.522040843963623047e+00 -1.367778480052947998e-01 -3.278746843338012695e+00 8.457207083702087402e-01
4.650444686412811279e-01 5.418502092361450195e-01 2.633039951324462891e-01 -2.551898956298828125e-01 2.774332165718078613e-01 2.367399454116821289e+00 1.722038388252258301e+00 -3.051223278045654297e+00 -3.082390546798706055e+00 3.460107326507568359e+00 -6.747196316719055176e-01 -5.880736559629440308e-02 -1.960476040840148926e+00 -1.556392461061477661e-01
-1.365974396467208862e-01 -4.910891652107238770e-01 5.063289999961853027e-01 4.484042227268218994e-01 8.789612054824829102e-01 -5.055623650550842285e-01 5.900243669748306274e-02 7.557755112648010254e-01 1.023430824279785156e-01 4.530552029609680176e-01 1.368887871503829956e-01 2.469328403472900391e+00 -7.389643192291259766e-01 6.933140009641647339e-02
1.024624586105346680e+00 8.022866249084472656e-01 -4.000760555267333984e+00 -1.008260026574134827e-01 4.432255774736404419e-02 2.305586934089660645e-01 3.187404274940490723e-01 5.905514955520629883e-01 3.261115312576293945e+00 -7.826766967773437500e-01 1.008036956191062927e-01 8.598862290382385254e-01 2.703587532043457031e+00 5.828466415405273438e-01
1.153199523687362671e-01 6.969649195671081543e-01 1.091217994689941406e+00 -7.035708054900169373e-03 -4.453118741512298584e-01 -5.143823027610778809e-01 -1.522489241324365139e-03 1.439444780349731445e+00 2.744306564331054688e+00 -2.369555234909057617e-01 -4.319031536579132080e-01 1.194016218185424805e+00 3.539599478244781494e-01 1.446018815040588379e+00
-2.981063425540924072e-01 1.407649517059326172e+00 -3.149595022201538086e+00 2.397678196430206299e-01 -7.598631829023361206e-02 3.656109571456909180e-01 5.342390388250350952e-02 -2.011962652206420898e+00 2.357375144958496094e+00 -2.676612854003906250e+00 -3.886463940143585205e-01 -3.257160425186157227e+00 2.890504002571105957e-01 1.651203632354736328e+00
1.873396337032318115e-01 5.012795329093933105e-01 1.837074995040893555e+00 1.604019284248352051e+00 -2.723801136016845703e-01 -5.743182301521301270e-01 2.393124848604202271e-01 -1.104934215545654297e+00 2.161485910415649414e+00 -1.307201623916625977e+00 -3.292633056640625000e+00 3.254085481166839600e-01 2.376606017351150513e-01 3.260863065719604492e+00
1.113472953438758850e-01 -1.438064575195312500e+00 -9.464526772499084473e-01 4.218168258666992188e+00 9.684367179870605469e-01 1.045858860015869141e+00 -2.353618144989013672e+00 3.866556882858276367e+00 -6.016661524772644043e-01 -2.033080339431762695e+00 -1.350899696350097656e+00 2.728377878665924072e-01 6.507831215858459473e-01 -8.465735912322998047e-01
-8.170322775840759277e-01 -5.912508964538574219e-01 -3.947681188583374023e-01 3.405283764004707336e-02 9.548989534378051758e-01 1.927377939224243164e+00 -8.885010480880737305e-01 -4.808095470070838928e-02 -5.647945031523704529e-02 -5.009835362434387207e-01 -2.624866068363189697e-01 -6.103168129920959473e-01 -2.729551315307617188e+00 1.025254487991333008e+00
-3.883472681045532227e+00 9.494887590408325195e-01 1.196387887001037598e+00 1.560140132904052734e+00 3.425637722015380859e+00 2.161696672439575195e+00 -2.166737079620361328e+00 3.321228981018066406e+00 1.892611980438232422e+00 -1.091572642326354980e-01 4.203183650970458984e+00 3.916887938976287842e-01 7.602759003639221191e-01 -2.190514087677001953e+00
-2.392731428146362305e+00 -4.987371265888214111e-01 7.648314833641052246e-01 -9.710217714309692383e-01 -5.181007385253906250e-01 9.248930811882019043e-01 2.855449020862579346e-01 1.233492493629455566e+00 5.135276913642883301e-01 -8.858214020729064941e-01 5.116651207208633423e-02 9.341005086898803711e-01 4.556248486042022705e-01 2.967205762863159180e+00
-1.665292859077453613e+00 -3.633588552474975586e-01 -9.466910362243652344e-02 -4.468634128570556641e+00 -2.023438692092895508e+00 1.249097064137458801e-01 -1.666312694549560547e+00 1.338529706001281738e+00 1.836100667715072632e-01 -1.273586273193359375e+00 1.513146311044692993e-01 -1.798455238342285156e+00 1.314940571784973145e+00 -1.189631223678588867e+00
-5.451527833938598633e-01 3.284119606018066406e+00 1.892381906509399414e+00 4.374030113220214844e+00 -7.109853625297546387e-01 -7.822615504264831543e-01 -6.770346313714981079e-02 8.639237880706787109e-01 -1.001531481742858887e+00 -3.963274061679840088e-01 7.487577795982360840e-01 3.505214452743530273e-01 -6.506765484809875488e-01 -6.206493377685546875e-01
4.228716790676116943e-01 3.058387935161590576e-01 1.263256549835205078e+00 -1.059004783630371094e+00 -7.912061810493469238e-01 -2.223393917083740234e+00 1.523282289505004883e+00 -8.969957232475280762e-01 7.920964956283569336e-01 -1.434426605701446533e-01 -1.099183037877082825e-01 2.651245296001434326e-01 1.642971038818359375e+00 7.323952913284301758e-01
2.377010822296142578e+00 4.567872285842895508e-01 6.300162672996520996e-01 9.705207943916320801e-01 4.558626651763916016e+00 6.625239253044128418e-01 1.449767708778381348e+00 -9.388589859008789062e-01 3.870645999908447266e+00 -2.647415161132812500e+00 -2.068759679794311523e+00 -2.564756393432617188e+00 -6.598909497261047363e-01 -6.534705162048339844e-01
9.628732800483703613e-01 1.344028234481811523e+00 -1.860254645347595215e+00 -1.636433005332946777e-01 1.412746429443359375e+00 -2.539810836315155029e-01 1.717021346092224121e+00 8.921403288841247559e-01 -5.107147097587585449e-01 -6.677328944206237793e-01 -1.908137202262878418e+00 1.681616455316543579e-01 1.640977740287780762e+00 -1.944880843162536621e+00
8.122598528861999512e-01 -1.455872297286987305e+00 -3.809932172298431396e-01 3.974658250808715820e+00 -7.379769533872604370e-02 6.936988234519958496e-02 1.674525141716003418e+00 1.281581282615661621e+00 -2.608890533447265625e+00 -5.450882315635681152e-01 3.797716498374938965e-01 -6.353064775466918945e-01 1.492342948913574219e+00 7.684547305107116699e-01
4.716745376586914062e+00 -6.035999655723571777e-01 6.810678243637084961e-01 -1.767762899398803711e-01 -1.883496046066284180e-01 -6.542699038982391357e-02 -6.326130628585815430e-01 1.015349984169006348e+00 2.436243295669555664e+00 -1.026025772094726562e+00 -1.516011804342269897e-01 -1.819263100624084473e-01 -7.860950231552124023e-01 8.648067712783813477e-01
3.228585243225097656e+00 8.410362005233764648e-01 8.272846341133117676e-01 3.967415690422058105e-01 3.121695280075073242e+00 -4.969169199466705322e-01 2.696604251861572266e+00 3.298783779144287109e+00 6.734001040458679199e-01 1.139781594276428223e+00 1.293304443359375000e+00 3.633224725723266602e+00 -2.395689040422439575e-01 1.977046132087707520e-01
3.040762186050415039e+00 4.099905967712402344e+00 -4.855009615421295166e-01 -1.945438385009765625e+00 -4.182707071304321289e-01 4.639213085174560547e-01 -8.574920892715454102e-01 1.862428069114685059e+00 -6.412183046340942383e-01 -7.518907785415649414e-01 3.970583677291870117e-01 3.099545717239379883e+00 5.191092491149902344e-01 -1.957214064896106720e-02
-4.519338011741638184e-01 5.137827992439270020e-01 1.485161542892456055e+00 -7.315651178359985352e-01 -2.547342061996459961e+00 1.342287957668304443e-01 -6.643901467323303223e-01 1.376875638961791992e+00 1.296167850494384766e+00 1.302024602890014648e+00 -5.025224089622497559e-01 1.182448744773864746e+00 -2.821759462356567383e+00 -1.486856579780578613e+00
-6.601887345314025879e-01 5.016357302665710449e-01 -1.578040361404418945e+00 1.628889739513397217e-01 4.451328217983245850e-01 -3.709379434585571289e+00 -6.066579371690750122e-02 5.926192998886108398e-01 -7.515189647674560547e-01 -2.501581668853759766e+00 -1.201373100280761719e+00 -1.156027555465698242e+00 -3.777458190917968750e+00 -7.611163854598999023e-01
4.954189360141754150e-01 -7.062540054321289062e-01 4.631914138793945312e+00 -7.240310311317443848e-01 -1.093879222869873047e+00 -2.860210239887237549e-01 -5.933617353439331055e-01 -8.102726936340332031e-02 -7.062775492668151855e-01 -2.489609003067016602e+00 -3.149005770683288574e-01 2.116847515106201172e+00 1.116323232650756836e+00 -1.189674377441406250e+00
7.132285833358764648e-01 -1.973510503768920898e+00 8.214337229728698730e-01 -1.138973087072372437e-01 1.034506797790527344e+00 2.252343893051147461e+00 -1.695938944816589355e+00 1.782846748828887939e-01 -2.874489545822143555e+00 -5.933325737714767456e-03 -2.976545989513397217e-01 -1.949620485305786133e+00 -1.399773061275482178e-01 2.409601211547851562e-01
-6.092737317085266113e-01 -1.867889523506164551e+00 -7.937327027320861816e-01 -1.118499994277954102e+00 -3.162342011928558350e-01 -2.602550089359283447e-01 -5.857554674148559570e-01 -2.776659250259399414e+00 -2.340636104345321655e-01 -7.316259145736694336e-01 -2.166968584060668945e+00 -4.015842378139495850e-01 3.245444059371948242e+00 -1.896501064300537109e+00
-5.695192813873291016e-01 -7.730244994163513184e-01 3.884886801242828369e-01 4.572099149227142334e-01 4.431222677230834961e-01 2.580274581909179688e+00 -2.307395458221435547e+00 -1.615691184997558594e+00 -2.879102230072021484e-01 1.466385722160339355e+00 -4.285376369953155518e-01 1.867674142122268677e-01 2.655788898468017578e+00 -2.384066820144653320e+00
-1.241430640220642090e+00 -2.224200487136840820e+00 1.706322431564331055e-01 2.785338163375854492e+00 -7.677949666976928711e-01 -2.825902029871940613e-02 -1.374132513999938965e+00 2.826134860515594482e-01 -2.321837395429611206e-01 -5.409352779388427734e-01 -3.575572073459625244e-01 3.633215427398681641e+00 -1.703273653984069824e+00 8.206188678741455078e-01
-3.003629148006439209e-01 3.837507665157318115e-01 -2.356252431869506836e+00 -1.303126811981201172e+00 1.299957275390625000e+00 7.814358472824096680e-01 -2.270764350891113281e+00 1.558663249015808105e+00 1.661213994026184082e+00 1.859144568443298340e+00 1.732548594474792480e+00 -3.964759111404418945e-01 -7.815950512886047363e-01 -9.500117301940917969e-01
5.657150149345397949e-01 1.799947917461395264e-01 -4.449267983436584473e-01 -1.266527175903320312e-01 -1.836917638778686523e+00 1.708606481552124023e+00 4.911263585090637207e-01 6.948246359825134277e-01 -2.362088441848754883e+00 2.846856832504272461e+00 1.963749527931213379e+00 9.906044006347656250e-01 3.611348152160644531e+00 2.047966003417968750e+00
-1.559146642684936523e+00 2.077612400054931641e+00 -6.328599452972412109e-01 -4.030406951904296875e+00 -1.227854043245315552e-01 5.068659305572509766e+00 -2.108844220638275146e-01 -2.009182125329971313e-01 8.458014577627182007e-02 1.641929596662521362e-01 -1.131014302372932434e-01 -1.452499032020568848e-01 -2.766070842742919922e+00 2.144302129745483398e+00
1.705712199211120605e+00 -3.536185264587402344e+00 -9.569262862205505371e-01 1.986031085252761841e-01 -6.963598132133483887e-01 1.781882882118225098e+00 -1.286716222763061523e+00 -1.521546483039855957e+00 -3.400363683700561523e+00 -5.903780460357666016e-01 3.705926895141601562e+00 -3.457277417182922363e-01 -5.926302671432495117e-01 7.811377644538879395e-01
5.631153285503387451e-02 3.153812885284423828e-01 -5.592539310455322266e-01 3.174698352813720703e+00 6.999194025993347168e-01 -4.447941780090332031e+00 -7.529527544975280762e-01 1.571343660354614258e+00 1.192231774330139160e+00 -1.322562336921691895e+00 -2.770139276981353760e-01 -1.743522167205810547e+00 7.625167369842529297e-01 -7.238551378250122070e-01
1.788316011428833008e+00 -3.206424713134765625e+00 2.140601634979248047e+00 5.130559802055358887e-01 9.640164971351623535e-01 8.223726749420166016e-01 4.400940537452697754e-01 -2.898166656494140625e+00 -2.223230898380279541e-01 -1.488004922866821289e+00 -9.716778248548507690e-02 3.181028664112091064e-01 -3.443851709365844727e+00 9.074203968048095703e-01
-4.767746664583683014e-03 1.096058636903762817e-02 -6.850119829177856445e-01 -2.464867353439331055e+00 1.179940342903137207e+00 7.616038620471954346e-02 2.201153635978698730e-01 1.272863745689392090e+00 9.469031691551208496e-01 5.515338853001594543e-03 -1.559235572814941406e+00 1.751130461692810059e+00 2.358268499374389648e+00 1.739687800407409668e+00
-1.687193214893341064e-01 4.274341464042663574e-01 -6.189958453178405762e-01 -1.328396081924438477e+00 8.149975538253784180e-01 -1.080716773867607117e-01 2.839179337024688721e-01 1.319825351238250732e-01 -1.104045584797859192e-01 5.650652647018432617e-01 5.947711691260337830e-02 -3.246281445026397705e-01 1.112769126892089844e+00 5.522447228431701660e-01
1.952994465827941895e-01 5.543889999389648438e-01 -2.605625987052917480e-01 1.038147568702697754e+00 4.390118420124053955e-01 3.070535361766815186e-01 2.678610384464263916e-01 7.166661024093627930e-01 6.007804870605468750e-01 5.243572965264320374e-02 4.892710223793983459e-02 2.065078973770141602e+00 -9.333132207393646240e-02 -1.546712368726730347e-01
5.563721433281898499e-02 7.534721493721008301e-02 2.471266686916351318e-01 1.095629096031188965e+00 -2.508821338415145874e-02 1.895551681518554688e+00 -4.680813848972320557e-01 4.522995352745056152e-01 3.900393843650817871e-01 -5.455504059791564941e-01 5.302383303642272949e-01 -2.496258020401000977e-01 -3.685517907142639160e-01 -1.800520718097686768e-01
-4.535190761089324951e-01 -6.487240195274353027e-01 -9.189893603324890137e-01 -3.375731229782104492e+00 -2.333590507507324219e+00 -1.668216228485107422e+00 -6.806921958923339844e-01 -4.182332515716552734e+00 5.896092057228088379e-01 2.361863136291503906e+00 -4.459464550018310547e-01 3.636020421981811523e-01 1.671782732009887695e+00 -9.838238954544067383e-01
-1.698159933090209961e+00 -3.682393431663513184e-01 -6.959708333015441895e-01 -4.398232400417327881e-01 -4.751062393188476562e-02 -5.193062424659729004e-01 -2.088569477200508118e-02 1.877709031105041504e+00 1.434629440307617188e+00 -3.187949180603027344e+00 -2.092593431472778320e+00 5.428509116172790527e-01 -2.715459167957305908e-01 3.802430629730224609e-01
-4.521395266056060791e-02 -5.695599317550659180e-01 -2.926094293594360352e+00 4.137303531169891357e-01 1.187738656997680664e+00 3.792125582695007324e-01 -1.051221966743469238e+00 -1.296778917312622070e+00 1.777617931365966797e-01 1.082423806190490723e+00 -1.246445894241333008e+00 3.807279467582702637e-01 -2.805684804916381836e+00 5.884429439902305603e-02
-3.629242777824401855e-01 -8.733614683151245117e-01 -1.054214715957641602e+00 -1.489891886711120605e+00 -3.980256557464599609e+00 4.746112525463104248e-01 1.810403466224670410e-01 -3.031415641307830811e-01 -2.871817350387573242e+00 -1.965034902095794678e-01 -8.427822962403297424e-03 -5.133160352706909180e-01 -8.032218813896179199e-01 4.559696838259696960e-02
-6.380082368850708008e-01 4.142960608005523682e-01 -6.637983769178390503e-02 3.017097473144531250e+00 8.097198009490966797e-01 -1.018971085548400879e+00 -7.335910201072692871e-01 5.831080079078674316e-01 5.491696000099182129e-01 1.134624123573303223e+00 -6.568015813827514648e-01 5.916916131973266602e-01 3.388325452804565430e+00 3.228922486305236816e-01
-3.073998451232910156e+00 -4.333182238042354584e-03 2.508708238601684570e+00 -4.422237575054168701e-01 3.090360760688781738e-01 9.259132668375968933e-03 1.720746636390686035e+00 8.649312853813171387e-01 2.264386415481567383e+00 -2.370638132095336914e+00 -8.238868713378906250e-01 1.422767788171768188e-01 5.645658969879150391e-01 -3.013239800930023193e-01
3.205440521240234375e+00 5.568801164627075195e-01 1.092932224273681641e+00 1.490244865417480469e+00 9.800091981887817383e-01 2.584793865680694580e-01 4.798551797866821289e-01 4.411686062812805176e-01 -1.079626679420471191e+00 5.454507470130920410e-01 1.095619916915893555e+00 -1.554707288742065430e-01 4.063449501991271973e-01 -1.363987326622009277e+00
-1.541420072317123413e-02 -1.043014898896217346e-01 7.177699804306030273e-01 -4.740596413612365723e-01 3.786242306232452393e-01 4.620854258537292480e-01 2.607544660568237305e-01 6.495715677738189697e-02 -2.683396339416503906e-01 -8.662986755371093750e-01 3.529769480228424072e-01 4.896041750907897949e-01 -6.247798204421997070e-01 6.507807374000549316e-01
-3.037093579769134521e-01 2.337121248245239258e+00 -1.055023074150085449e+00 -1.961924910545349121e+00 2.597258090972900391e+00 5.829974412918090820e-01 3.332848787307739258e+00 9.881204366683959961e-01 -5.903551578521728516e-01 -5.551017522811889648e-01 9.515039324760437012e-01 -1.876988410949707031e-01 -4.631265997886657715e-01 1.864045381546020508e+00
-3.494080603122711182e-01 2.202792644500732422e+00 -8.718378543853759766e-01 -1.419272184371948242e+00 3.866830468177795410e-01 8.316152691841125488e-01 -1.961470961570739746e+00 -2.672820389270782471e-01 3.913125395774841309e-01 4.798941016197204590e-01 -9.686983823776245117e-01 -4.445035159587860107e-01 -1.089299201965332031e+00 -2.770765304565429688e+00
-1.286648511886596680e+00 -1.371128320693969727e+00 -4.025480896234512329e-02 -1.260392367839813232e-01 -1.338484048843383789e+00 1.011376500129699707e+00 5.547686219215393066e-01 1.366649866104125977e+00 -1.815234422683715820e+00 -2.339858293533325195e+00 -2.077973634004592896e-01 3.362765073776245117e+00 1.671000361442565918e+00 1.511791199445724487e-01
6.790201663970947266e-01 -5.662767887115478516e-01 -9.680993556976318359e-01 -2.460569888353347778e-01 -7.565276622772216797e-01 -8.496516197919845581e-02 5.523748993873596191e-01 -4.132306575775146484e-01 8.326498419046401978e-02 -1.335008740425109863e+00 -1.878916472196578979e-01 -6.009857654571533203e-01 1.199304461479187012e+00 1.216403841972351074e+00
3.005071878433227539e-01 -1.367900013923645020e+00 -1.575796455144882202e-01 1.273995518684387207e+00 2.445683002471923828e+00 2.797882080078125000e+00 1.048262566328048706e-01 1.325636267662048340e+00 -1.599467873573303223e+00 1.691909551620483398e+00 1.290978193283081055e+00 -5.997226834297180176e-01 5.576689243316650391e-01 -2.536313295364379883e+00
-5.757651329040527344e-01 5.760536789894104004e-01 -1.012601733207702637e+00 -5.943318009376525879e-01 1.769289076328277588e-01 4.885360971093177795e-02 -2.410965412855148315e-01 3.672263324260711670e-01 -2.100507259368896484e+00 -1.417285352945327759e-01 -2.291808605194091797e+00 -2.912155389785766602e-01 -6.704530715942382812e-01 -1.107509970664978027e+00
9.769522547721862793e-01 1.097914695739746094e+00 -4.507723450660705566e-01 -7.681459933519363403e-02 -1.762025356292724609e+00 6.782982945442199707e-01 -2.664939761161804199e-01 1.649547100067138672e+00 1.136901497840881348e+00 -2.873151540756225586e+00 -3.354477584362030029e-01 1.411600351333618164e+00 1.252919554710388184e+00 1.600282341241836548e-01
-4.772708117961883545e-01 -1.003691196441650391e+00 2.794677019119262695e+00 -4.333293139934539795e-01 3.294109106063842773e+00 1.096580028533935547e+00 4.241710662841796875e+00 -1.601290941238403320e+00 1.312861680984497070e+00 7.186010479927062988e-01 -2.586717128753662109e+00 -1.111390829086303711e+00 -2.976531684398651123e-01 2.012705564498901367e+00
3.967028558254241943e-01 -9.255658388137817383e-01 -3.700576722621917725e-01 -9.056538939476013184e-01 -5.027710199356079102e-01 5.197034478187561035e-01 -1.567324995994567871e+00 7.547054290771484375e-01 6.238865852355957031e-01 2.223373413085937500e+00 -1.097421199083328247e-01 1.244956493377685547e+00 -1.913954615592956543e+00 -9.088765382766723633e-01
-3.369346559047698975e-01 6.781049370765686035e-01 1.642894446849822998e-01 -3.411939382553100586e+00 1.055014371871948242e+00 -3.020360469818115234e+00 2.362377882003784180e+00 1.151130676269531250e+00 -1.633739709854125977e+00 -1.023872137069702148e+00 -2.007255256175994873e-01 -2.023274302482604980e-01 -4.776895046234130859e+00 -2.142791152000427246e-01
-1.406832575798034668e+00 5.434561967849731445e-01 -5.599700808525085449e-01 8.320422172546386719e-01 1.902416348457336426e-01 7.129731774330139160e-02 6.534047126770019531e-01 -1.394271492958068848e+00 6.031470894813537598e-01 4.831891059875488281e+00 -2.641704678535461426e-01 4.558893442153930664e-01 2.145009994506835938e+00 -1.014019966125488281e+00
4.112598598003387451e-01 -1.342054009437561035e+00 -3.327298760414123535e-01 -3.004190206527709961e+00 7.548175454139709473e-01 6.163198351860046387e-01 1.505931615829467773e-01 -1.127227246761322021e-01 -1.007946848869323730e+00 -1.174155235290527344e+00 -1.439254045486450195e+00 1.556044369935989380e-01 1.766577959060668945e+00 2.177546024322509766e+00
2.608061730861663818e-01 -2.107161656022071838e-02 5.050282478332519531e-01 -1.885038614273071289e-01 1.059468537569046021e-01 1.476694941520690918e-01 4.823180437088012695e-01 7.120736241340637207e-01 -4.871769994497299194e-02 -9.761238098144531250e-01 -6.557794809341430664e-01 1.119054704904556274e-01 6.539731621742248535e-01 2.002255916595458984e-01
1.182580709457397461e+00 6.760635972023010254e-01 -1.682677984237670898e+00 2.014524936676025391e+00 -1.800027012825012207e+00 6.275825500488281250e-01 8.662619590759277344e-01 5.769104361534118652e-01 -9.663437008857727051e-01 7.760283946990966797e-01 1.174674272537231445e+00 1.547818660736083984e+00 -1.547100543975830078e-01 -2.898451685905456543e-01
-4.656422138214111328e-01 2.749778032302856445e-01 -2.591244876384735107e-01 5.598733425140380859e-01 -8.892323374748229980e-01 2.599785804748535156e+00 -1.900048732757568359e+00 -1.436354368925094604e-01 1.244741916656494141e+00 -2.386847883462905884e-01 -1.814879655838012695e+00 3.421449184417724609e+00 -3.598263978958129883e+00 9.231287986040115356e-02
-3.363447487354278564e-01 -1.242033615708351135e-01 -9.159279465675354004e-01 -1.306288361549377441e+00 1.834545135498046875e+00 -1.991177201271057129e-01 1.028830856084823608e-01 6.364355683326721191e-01 -3.219524621963500977e-01 3.613688945770263672e-01 -3.142030909657478333e-02 3.629368841648101807e-01 3.296588659286499023e+00 -1.593701243400573730e-01
-2.084908246994018555e+00 2.547276020050048828e+00 -4.305126667022705078e+00 3.593006134033203125e-01 -1.158316850662231445e+00 -6.345327496528625488e-01 1.243351936340332031e+00 -3.885693848133087158e-02 1.685365796089172363e+00 -2.497666835784912109e+00 3.082074224948883057e-01 -3.118410587310791016e+00 -1.477595329284667969e+00 5.240587592124938965e-01
-1.202312827110290527e+00 2.754440903663635254e-01 6.243611220270395279e-03 -6.813654899597167969e-01 -4.252979755401611328e-01 -3.746407330036163330e-01 -1.867545962333679199e+00 -1.619793176651000977e-01 -3.397060036659240723e-01 4.884823262691497803e-01 -4.023678302764892578e+00 -1.174984693527221680e+00 -3.389424681663513184e-01 -3.111215114593505859e+00
8.489180207252502441e-01 -1.155656218528747559e+00 -4.285122871398925781e+00 1.215168952941894531e+00 2.452235072851181030e-01 1.187788009643554688e+00 2.603547811508178711e+00 -4.001897811889648438e+00 7.315369844436645508e-01 6.070615649223327637e-01 -8.034517168998718262e-01 3.143015876412391663e-02 3.195663452148437500e+00 -2.630956470966339111e-02
1.389999985694885254e+00 -8.449929952621459961e-01 2.932093858718872070e+00 -1.499686837196350098e+00 2.681190252304077148e+00 4.489095136523246765e-02 -1.201588511466979980e+00 -1.181491136550903320e+00 -8.320868611335754395e-01 -6.987977623939514160e-01 3.822415173053741455e-01 4.084008216857910156e+00 1.410898119211196899e-01 -1.806875467300415039e+00
-5.018749088048934937e-02 -9.372911453247070312e-01 -2.719078361988067627e-01 1.194349050521850586e+00 9.091559052467346191e-01 -1.013651769608259201e-02 2.406219989061355591e-01 1.912076830863952637e+00 6.942243129014968872e-02 -1.348886847496032715e+00 5.824992656707763672e-01 -6.751983761787414551e-01 1.351670742034912109e+00 -9.585728049278259277e-01
-1.252476930618286133e+00 -2.377708852291107178e-01 -1.772258728742599487e-01 -1.827822804450988770e+00 -6.576316952705383301e-01 -6.426421999931335449e-01 -1.349814534187316895e+00 -7.890259027481079102e-01 -1.890605092048645020e+00 -1.211262106895446777e+00 -1.347726821899414062e+00 4.540996253490447998e-01 -1.258338570594787598e+00 -1.150433540344238281e+00
-3.063182346522808075e-02 2.551445066928863525e-01 -4.050511419773101807e-01 9.060117006301879883e-01 3.910810470581054688e+00 -3.558472990989685059e-01 9.768109917640686035e-01 -4.239665567874908447e-01 -1.164097547531127930e+00 -2.356790900230407715e-01 1.640646010637283325e-01 -1.215200185775756836e+00 1.917176961898803711e+00 -2.183945655822753906e+00
-1.756762146949768066e+00 -7.345247268676757812e-01 7.831702232360839844e-01 -1.842250227928161621e+00 -1.593388557434082031e+00 1.702546477317810059e+00 -1.038963079452514648e+00 -8.807736039161682129e-01 -3.050982236862182617e+00 -1.382838010787963867e+00 3.185020446777343750e+00 -1.089594483375549316e+00 -7.210125923156738281e-01 -2.156536102294921875e+00
7.399754524230957031e-01 4.801425337791442871e-01 -2.289999008178710938e+00 8.820510506629943848e-01 -1.379595398902893066e-01 -3.592977285385131836e+00 1.514166474342346191e+00 3.106945276260375977e+00 -3.041826248168945312e+00 1.729197144508361816e+00 5.610597729682922363e-01 -3.205308914184570312e+00 2.795671224594116211e+00 1.862087845802307129e+00
-2.067640274763107300e-01 1.662697911262512207e+00 1.396943449974060059e+00 3.859821081161499023e+00 -1.203864455223083496e+00 -2.553546190261840820e+00 -5.189804434776306152e-01 2.948031187057495117e+00 -2.774729430675506592e-01 3.494333028793334961e+00 2.047827541828155518e-01 -1.148089990019798279e-01 -3.108496665954589844e-01 1.407375693321228027e+00
-8.498138189315795898e-01 -4.565833508968353271e-01 -2.544907331466674805e+00 -1.374990105628967285e+00 -1.806394755840301514e-01 -6.732187867164611816e-01 -7.040380239486694336e-01 4.152846336364746094e-01 -1.202628493309020996e+00 -2.078988790512084961e+00 -1.406880855560302734e+00 -1.429396271705627441e+00 -5.264553427696228027e-01 -3.046172559261322021e-01
-2.733291871845722198e-02 -3.302775919437408447e-01 -5.009487271308898926e-01 -1.299309730529785156e-01 2.405938148498535156e+00 3.297354221343994141e+00 -1.227259755134582520e+00 2.207689881324768066e-01 3.495024144649505615e-01 -1.108734130859375000e+00 -1.413124084472656250e+00 -3.594592809677124023e-01 2.901894092559814453e+00 -1.880254507064819336e+00
4.265016078948974609e+00 5.912823136895895004e-03 1.096893191337585449e+00 1.623992800712585449e+00 6.708845496177673340e-01 1.066604733467102051e+00 2.325735092163085938e-01 2.705024480819702148e+00 7.627695202827453613e-01 2.065355062484741211e+00 -7.281489372253417969e-01 9.261086583137512207e-02 -2.199257850646972656e+00 1.158204197883605957e+00
7.588660717010498047e-01 -5.364342331886291504e-01 -1.518135219812393188e-01 3.462772846221923828e+00 8.310740590095520020e-01 9.832310676574707031e-01 3.857449861243367195e-03 1.185539007186889648e+00 -3.921086788177490234e-01 -1.589594364166259766e+00 -2.340543419122695923e-01 4.186333119869232178e-01 -1.269995570182800293e-01 7.829316854476928711e-01
-1.496417760848999023e+00 6.172034144401550293e-01 3.026739358901977539e+00 -2.049383640289306641e+00 2.390217334032058716e-01 3.761599361896514893e-01 2.831925392150878906e+00 2.438483476638793945e+00 -3.769099414348602295e-01 -2.499291658401489258e+00 -3.289918422698974609e+00 -8.967942595481872559e-01 1.347162108868360519e-02 -3.400460004806518555e+00
-1.598353147506713867e+00 1.782646179199218750e-01 6.011255979537963867e-01 -7.035483717918395996e-01 -1.395267724990844727e+00 -5.834900960326194763e-02 6.898236870765686035e-01 2.435324937105178833e-01 9.440203309059143066e-01 8.427671790122985840e-01 8.018612116575241089e-02 -2.300325870513916016e+00 -1.156985878944396973e+00 4.979116320610046387e-01
-4.397144317626953125e-01 -4.742263317108154297e+00 6.292920708656311035e-01 6.190365925431251526e-02 1.732142925262451172e+00 1.777096629142761230e+00 -4.532641470432281494e-01 -1.836666464805603027e+00 9.999241232872009277e-01 5.594394207000732422e-01 -2.246857881546020508e+00 -1.750635862350463867e+00 4.825793206691741943e-01 -2.585407197475433350e-01
-3.789183378219604492e+00 -1.023503899574279785e+00 4.165094718337059021e-02 -6.095312237739562988e-01 7.115918397903442383e-01 9.953451752662658691e-01 -1.704380869865417480e+00 -2.107870340347290039e+00 1.100574612617492676e+00 -8.733234405517578125e-01 -1.146792531013488770e+00 -6.421046257019042969e-01 -6.285666823387145996e-01 7.964450716972351074e-01
-1.887120842933654785e+00 1.819245934486389160e+00 -7.538985610008239746e-01 -1.183079719543457031e+00 -5.006917119026184082e-01 3.605061769485473633e+00 -4.555178433656692505e-02 -1.364241354167461395e-02 -1.263775974512100220e-01 -2.474160432815551758e+00 2.965725898742675781e+00 8.138831853866577148e-01 1.471709847450256348e+00 -5.867882370948791504e-01
-3.127978742122650146e-01 -2.896252572536468506e-01 7.156533598899841309e-01 -8.657420873641967773e-01 -2.971288919448852539e+00 4.225152134895324707e-01 1.060044050216674805e+00 8.308461308479309082e-01 4.078578948974609375e-01 -8.042054176330566406e-01 -1.279426097869873047e+00 5.598046183586120605e-01 -1.084452867507934570e+00 5.359503030776977539e-01
3.135300278663635254e-01 -3.795110464096069336e+00 -1.334786653518676758e+00 -7.862986922264099121e-01 2.269170284271240234e+00 -1.863703131675720215e+00 1.199827671051025391e+00 3.365248441696166992e+00 -6.714312434196472168e-01 5.846830010414123535e-01 -6.933117508888244629e-01 -1.334058403968811035e+00 -1.295699000358581543e+00 -5.036519095301628113e-02
-5.836966633796691895e-01 -2.873584032058715820e+00 3.230340480804443359e+00 2.995781302452087402e-01 2.277789562940597534e-01 -1.875987768173217773e+00 -2.592101573944091797e+00 2.269125938415527344e+00 -1.748059868812561035e+00 8.116071671247482300e-02 -1.142540216445922852e+00 5.178601741790771484e-01 -1.509965896606445312e+00 4.521115124225616455e-01
1.994972467422485352e+00 -3.860417604446411133e+00 5.860632061958312988e-01 6.076060533523559570e-01 8.960667848587036133e-01 1.912456035614013672e+00 3.399731814861297607e-01 3.347833871841430664e+00 3.100384473800659180e+00 2.270972013473510742e+00 -6.669762134552001953e-01 -1.164716482162475586e-01 1.319295614957809448e-01 -1.552425861358642578e+00
7.210778594017028809e-01 -3.409771203994750977e+00 -1.404865860939025879e+00 1.678928434848785400e-01 -4.926666915416717529e-01 -2.072596400976181030e-01 9.302307963371276855e-01 6.294231414794921875e-01 6.382722258567810059e-01 3.803977489471435547e+00 4.567435085773468018e-01 -1.185692429542541504e+00 -3.264906883239746094e+00 3.936715364456176758e+00
5.077854730188846588e-03 4.482564926147460938e-01 2.607712149620056152e-01 1.068891286849975586e-01 2.593541741371154785e-01 7.692363113164901733e-02 -1.471677780151367188e+00 -1.473552733659744263e-01 7.720670104026794434e-01 -1.233952715992927551e-01 -2.038741409778594971e-01 5.948094725608825684e-01 8.046871423721313477e-02 6.188616752624511719e-01
-2.013752013444900513e-01 1.768288731575012207e+00 3.632703304290771484e+00 -3.125687599182128906e+00 5.994601845741271973e-01 -1.230232715606689453e-01 9.266044497489929199e-01 2.888759970664978027e-01 4.192705154418945312e-01 4.812093079090118408e-01 1.393445730209350586e+00 -3.913602828979492188e-01 -2.877372801303863525e-01 1.346212178468704224e-01
-2.733153820037841797e+00 -1.220631480216979980e+00 2.224353313446044922e+00 1.942758440971374512e+00 -7.020613178610801697e-03 2.790184020996093750e-01 5.891873240470886230e-01 1.365810751914978027e+00 -2.395862102508544922e+00 3.457671403884887695e-01 -1.468704581260681152e+00 -4.369080662727355957e-01 2.207615613937377930e+00 -1.006669044494628906e+00
3.645611047744750977e+00 -8.087769746780395508e-01 -9.296528697013854980e-01 -1.611070632934570312e-01 -7.358316779136657715e-01 -1.665512800216674805e+00 2.849035561084747314e-01 7.641036063432693481e-02 -8.607295155525207520e-01 -1.403268933296203613e+00 -3.324208974838256836e+00 1.190810427069664001e-01 1.525799464434385300e-02 8.692033588886260986e-03
1.432281255722045898e+00 2.648837327957153320e+00 -2.576709747314453125e+00 -8.365174382925033569e-02 1.350837826728820801e+00 -1.470256686210632324e+00 6.006422042846679688e-01 -2.878100872039794922e+00 1.662469148635864258e+00 -8.112745285034179688e-01 2.243113517761230469e+00 2.388112694025039673e-01 7.719835638999938965e-01 4.971808195114135742e-01
3.196668997406959534e-02 -2.852334499359130859e+00 -7.689862251281738281e-01 -7.386670708656311035e-01 1.515037775039672852e+00 9.286615252494812012e-01 7.319864630699157715e-01 4.396795749664306641e+00 -1.450067609548568726e-01 -2.985796928405761719e+00 1.594204187393188477e+00 -1.262024283409118652e+00 -5.779431760311126709e-02 -9.620075225830078125e-01
-1.602747440338134766e+00 2.472625970840454102e-01 -8.559389710426330566e-01 1.775778412818908691e+00 5.547620058059692383e-01 3.819455862045288086e+00 -7.275518774986267090e-01 -2.402497768402099609e+00 1.193152070045471191e+00 -5.048874616622924805e-01 -6.798760890960693359e-01 3.804332256317138672e+00 1.419134140014648438e+00 1.923210501670837402e+00
-2.726560354232788086e+00 -1.001120448112487793e+00 -8.116539120674133301e-01 -1.534624338150024414e+00 -5.559709668159484863e-02 -2.889236807823181152e-01 -8.925920724868774414e-01 -1.435414671897888184e+00 2.710521459579467773e+00 -2.087733268737792969e+00 -2.074962377548217773e+00 -7.474172711372375488e-01 -1.294632315635681152e+00 -1.521205306053161621e+00
-1.896951675415039062e+00 -1.727881789207458496e+00 -8.688544631004333496e-01 -7.188618779182434082e-01 -1.137618064880371094e+00 -4.268431663513183594e+00 -9.901102185249328613e-01 -6.269924044609069824e-01 -1.050965070724487305e+00 -3.911208868026733398e+00 1.747116327285766602e+00 9.140060544013977051e-01 -1.682604551315307617e+00 1.877315342426300049e-01
-2.760284900665283203e+00 2.488827228546142578e+00 4.559240639209747314e-01 2.110276460647583008e+00 1.889137148857116699e+00 1.242118239402770996e+00 1.629586458206176758e+00 3.331668853759765625e+00 -9.747096896171569824e-01 2.144251585006713867e+00 -1.100140333175659180e+00 9.572865366935729980e-01 -6.402074098587036133e-01 6.464996188879013062e-02
-7.244433760643005371e-01 -6.182916089892387390e-02 3.783456563949584961e+00 1.409267902374267578e+00 -3.505843162536621094e+00 2.006962299346923828e-01 -4.784944653511047363e-01 -3.441355824470520020e-01 6.464515328407287598e-01 -2.833219289779663086e+00 -1.497801065444946289e+00 -1.117539644241333008e+00 9.688548445701599121e-01 -7.403436303138732910e-01
-2.705268561840057373e-01 3.475561738014221191e-01 -6.376439929008483887e-01 -1.499349355697631836e+00 -7.794526219367980957e-02 -2.572418749332427979e-02 -2.104002684354782104e-01 -1.361328363418579102e-01 2.871467769145965576e-01 -1.427032232284545898e+00 -1.170711815357208252e-01 8.169968724250793457e-01 1.107104960829019547e-02 8.367203474044799805e-01
-8.436801284551620483e-02 1.199403882026672363e+00 6.947044730186462402e-01 1.710955500602722168e+00 4.158720076084136963e-01 8.148568868637084961e-01 1.918309211730957031e+00 7.824788242578506470e-02 -3.168610572814941406e+00 -1.757382452487945557e-01 -2.729761302471160889e-01 1.154865384101867676e+00 -4.232747554779052734e-01 1.382448911666870117e+00
-7.104935050010681152e-01 1.168923154473304749e-01 3.714744448661804199e-01 6.127339005470275879e-01 4.138281643390655518e-01 2.348115146160125732e-01 1.655985951423645020e+00 2.909084856510162354e-01 -9.906560778617858887e-01 4.262372970581054688e+00 1.048861384391784668e+00 2.448305368423461914e+00 1.936584472656250000e+00 4.989912807941436768e-01
-4.922482669353485107e-01 -3.003074228763580322e-02 7.174099683761596680e-01 -1.724063307046890259e-01 5.246918678283691406e+00 -1.169399857521057129e+00 -7.105538845062255859e-01 -2.242149353027343750e+00 -2.174850106239318848e-01 -5.632779598236083984e-01 -1.487077586352825165e-02 -8.239148259162902832e-01 -2.205211639404296875e+00 6.421561241149902344e-01
4.182054042816162109e+00 4.078485012054443359e+00 3.536927461624145508e+00 -3.277984857559204102e-01 9.063063263893127441e-01 5.594396591186523438e-01 2.873307466506958008e-01 -1.705164313316345215e+00 -4.531760513782501221e-01 1.985116720199584961e+00 1.747116804122924805e+00 -2.730727672576904297e+00 2.254253387451171875e+00 2.105445623397827148e+00
-1.320166349411010742e+00 1.213911622762680054e-01 2.061798572540283203e+00 1.828587770462036133e+00 1.215305209159851074e+00 -8.663885295391082764e-03 -2.756361067295074463e-01 -2.480725765228271484e+00 1.598835110664367676e+00 8.279939293861389160e-01 9.447056651115417480e-01 3.721353530883789062e+00 3.034519553184509277e-01 -1.483915686607360840e+00
-3.938162803649902344e+00 -7.757166624069213867e-01 1.421997070312500000e+00 5.186658501625061035e-01 -1.603073239326477051e+00 -2.369266510009765625e+00 5.355582758784294128e-02 -8.310775756835937500e-01 -1.399319171905517578e+00 -1.514210700988769531e-01 8.355235680937767029e-03 -6.286877989768981934e-01 1.422221660614013672e+00 -1.280568361282348633e+00
-2.233734607696533203e+00 -1.651954174041748047e+00 -5.643069744110107422e-01 -1.121192336082458496e+00 -2.846294641494750977e-01 -2.374259233474731445e+00 4.795464992523193359e+00 7.422267198562622070e-01 -2.439941167831420898e-01 -1.193583846092224121e+00 -5.495582818984985352e-01 2.872464358806610107e-01 -2.309915065765380859e+00 1.577806830406188965e+00
-7.927690148353576660e-01 -2.076150625944137573e-01 8.314362764358520508e-01 -1.137696266174316406e+00 -3.382034778594970703e+00 -1.407541155815124512e+00 3.229543685913085938e+00 1.198800086975097656e+00 5.828945040702819824e-01 -1.365261793136596680e+00 -1.204900965094566345e-01 -1.715597271919250488e+00 -1.206148028373718262e+00 1.073205232620239258e+00
2.458730638027191162e-01 -6.693199872970581055e-01 3.383933007717132568e-01 8.300796151161193848e-01 -7.107587456703186035e-01 -5.605838298797607422e-01 1.276078224182128906e+00 3.312867879867553711e+00 -9.298861026763916016e-01 -1.510252356529235840e+00 -2.383114844560623169e-01 -5.577046275138854980e-01 2.826325893402099609e+00 6.864541769027709961e-01
1.417838931083679199e-01 3.610219717025756836e+00 -7.488110065460205078e-01 1.272442817687988281e+00 -4.308717250823974609e-01 1.444355249404907227e+00 2.033681720495223999e-01 -7.245553731918334961e-01 5.042847990989685059e-01 8.179716467857360840e-01 1.300772428512573242e-01 -2.603121101856231689e-01 3.556104421615600586e+00 -1.571013480424880981e-01
5.423431396484375000e-01 -1.911882162094116211e+00 2.342582345008850098e-01 -7.565492987632751465e-01 5.732733011245727539e-02 2.052225768566131592e-01 -2.867390632629394531e+00 9.875172972679138184e-01 -1.270010471343994141e-01 -2.148653745651245117e+00 3.365836858749389648e+00 -2.172532320022583008e+00 -1.758784770965576172e+00 3.587667942047119141e-01
4.445390999317169189e-01 -1.134537816047668457e+00 -1.957654505968093872e-01 3.866614997386932373e-01 -2.896119356155395508e+00 1.152936935424804688e+00 -3.236901760101318359e+00 -1.229300975799560547e+00 -1.641787290573120117e+00 5.811638832092285156e-01 -4.410350024700164795e-01 -2.703521966934204102e+00 -1.674013257026672363e+00 2.985133230686187744e-01
3.220389604568481445e+00 4.587602615356445312e-01 -1.730406761169433594e+00 1.980086684226989746e+00 1.331720352172851562e+00 2.062804698944091797e+00 2.388624429702758789e+00 -1.230816006660461426e+00 -2.145849317312240601e-01 -1.245234012603759766e+00 -6.784527897834777832e-01 2.408871173858642578e+00 -1.161535620689392090e+00 -4.144869804382324219e+00
-8.380187749862670898e-01 -9.562273621559143066e-01 -9.607179760932922363e-01 -1.085321664810180664e+00 4.054544121026992798e-02 -2.570587098598480225e-01 -1.707115173339843750e+00 -5.157036185264587402e-01 -6.868660449981689453e-02 7.318223267793655396e-02 3.396738529205322266e+00 -1.889152973890304565e-01 -1.144275441765785217e-01 -1.109478950500488281e+00
-5.458641052246093750e-02 3.073034048080444336e+00 2.300329357385635376e-01 9.115708470344543457e-01 -5.499925017356872559e-01 3.582104921340942383e+00 1.743891119956970215e+00 8.028461337089538574e-01 -2.002941370010375977e+00 -1.863410353660583496e+00 -2.198362797498703003e-01 1.272662639617919922e+00 1.010527491569519043e+00 -7.267022132873535156e-02
1.379853785037994385e-01 1.037478685379028320e+00 1.308813095092773438e+00 4.631283581256866455e-01 5.845955014228820801e-01 9.059873223304748535e-01 3.684695005416870117e+00 1.337248682975769043e+00 9.510873258113861084e-02 4.796371161937713623e-01 1.966636478900909424e-01 5.216013193130493164e-01 4.332275092601776123e-01 4.806637763977050781e-01
-3.678548574447631836e+00 -8.017695546150207520e-01 5.286775231361389160e-01 -2.103128284215927124e-01 9.016954898834228516e-01 -1.895367264747619629e+00 -3.568421602249145508e+00 -3.366462290287017822e-01 -6.104786992073059082e-01 6.086492538452148438e-01 -1.257333874702453613e+00 8.630901575088500977e-01 7.209197282791137695e-01 1.279595643281936646e-01
3.524042367935180664e+00 -2.652312278747558594e+00 1.372735500335693359e+00 1.928531229496002197e-01 1.587471365928649902e+00 -1.448504924774169922e+00 1.867554068565368652e+00 8.254877328872680664e-01 1.582784414291381836e+00 1.795573472976684570e+00 -1.021791100502014160e+00 2.858776569366455078e+00 -1.408623933792114258e+00 2.688359916210174561e-01
-3.819156885147094727e-01 2.012202262878417969e+00 -1.655186891555786133e+00 3.482954263687133789e+00 -1.116378068923950195e+00 1.765967369079589844e+00 -2.896739244461059570e+00 -5.468704104423522949e-01 2.366553843021392822e-01 4.635837376117706299e-01 -1.639845132827758789e+00 -7.952247262001037598e-01 1.206341266632080078e+00 -4.147539138793945312e+00
-2.454319447278976440e-01 -5.281715989112854004e-01 -8.407453447580337524e-02 6.479643583297729492e-01 -6.617378592491149902e-01 -4.301345050334930420e-01 7.055112719535827637e-01 1.347056150436401367e+00 -4.906559884548187256e-01 -3.098706714808940887e-02 -8.946038484573364258e-01 -3.843194842338562012e-01 1.276322484016418457e+00 -3.243253380060195923e-02
-1.515816569328308105e+00 7.358089089393615723e-01 -3.623701035976409912e-01 8.800088167190551758e-01 1.768615841865539551e+00 -1.414772152900695801e+00 1.401388198137283325e-01 7.126210331916809082e-01 -1.373190641403198242e+00 -2.855711936950683594e+00 1.963299393653869629e+00 -3.318294882774353027e-01 7.226182818412780762e-01 -1.938822388648986816e+00
6.482481956481933594e-01 2.261319458484649658e-01 -1.463342308998107910e+00 -2.492237329483032227e+00 -3.067218303680419922e+00 1.384208947420120239e-01 -4.498708546161651611e-01 8.029482364654541016e-01 1.226796060800552368e-01 1.442825675010681152e+00 4.667694568634033203e+00 -5.512308478355407715e-01 2.922239601612091064e-01 -1.349799752235412598e+00
-6.761654019355773926e-01 -1.417526155710220337e-01 -2.166582822799682617e+00 2.785117149353027344e+00 -4.808672368526458740e-01 -1.610628664493560791e-01 3.722578287124633789e-01 -5.425569415092468262e-02 -1.613113999366760254e+00 -1.541780591011047363e+00 -6.050541996955871582e-01 3.732665777206420898e-01 1.947386384010314941e+00 6.453005075454711914e-01
1.079867601394653320e+00 1.602931618690490723e-01 1.724767446517944336e+00 2.254360914230346680e-01 7.843248248100280762e-01 1.004656076431274414e+00 2.341330349445343018e-01 1.318146735429763794e-01 9.091477990150451660e-01 -9.666141271591186523e-01 -1.343193799257278442e-01 -2.858393192291259766e+00 1.156744733452796936e-01 -6.563839316368103027e-02
2.086372971534729004e-01 5.269504785537719727e-01 -2.697381019592285156e+00 7.345787286758422852e-01 2.239823818206787109e+00 1.446967869997024536e-01 -2.850938081741333008e+00 5.906924605369567871e-01 -1.525603652000427246e+00 1.180568695068359375e+00 2.940248548984527588e-01 2.482794523239135742e+00 8.128535747528076172e-02 -1.652746558189392090e+00
1.220771819353103638e-01 -2.467561960220336914e-01 1.573482990264892578e+00 1.215921878814697266e+00 -3.385174870491027832e-01 2.017148137092590332e-01 -2.650750160217285156e+00 -3.018029689788818359e+00 3.087116003036499023e+00 -2.103258132934570312e+00 3.081130266189575195e+00 -2.682945013046264648e+00 -1.149582147598266602e+00 -3.659192562103271484e+00
9.478066861629486084e-02 -1.960252225399017334e-02 1.408722877502441406e+00 3.741554021835327148e+00 -5.163891911506652832e-01 2.200744748115539551e-01 1.030438542366027832e+00 3.115472942590713501e-02 3.657605648040771484e-01 4.709076508879661560e-02 -2.156533896923065186e-01 -8.584821820259094238e-01 -2.399408072233200073e-01 2.904574275016784668e-01
1.431499719619750977e+00 2.356186628341674805e+00 1.139223501086235046e-01 -2.077968835830688477e+00 4.438602328300476074e-01 -1.693137288093566895e+00 1.461550891399383545e-01 2.060371935367584229e-01 1.780069619417190552e-01 3.840665817260742188e-01 -1.220187783241271973e+00 -7.759318947792053223e-01 -2.791792750358581543e-01 -2.600436210632324219e-01
-8.307460546493530273e-01 -1.021573781967163086e+00 -6.007813215255737305e-01 -3.012820379808545113e-04 7.438496351242065430e-01 -9.042077511548995972e-02 -1.468211263418197632e-01 -2.241131663322448730e-01 -4.632902741432189941e-01 -4.362946152687072754e-01 1.398970093578100204e-02 -6.321010589599609375e-01 6.915807723999023438e-02 -4.245791435241699219e-01
3.032397270202636719e+00 8.697448968887329102e-01 6.688793897628784180e-01 5.159589927643537521e-03 -3.730049610137939453e+00 -3.291499853134155273e+00 1.172499060630798340e+00 7.990342378616333008e-01 2.370915114879608154e-01 -1.378413736820220947e-01 -2.589014824479818344e-03 9.971192479133605957e-01 1.472043752670288086e+00 -1.128587603569030762e+00
-1.714877635240554810e-01 3.706110715866088867e-01 1.580237299203872681e-01 7.683190107345581055e-01 3.132281452417373657e-02 -2.046223729848861694e-01 4.799419939517974854e-01 -4.994028806686401367e-01 -3.816620707511901855e-01 -1.258148849010467529e-01 2.557092010974884033e-01 -1.444766521453857422e+00 -1.989487886428833008e+00 3.823971450328826904e-01
-6.499761939048767090e-01 9.644538760185241699e-01 6.784747838973999023e-01 7.831398248672485352e-01 -1.069813966751098633e+00 3.555568218231201172e+00 6.133121848106384277e-01 1.191547632217407227e+00 2.858798503875732422e-01 3.105871379375457764e-01 -1.296494722366333008e+00 1.450717687606811523e+00 -2.752909958362579346e-01 -4.877098798751831055e-01
4.121646285057067871e-01 -1.533727645874023438e-01 2.574847638607025146e-01 -2.569001913070678711e-01 1.036435291171073914e-01 -4.314869642257690430e-01 -3.504584133625030518e-01 2.378412485122680664e-01 1.306490320712327957e-02 -1.074432730674743652e+00 -5.954115390777587891e-01 9.642465114593505859e-01 -9.971421360969543457e-01 -3.380908668041229248e-01
-2.959480583667755127e-01 -6.548663973808288574e-02 -7.209408879280090332e-01 3.006184697151184082e-01 1.373233795166015625e+00 -8.986194729804992676e-01 -7.049399614334106445e-01 6.768209338188171387e-01 1.077060461044311523e+00 -7.175074815750122070e-01 -3.296577692031860352e+00 4.515347957611083984e+00 6.844995617866516113e-01 -4.227989315986633301e-01
-8.618044108152389526e-02 -4.902759790420532227e-01 -1.809232592582702637e+00 3.251584291458129883e+00 3.464058339595794678e-01 6.205211877822875977e-01 -4.320384562015533447e-01 -2.288479804992675781e+00 -3.715435266494750977e-01 -2.735762894153594971e-01 -1.145312905311584473e+00 6.617450714111328125e-01 -7.724914699792861938e-02 2.386193722486495972e-01
7.775061726570129395e-01 3.261152207851409912e-01 -1.342016696929931641e+00 1.776886701583862305e+00 5.782365202903747559e-01 -8.671948313713073730e-01 -1.795009613037109375e+00 -1.309510707855224609e+00 -7.777146100997924805e-01 -3.670184314250946045e-01 1.492578536272048950e-01 2.338939160108566284e-01 -2.535715818405151367e+00 7.488429546356201172e-01
1.125260233879089355e+00 2.734165489673614502e-01 -5.488858222961425781e-01 1.045645833015441895e+00 3.892044126987457275e-01 2.734348550438880920e-02 2.108158469200134277e-01 -1.549663692712783813e-01 -6.063954830169677734e-01 -1.708071231842041016e+00 -1.495311707258224487e-01 7.789371609687805176e-01 -2.816426455974578857e-01 1.398090600967407227e+00
2.431465148925781250e+00 2.454944372177124023e+00 -7.192189246416091919e-02 -2.355039119720458984e+00 -5.101946592330932617e-01 1.748017430305480957e+00 -6.510418653488159180e-01 1.862445831298828125e+00 1.416000008583068848e+00 2.349595546722412109e+00 2.102785587310791016e+00 5.672522783279418945e-01 1.264585137367248535e+00 2.501621723175048828e+00
-2.594269216060638428e-01 -1.365330934524536133e+00 -2.735954284667968750e+00 5.048972964286804199e-01 -6.669972538948059082e-01 -6.767513155937194824e-01 -5.897814035415649414e-01 -2.881133079528808594e+00 -9.291847944259643555e-01 -9.503617882728576660e-01 4.681239604949951172e+00 8.059590458869934082e-01 -3.824750900268554688e+00 -6.087189316749572754e-01
-9.710038900375366211e-01 -3.901471495628356934e-01 -4.778809547424316406e-01 3.065246343612670898e-01 -8.037036061286926270e-01 5.184443593025207520e-01 -1.161583065986633301e+00 3.944440782070159912e-01 -1.108371734619140625e+00 -1.664516091346740723e+00 7.770258784294128418e-01 -1.239783287048339844e+00 -3.049463592469692230e-02 6.934725046157836914e-01
-4.455883026123046875e+00 1.855984330177307129e+00 3.869319856166839600e-01 2.200951337814331055e+00 -2.195015549659729004e-01 -2.605407953262329102e+00 9.857129454612731934e-01 -2.873219251632690430e-01 -7.877830266952514648e-01 5.682440400123596191e-01 6.037502288818359375e-01 2.590766429901123047e+00 9.490580558776855469e-01 1.304525882005691528e-01
-9.385735392570495605e-01 1.205222010612487793e-01 1.945098161697387695e+00 -1.364791542291641235e-01 -3.082629144191741943e-01 -2.981564104557037354e-01 -1.313115596771240234e+00 1.185996294021606445e+00 2.638163328170776367e+00 2.376706123352050781e+00 -2.146327972412109375e+00 -1.327277183532714844e+00 -1.456148266792297363e+00 -1.912071228027343750e+00
-6.657400131225585938e-01 -4.757756590843200684e-01 -9.947656393051147461e-01 1.260580062866210938e+00 -2.485199272632598877e-01 -1.331575512886047363e+00 -1.688035249710083008e+00 -2.702620327472686768e-01 -2.279731273651123047e+00 -1.092828273773193359e+00 -1.867912411689758301e-01 -8.844667673110961914e-01 -2.893003821372985840e-01 -1.426051616668701172e+00
1.032819509506225586e+00 -1.732833147048950195e+00 8.351103663444519043e-01 8.929053544998168945e-01 9.945330023765563965e-01 -2.257812172174453735e-01 7.056936025619506836e-01 -3.802214264869689941e-01 8.879967927932739258e-01 3.065731823444366455e-01 -3.130851686000823975e-02 -3.309745788574218750e-01 -6.638356298208236694e-02 2.246846705675125122e-01
1.850132584571838379e+00 3.069723546504974365e-01 6.199628114700317383e-02 -2.794139385223388672e-01 -2.709029316902160645e-01 -6.833871454000473022e-02 -1.323834992945194244e-02 1.404681205749511719e-01 7.275689840316772461e-01 -5.278124287724494934e-02 8.123943209648132324e-01 -1.591562479734420776e-01 2.507831096649169922e+00 1.111037492752075195e+00
