-4.306290447711944580e-01
-4.178165793418884277e-01
-4.463212788105010986e-01
-5.416415929794311523e-01
-3.831424117088317871e-01
-3.061994910240173340e-01
-4.339316189289093018e-01
-4.068466424942016602e-01
-4.370515942573547363e-01
-3.288169503211975098e-01
-2.462341189384460449e-01
-5.788019299507141113e-01
-5.147401094436645508e-01
-4.673334062099456787e-01
-3.433348238468170166e-01
-3.584749996662139893e-01
-6.454535126686096191e-01
-5.073859095573425293e-01
-4.974733293056488037e-01
-3.080643117427825928e-01
-4.302828311920166016e-01
-4.564624726772308350e-01
-3.935524225234985352e-01
-3.905481994152069092e-01
-9.903970360755920410e-02
-4.468425810337066650e-01
-3.073135316371917725e-01
-5.780614614486694336e-01
-4.747948348522186279e-01
-3.849993944168090820e-01
-4.454585611820220947e-01
-2.671119272708892822e-01
-6.150643229484558105e-01
-4.300665855407714844e-01
-4.237209558486938477e-01
-3.807919621467590332e-01
-2.672771513462066650e-01
-5.924150347709655762e-01
-6.425490975379943848e-01
-3.951981365680694580e-01
-4.665797352790832520e-01
-6.854680776596069336e-01
-5.246689915657043457e-01
-6.142437458038330078e-01
-2.955165505409240723e-01
-5.122238993644714355e-01
-4.041889607906341553e-01
-6.096811294555664062e-01
-4.931723773479461670e-01
-4.499731063842773438e-01
-1.208531334996223450e-01
-5.160656571388244629e-01
-4.049760699272155762e-01
-5.837259292602539062e-01
-3.104116916656494141e-01
-5.998489856719970703e-01
-2.721839249134063721e-01
-4.877551496028900146e-01
-3.867787122726440430e-01
-3.466337919235229492e-01
-5.145468711853027344e-01
-4.407456517219543457e-01
-4.069266915321350098e-01
-3.595441281795501709e-01
-6.212040781974792480e-01
-5.999596714973449707e-01
-6.324787735939025879e-01
-5.236520171165466309e-01
-4.695876538753509521e-01
-4.083690643310546875e-01
-4.537849724292755127e-01
-5.717269182205200195e-01
-5.382723212242126465e-01
-3.152314722537994385e-01
-4.375539124011993408e-01
-5.977191329002380371e-01
-4.439260065555572510e-01
-5.214502215385437012e-01
-6.572158932685852051e-01
-4.943167865276336670e-01
-5.361818075180053711e-01
-5.308151841163635254e-01
-3.214881420135498047e-01
-5.112609267234802246e-01
-3.809109628200531006e-01
-5.927549004554748535e-01
-4.764582514762878418e-01
-4.566364884376525879e-01
-5.171265006065368652e-01
-4.498385787010192871e-01
-4.521625936031341553e-01
-3.162677586078643799e-01
-3.365573287010192871e-01
-5.610136389732360840e-01
-3.399092257022857666e-01
-5.677551627159118652e-01
-2.115326672792434692e-01
-2.744590342044830322e-01
-5.021380186080932617e-01
-2.213317453861236572e-01
-4.688588380813598633e-01
-1.636027395725250244e-01
-2.719458937644958496e-01
-7.508045434951782227e-01
-3.554126620292663574e-01
-5.168105363845825195e-01
-4.282904565334320068e-01
-5.997025966644287109e-01
-4.136905670166015625e-01
-4.519318044185638428e-01
-5.541445612907409668e-01
-3.755817413330078125e-01
-3.990839421749114990e-01
-4.023444652557373047e-01
-4.537736177444458008e-01
-3.570674359798431396e-01
-4.447500705718994141e-01
-4.566267430782318115e-01
-6.640824675559997559e-01
-3.736891448497772217e-01
-4.863987267017364502e-01
-3.707065284252166748e-01
-4.713408052921295166e-01
-4.321833848953247070e-01
-3.957647681236267090e-01
-3.997884392738342285e-01
-3.300639986991882324e-01
-5.935205221176147461e-01
-5.123360753059387207e-01
-3.288063108921051025e-01
-4.553022086620330811e-01
-2.514657080173492432e-01
-2.068025022745132446e-01
-5.723979473114013672e-01
-3.245062828063964844e-01
-6.937041282653808594e-01
-3.830277919769287109e-01
-4.112574160099029541e-01
-5.309209227561950684e-01
-6.283766627311706543e-01
-2.117348313331604004e-01
-1.620633304119110107e-01
-3.272909224033355713e-01
-4.283179044723510742e-01
-6.140972375869750977e-01
-3.528577685356140137e-01
-3.173348307609558105e-01
-2.436585128307342529e-01
-5.446299314498901367e-01
-3.185982406139373779e-01
-3.636491000652313232e-01
-4.727502167224884033e-01
-5.848182439804077148e-01
-4.300334453582763672e-01
-3.769687116146087646e-01
-3.955481052398681641e-01
-4.208817780017852783e-01
-4.959798455238342285e-01
-6.149534583091735840e-01
-3.166941106319427490e-01
-5.609067678451538086e-01
-4.612435698509216309e-01
-5.170755982398986816e-01
-2.928175926208496094e-01
-3.806317448616027832e-01
-5.496368408203125000e-01
-3.544167578220367432e-01
-4.375364184379577637e-01
-3.764751255512237549e-01
-3.875684738159179688e-01
-5.700749754905700684e-01
-4.236694574356079102e-01
-5.162888765335083008e-01
-6.319029927253723145e-01
-3.102309703826904297e-01
-4.249602556228637695e-01
-4.434626102447509766e-01
-3.689555823802947998e-01
-6.346150636672973633e-01
-2.544391453266143799e-01
-7.122396230697631836e-01
-5.844731926918029785e-01
-5.388572216033935547e-01
-5.677657127380371094e-01
-5.064699053764343262e-01
-3.432443141937255859e-01
-4.530857205390930176e-01
-5.319126844406127930e-01
-5.063505172729492188e-01
-4.219744801521301270e-01
-4.591958224773406982e-01
-5.953320264816284180e-01
-4.951004385948181152e-01
-6.306269764900207520e-01
-4.247032701969146729e-01
-5.353168249130249023e-01
-4.575199782848358154e-01
-4.956050217151641846e-01
-3.776314556598663330e-01
-3.726623356342315674e-01
-3.830176591873168945e-01
-2.572394013404846191e-01
-5.545510649681091309e-01
-1.585048884153366089e-01
-4.116961956024169922e-01
-5.065088272094726562e-01
-3.760176301002502441e-01
-2.986563742160797119e-01
-2.436235398054122925e-01
-3.078163266181945801e-01
-3.416309058666229248e-01
-4.110485017299652100e-01
-5.608541965484619141e-01
-4.048428535461425781e-01
-7.128868103027343750e-01
-5.095086097717285156e-01
-2.334995269775390625e-01
-5.218892097473144531e-01
-1.138723716139793396e-01
-6.515108346939086914e-01
-6.009521484375000000e-01
-4.715254008769989014e-01
-4.887423515319824219e-01
-2.680061459541320801e-01
-5.819267034530639648e-01
-4.356340765953063965e-01
-4.263680279254913330e-01
-3.156951069831848145e-01
-6.807634830474853516e-01
-4.301969707012176514e-01
-4.299938678741455078e-01
-1.881421506404876709e-01
-5.392219424247741699e-01
-6.969246268272399902e-01
-5.078107714653015137e-01
-4.598933458328247070e-01
-4.573299586772918701e-01
-6.225532889366149902e-01
-4.245923757553100586e-01
-4.099449887871742249e-02
-5.091906189918518066e-01
-3.487269580364227295e-01
-3.917205333709716797e-01
-5.662469267845153809e-01
-5.621361136436462402e-01
-6.826673150062561035e-01
-3.185729086399078369e-01
-3.046491444110870361e-01
-4.037597477436065674e-01
-2.145212441682815552e-01
-3.227162659168243408e-01
-4.444814622402191162e-01
-2.232130020856857300e-01
-5.873915553092956543e-01
-6.087863445281982422e-01
-2.885786592960357666e-01
-3.340036869049072266e-01
-3.733580112457275391e-01
-3.756514787673950195e-01
-4.097834825515747070e-01
-5.499644279479980469e-01
-4.464193284511566162e-01
-4.380171298980712891e-01
-3.585789501667022705e-01
-2.644164264202117920e-01
-6.066476106643676758e-01
-2.929023504257202148e-01
-4.258202910423278809e-01
-3.150180280208587646e-01
-4.288002550601959229e-01
-4.208805561065673828e-01
-3.018926978111267090e-01
-4.730913639068603516e-01
-1.890781670808792114e-01
-6.467476487159729004e-01
-3.994389176368713379e-01
-5.203797817230224609e-01
-4.105040729045867920e-01
-4.638330638408660889e-01
-3.098282217979431152e-01
-2.754130065441131592e-01
-3.349373936653137207e-01
-2.485738396644592285e-01
-2.881533801555633545e-01
-5.112801790237426758e-01
-2.852164804935455322e-01
-4.245584905147552490e-01
-5.046699643135070801e-01
-2.622650563716888428e-01
-6.456550359725952148e-01
-3.562812805175781250e-01
-1.790947318077087402e-01
-3.160467743873596191e-01
-5.100516676902770996e-01
-3.721686601638793945e-01
-5.804770588874816895e-01
-5.056584477424621582e-01
-3.750560283660888672e-01
-3.402917683124542236e-01
-5.031828880310058594e-01
