-1.286720782518386841e-01
-1.448050886392593384e-01
-1.224063932895660400e-01
-1.127921044826507568e-01
-1.199946850538253784e-01
-1.465347260236740112e-01
-1.639352738857269287e-01
-1.479476690292358398e-01
-1.016512140631675720e-01
-1.518343985080718994e-01
-7.527438551187515259e-02
-1.675284653902053833e-01
-1.917784214019775391e-01
-1.086522042751312256e-01
-2.057158201932907104e-01
-9.524933993816375732e-02
-8.052870631217956543e-02
-7.073416560888290405e-02
-1.445707678794860840e-01
-1.498130857944488525e-01
-1.633646339178085327e-01
-1.534185409545898438e-01
-1.607458293437957764e-01
-8.018738776445388794e-02
-4.895078390836715698e-02
-1.710228770971298218e-01
-1.735211908817291260e-01
-1.745679229497909546e-01
-1.200820356607437134e-01
-8.223380893468856812e-02
-1.549872010946273804e-01
-1.837753504514694214e-01
-9.584661573171615601e-02
-1.086440756916999817e-01
-6.120096892118453979e-02
-1.617685854434967041e-01
-1.824883222579956055e-01
-1.394961178302764893e-01
-4.707336053252220154e-02
-9.786786884069442749e-02
-1.398869454860687256e-01
-1.313195973634719849e-01
-7.912231981754302979e-02
-9.433197230100631714e-02
-1.262519061565399170e-01
-1.142359673976898193e-01
-5.298453569412231445e-02
-1.137389540672302246e-01
-5.656634271144866943e-02
-1.575582474470138550e-01
-7.193163037300109863e-02
-2.203373610973358154e-01
-1.039435863494873047e-01
-3.177577257156372070e-02
-1.858701556921005249e-01
-1.422879248857498169e-01
-1.001747623085975647e-01
-9.074223786592483521e-02
-1.130068898200988770e-01
-1.390291899442672729e-01
-1.100391894578933716e-01
-1.515466719865798950e-01
-6.017972901463508606e-02
-1.421668976545333862e-01
-1.525857746601104736e-01
-7.979232072830200195e-02
-6.793375313282012939e-02
-1.113365963101387024e-01
-8.766525983810424805e-02
-1.471353769302368164e-01
-8.542844653129577637e-02
-5.534151196479797363e-02
-5.925725400447845459e-02
-1.069804579019546509e-01
-1.445585787296295166e-01
-1.010826677083969116e-01
-1.166533082723617554e-01
-1.776604801416397095e-01
-1.519469022750854492e-01
-8.136101812124252319e-02
-1.720412820577621460e-01
-1.727250218391418457e-01
-1.070085689425468445e-01
-1.018742918968200684e-01
-9.735903888940811157e-02
-1.074940040707588196e-01
-8.282653242349624634e-02
-8.812879025936126709e-02
-5.359335988759994507e-02
-1.631995886564254761e-01
-1.818719208240509033e-01
-1.413528472185134888e-01
-5.730316415429115295e-02
-1.020409464836120605e-01
-6.409053504467010498e-02
-1.690739691257476807e-01
-8.381630480289459229e-02
-8.927047997713088989e-02
-1.674575358629226685e-01
-1.257459223270416260e-01
-1.709899753332138062e-01
-1.114601343870162964e-01
-1.757200956344604492e-01
-1.422321200370788574e-01
-4.111658409237861633e-02
-1.583156287670135498e-01
-1.737147122621536255e-01
-1.534329056739807129e-01
-6.722075492143630981e-02
-9.817463159561157227e-02
-6.883388757705688477e-02
-5.121422931551933289e-02
-8.244801312685012817e-02
-1.066955327987670898e-01
-1.155017837882041931e-01
-8.369403332471847534e-02
-1.572882235050201416e-01
-1.150393113493919373e-02
-1.793018579483032227e-01
-1.329198926687240601e-01
-1.392710208892822266e-01
-6.266088038682937622e-02
-1.726708114147186279e-01
-1.490097939968109131e-01
-1.269370466470718384e-01
-1.298516690731048584e-01
-6.713137030601501465e-02
-1.428845375776290894e-01
-1.547968685626983643e-01
-1.520629376173019409e-01
-1.920746117830276489e-01
-1.614437699317932129e-01
-1.872022897005081177e-01
-1.448316574096679688e-01
-1.182915344834327698e-01
-1.313379406929016113e-01
-1.485380977392196655e-01
-1.415843814611434937e-01
-6.751757860183715820e-02
-1.094410419464111328e-01
-1.244288831949234009e-01
-1.584617495536804199e-01
-8.818498253822326660e-02
-1.675736159086227417e-01
-8.555757999420166016e-02
-1.469850987195968628e-01
-1.218106523156166077e-01
-1.365217566490173340e-01
-4.465442895889282227e-02
-1.602336913347244263e-01
-1.750693172216415405e-01
-1.588744521141052246e-01
-1.564788073301315308e-01
-1.227805316448211670e-01
-1.474605649709701538e-01
-7.689886540174484253e-02
-1.615652740001678467e-01
-9.252762049436569214e-02
-6.325785815715789795e-02
-1.986839026212692261e-01
-8.716616779565811157e-02
-1.606741845607757568e-01
-1.122111007571220398e-01
-1.416252553462982178e-01
-8.160603046417236328e-02
-7.425072044134140015e-02
-1.661387681961059570e-01
-1.346944570541381836e-01
-7.522471249103546143e-02
-1.364252865314483643e-01
-1.477835923433303833e-01
-1.364765763282775879e-01
-1.273427456617355347e-01
-9.693156182765960693e-02
-1.129007041454315186e-01
-1.423682272434234619e-01
-7.402119785547256470e-02
-1.476448923349380493e-01
-1.458917558193206787e-01
-1.396554410457611084e-01
-1.272579431533813477e-01
-9.776291996240615845e-02
-9.019395709037780762e-02
-4.396588727831840515e-02
-5.124565958976745605e-02
-4.617787897586822510e-02
-1.683096736669540405e-01
-8.716195821762084961e-02
-1.200969517230987549e-01
-8.374731242656707764e-02
-1.120283752679824829e-01
-1.773384660482406616e-01
-1.811359226703643799e-01
-8.304413408041000366e-02
-8.937746286392211914e-02
-1.197576895356178284e-01
-5.302752554416656494e-02
-1.315792053937911987e-01
-1.475142985582351685e-01
-1.154941990971565247e-01
-5.687699466943740845e-02
-7.593628019094467163e-02
-1.075212061405181885e-01
-2.320719137787818909e-02
-7.931628823280334473e-02
-1.882033348083496094e-01
-1.229207739233970642e-01
-2.891599945724010468e-02
-7.950459420680999756e-02
-1.233166456222534180e-01
-1.013431623578071594e-01
-1.411350518465042114e-01
-1.523751914501190186e-01
-1.423511356115341187e-01
-7.049088925123214722e-02
-7.027686387300491333e-02
-7.561007887125015259e-02
-1.594354659318923950e-01
-1.701487004756927490e-01
-4.137618094682693481e-02
-1.083226576447486877e-01
-9.877602756023406982e-02
-1.130038127303123474e-01
-1.600817590951919556e-01
-4.375898092985153198e-02
-4.408304020762443542e-02
-1.100313141942024231e-01
-1.069491356611251831e-01
-5.308778956532478333e-02
-9.547311067581176758e-02
-1.776618808507919312e-01
-1.451355367898941040e-01
-1.652223616838455200e-01
-1.233582943677902222e-01
-1.470546722412109375e-01
-7.778931409120559692e-02
-4.326228797435760498e-02
-8.537060767412185669e-02
-1.366672813892364502e-01
-9.963744133710861206e-02
-1.644919663667678833e-01
-1.245920434594154358e-01
-8.276158571243286133e-02
-1.470288634300231934e-01
-1.228675246238708496e-01
-1.342642605304718018e-01
-1.807718425989151001e-01
-1.971928775310516357e-01
-1.150236353278160095e-01
-1.264789700508117676e-01
-1.250677257776260376e-01
-7.917616516351699829e-02
-1.166445165872573853e-01
-4.647175967693328857e-02
-1.386450678110122681e-01
-7.419157028198242188e-02
-1.159885823726654053e-01
-1.001516282558441162e-01
-1.013402789831161499e-01
-1.097320020198822021e-01
-1.210458055138587952e-01
-2.189681082963943481e-01
-1.459777057170867920e-01
-1.670065820217132568e-01
-8.003803342580795288e-02
-1.264342516660690308e-01
-1.787385642528533936e-01
-1.431502997875213623e-01
-6.112038344144821167e-02
-1.451190263032913208e-01
-9.010861068964004517e-02
-1.582265198230743408e-01
-1.536942571401596069e-01
-3.463173657655715942e-02
-9.166491031646728516e-02
-1.682569086551666260e-01
-1.665200442075729370e-01
-1.426411420106887817e-01
-5.628494173288345337e-02
-4.219273850321769714e-02
-8.262512832880020142e-02
-1.018197238445281982e-01
-1.393025368452072144e-01
-1.709897518157958984e-01
-1.194934174418449402e-01
-1.119191423058509827e-01
-1.126776039600372314e-01
-1.184117794036865234e-01
-1.382792294025421143e-01
-1.140927597880363464e-01
-1.083478182554244995e-01
-1.482900232076644897e-01
-5.458814278244972229e-02
-1.661526560783386230e-01
-1.455492377281188965e-01
-1.245287284255027771e-01
-1.724132448434829712e-01
-1.272810101509094238e-01
-1.496941447257995605e-01
-5.208979174494743347e-02
