-1.449005771428346634e-02
-1.191552728414535522e-02
-1.283622579649090767e-03
-4.762505367398262024e-02
-1.901292242109775543e-02
3.617242351174354553e-02
-5.919016525149345398e-02
1.193956062197685242e-01
1.172142848372459412e-02
-1.904037222266197205e-02
-7.009641081094741821e-02
1.232194904332573060e-06
-1.981710270047187805e-02
-2.386417472735047340e-03
-4.492556303739547729e-02
-2.588672935962677002e-02
-2.377019077539443970e-02
-2.372749336063861847e-02
7.709541358053684235e-03
5.911706015467643738e-02
6.120128929615020752e-02
4.011933226138353348e-03
-6.641963124275207520e-02
-4.615473002195358276e-02
-1.391563564538955688e-02
3.028011322021484375e-02
6.205968931317329407e-02
7.476117461919784546e-02
-1.914576441049575806e-02
2.694001980125904083e-02
-4.135668277740478516e-02
3.883838281035423279e-02
-1.127782277762889862e-02
-7.702858187258243561e-03
4.883597791194915771e-02
1.288848835974931717e-02
-2.382320724427700043e-02
8.150573703460395336e-04
1.228224020451307297e-02
-2.596424333751201630e-02
2.020919695496559143e-02
3.306809440255165100e-02
3.646694822236895561e-03
6.404460221529006958e-02
1.216718554496765137e-02
1.994685269892215729e-02
1.030080486088991165e-02
5.766896158456802368e-02
-3.476176038384437561e-02
-1.452991645783185959e-02
6.832193583250045776e-03
1.209108624607324600e-03
-2.897511608898639679e-02
8.875171653926372528e-03
7.646768540143966675e-02
-2.516350895166397095e-02
3.278887644410133362e-02
1.251372694969177246e-02
1.804207824170589447e-02
-4.580549150705337524e-02
7.294713519513607025e-03
3.943282738327980042e-02
5.223615560680627823e-03
1.580064883455634117e-03
-3.584523126482963562e-02
1.413556002080440521e-02
2.965366281569004059e-02
3.715021163225173950e-02
3.077408298850059509e-02
-9.398836642503738403e-03
3.618818521499633789e-02
4.440540913492441177e-03
2.183077298104763031e-02
3.184159100055694580e-02
4.470515996217727661e-02
3.222354128956794739e-02
1.261040475219488144e-02
-1.937629282474517822e-02
6.802892684936523438e-02
4.330501332879066467e-02
-5.506876111030578613e-02
-1.274511869996786118e-02
-2.445138804614543915e-02
-2.168463543057441711e-02
-3.315388783812522888e-02
-2.635158784687519073e-02
6.131330970674753189e-03
1.643176190555095673e-02
1.938819140195846558e-02
-8.393169380724430084e-03
-7.345698028802871704e-02
-1.896706968545913696e-02
2.972535975277423859e-02
6.663119047880172729e-02
7.299512508325278759e-04
2.475783228874206543e-02
-2.781783416867256165e-02
-2.731804922223091125e-02
8.350145071744918823e-03
-2.285847067832946777e-02
-3.772242926061153412e-03
-3.333704173564910889e-02
-1.349502801895141602e-02
1.206385158002376556e-02
-3.157931193709373474e-02
7.314213551580905914e-03
3.294414654374122620e-02
2.807977423071861267e-02
-2.481838129460811615e-02
3.288809955120086670e-02
5.917201191186904907e-02
-9.895658120512962341e-03
-1.914304494857788086e-02
-3.533376613631844521e-03
-2.002875134348869324e-02
-4.016170278191566467e-02
-6.677529215812683105e-02
-1.447258051484823227e-02
9.450680017471313477e-02
5.243694409728050232e-02
-2.140283025801181793e-02
-5.359721183776855469e-02
-5.721225216984748840e-02
3.857286274433135986e-02
-5.253370851278305054e-03
2.010140568017959595e-02
1.053324807435274124e-02
5.469240620732307434e-02
-4.227021709084510803e-03
5.399210378527641296e-02
-1.322085736319422722e-03
-1.651035062968730927e-02
3.727810084819793701e-02
2.482417412102222443e-02
3.071085736155509949e-02
8.197188377380371094e-02
-2.270164899528026581e-02
1.332622300833463669e-02
3.590730950236320496e-02
-5.803027004003524780e-02
-2.232709713280200958e-02
-9.739836305379867554e-02
6.187028437852859497e-02
-6.248033046722412109e-02
-3.513218089938163757e-02
1.668327860534191132e-02
3.089193627238273621e-02
5.346026644110679626e-02
4.614435508847236633e-02
3.573901951313018799e-02
-2.717854082584381104e-02
9.668097831308841705e-03
-2.292723581194877625e-02
-2.523153088986873627e-02
-2.661070227622985840e-02
-3.263930976390838623e-02
2.486116811633110046e-02
-3.472310304641723633e-02
-5.050095170736312866e-02
1.056488510221242905e-02
1.462388690561056137e-02
3.041335381567478180e-02
6.471989303827285767e-02
-3.905336558818817139e-02
4.969952255487442017e-02
5.713644623756408691e-02
2.378713339567184448e-02
6.054003909230232239e-02
1.286274194717407227e-01
3.790679946541786194e-02
-6.272955797612667084e-03
7.004196755588054657e-03
-4.818441718816757202e-02
4.067683592438697815e-02
1.747333630919456482e-02
3.698476031422615051e-02
-1.547239604406058788e-03
2.192842541262507439e-03
-4.391388967633247375e-03
1.502789207734167576e-03
-4.752397537231445312e-03
1.451752241700887680e-02
2.639020048081874847e-02
-5.645067617297172546e-02
1.481791026890277863e-02
-1.953548379242420197e-02
4.881870932877063751e-03
-4.968588706105947495e-03
-6.004050374031066895e-02
2.753414399921894073e-02
9.111968684010207653e-04
1.178315468132495880e-02
-3.725033253431320190e-02
-7.489832933060824871e-04
1.093886606395244598e-02
7.294797687791287899e-04
1.467703469097614288e-02
2.810447709634900093e-03
4.627472907304763794e-02
4.262514412403106689e-02
-2.389443479478359222e-02
3.562773764133453369e-02
2.657145820558071136e-02
5.369378626346588135e-02
3.632932156324386597e-02
2.494353801012039185e-02
2.636172436177730560e-02
-1.776888733729720116e-03
4.802970960736274719e-02
-1.177915744483470917e-02
-2.521177986636757851e-03
6.615504389628767967e-04
2.090835571289062500e-02
-3.375095501542091370e-02
9.148190729320049286e-03
6.375429779291152954e-02
-5.297566205263137817e-02
5.157886538654565811e-03
-6.667586416006088257e-02
-2.601449005305767059e-02
4.256170615553855896e-02
-3.823264688253402710e-02
-4.744281247258186340e-02
-7.140118628740310669e-02
5.435708165168762207e-02
-6.485540419816970825e-02
2.008434757590293884e-02
-4.696439951658248901e-02
-4.090063448529690504e-04
3.318290784955024719e-02
2.507633529603481293e-02
-3.876427188515663147e-02
-2.593184635043144226e-02
3.495174273848533630e-02
-5.777053162455558777e-02
1.480295415967702866e-02
-3.621365502476692200e-02
-9.259099140763282776e-03
2.549481950700283051e-02
1.504474226385354996e-02
4.139760509133338928e-02
-4.599080979824066162e-02
-6.489165127277374268e-03
1.391830202192068100e-02
-4.969002678990364075e-02
-2.256082929670810699e-02
-2.758490666747093201e-02
2.281183190643787384e-02
4.178376402705907822e-03
-1.944008097052574158e-02
-3.798161819577217102e-02
-4.676343873143196106e-03
6.939622759819030762e-02
6.659110635519027710e-02
2.991550043225288391e-02
1.808749698102474213e-02
-1.627312786877155304e-02
-1.012911200523376465e-01
-1.515781600028276443e-02
3.498929738998413086e-02
-1.476143114268779755e-02
3.294483944773674011e-02
1.014272198081016541e-01
-5.400576069951057434e-02
6.309267133474349976e-02
8.042933791875839233e-02
5.776469036936759949e-02
-1.595057360827922821e-02
1.196049991995096207e-02
2.344255149364471436e-02
4.829573631286621094e-02
2.886847220361232758e-02
1.955660060048103333e-02
6.246306747198104858e-02
2.127475477755069733e-02
-2.591554075479507446e-02
-3.075979650020599365e-02
-2.549707517027854919e-02
-4.012095928192138672e-02
-2.354726567864418030e-02
-6.343790888786315918e-02
-2.509490028023719788e-02
-1.351925265043973923e-02
-2.356328815221786499e-02
9.221571497619152069e-03
-1.735967956483364105e-02
2.229602634906768799e-02
-9.417110122740268707e-03
-2.233134955167770386e-02
4.575456306338310242e-02
1.229602191597223282e-02
-8.619813248515129089e-03
6.864264607429504395e-02
1.298577804118394852e-02
-7.837081211619079113e-04
4.605486616492271423e-02
6.991272792220115662e-03
-1.995038054883480072e-02
5.791443586349487305e-02
-6.559281796216964722e-02
