5.171427037566900253e-04
5.171382217667996883e-04
5.171339726075530052e-04
5.171296652406454086e-04
5.171252996660768986e-04
5.171205266378819942e-04
5.171165103092789650e-04
5.171120283193886280e-04
5.171076045371592045e-04
5.171031225472688675e-04
5.170986405573785305e-04
5.170945078134536743e-04
5.170901422388851643e-04
5.170857184566557407e-04
5.170814110897481441e-04
5.170767544768750668e-04
5.170724471099674702e-04
5.170680233277380466e-04
5.170635413378477097e-04
5.170593503862619400e-04
5.170549266040325165e-04
5.170506192371249199e-04
5.170463700778782368e-04
5.170417716726660728e-04
5.170374060980975628e-04
5.170330405235290527e-04
5.170285003259778023e-04
5.170241347514092922e-04
5.170198855921626091e-04
5.170155200175940990e-04
5.170108634047210217e-04
5.170066724531352520e-04
5.170023650862276554e-04
5.169978830963373184e-04
5.169936339370906353e-04
5.169892101548612118e-04
5.169846699573099613e-04
5.169804790057241917e-04
5.169759970158338547e-04
5.169719224795699120e-04
5.169671494513750076e-04
5.169629002921283245e-04
5.169584183022379875e-04
5.169542273506522179e-04
5.169496871531009674e-04
5.169455544091761112e-04
5.169410142116248608e-04
5.169367068447172642e-04
5.169322830624878407e-04
5.169279174879193306e-04
5.169235519133508205e-04
5.169190117157995701e-04
5.169145879335701466e-04
5.169105716049671173e-04
5.169059731997549534e-04
5.169015494175255299e-04
5.168971838429570198e-04
5.168928764760494232e-04
5.168884526938199997e-04
5.168842035345733166e-04
5.168798961676657200e-04
5.168755305930972099e-04
5.168709321878850460e-04
5.168665666133165359e-04
5.168622010387480259e-04
5.168577772565186024e-04
5.168536445125937462e-04
5.168490461073815823e-04
5.168447387404739857e-04
5.168404313735663891e-04
5.168360075913369656e-04
5.168317002244293690e-04
5.168273346498608589e-04
5.168232019059360027e-04
5.168185452930629253e-04
5.168141797184944153e-04
5.168097559362649918e-04
5.168053903616964817e-04
5.168011412024497986e-04
5.167969502508640289e-04
5.167923518456518650e-04
5.167882191017270088e-04
5.167836789041757584e-04
5.167795461602509022e-04
5.167749477550387383e-04
5.167705239728093147e-04
5.167663330212235451e-04
5.167617346160113811e-04
5.167576600797474384e-04
5.167530616745352745e-04
5.167487543076276779e-04
5.167443305253982544e-04
5.167400231584906578e-04
5.167357739992439747e-04
5.167312338016927242e-04
5.167268100194633007e-04
5.167225026525557041e-04
5.167180788703262806e-04
5.167138297110795975e-04
5.167094641365110874e-04
5.167050403542816639e-04
5.167006747797131538e-04
5.166964256204664707e-04
5.166919436305761337e-04
5.166877526789903641e-04
5.166832706891000271e-04
5.166789051145315170e-04
5.166745977476239204e-04
5.166702321730554104e-04
5.166658083908259869e-04
5.166615010239183903e-04
5.166571936570107937e-04
5.166527698747813702e-04
5.166487535461783409e-04
5.166440969333052635e-04
5.166396149434149265e-04
5.166353657841682434e-04
5.166310584172606468e-04
5.166267510503530502e-04
5.166224436834454536e-04
5.166177870705723763e-04
5.166134214960038662e-04
5.166091723367571831e-04
5.166044575162231922e-04
5.166004993952810764e-04
5.165962502360343933e-04
5.165918264538049698e-04
5.165874608792364597e-04
5.165830370970070362e-04
5.165786715224385262e-04
5.165745387785136700e-04
5.165699403733015060e-04
5.165656330063939095e-04
5.165613256394863129e-04
5.165571346879005432e-04
5.165527109056711197e-04
5.165482289157807827e-04
5.165439215488731861e-04
5.165394977666437626e-04
5.165351903997361660e-04
5.165308830328285694e-04
5.165265174582600594e-04
5.165220936760306358e-04
5.165179027244448662e-04
5.165133043192327023e-04
5.165091715753078461e-04
5.165048060007393360e-04
5.165004404261708260e-04
5.164960166439414024e-04
5.164917092770338058e-04
5.164874019101262093e-04
5.164830945432186127e-04
5.164786707609891891e-04
5.164743633940815926e-04
5.164700560271739960e-04
5.164656904526054859e-04
5.164614412933588028e-04
5.164570175111293793e-04
5.164527101442217827e-04
5.164483445696532726e-04
5.164440372027456760e-04
5.164396134205162525e-04
5.164354224689304829e-04
5.164308822713792324e-04
5.164266913197934628e-04
5.164223839528858662e-04
5.164180765859782696e-04
5.164135363884270191e-04
5.164092290215194225e-04
5.164050380699336529e-04
5.164006142877042294e-04
5.163961905054748058e-04
5.163918249309062958e-04
5.163875175639986992e-04
5.163832684047520161e-04
5.163788446225225925e-04
5.163746536709368229e-04
5.163701716810464859e-04
5.163658643141388893e-04
5.163614987395703793e-04
5.163571913726627827e-04
5.163528840057551861e-04
5.163484020158648491e-04
5.163441528566181660e-04
5.163399619050323963e-04
5.163356545381247997e-04
5.163311143405735493e-04
5.163269233889877796e-04
5.163226742297410965e-04
5.163181922398507595e-04
5.163140012882649899e-04
5.163095192983746529e-04
5.163052119314670563e-04
5.163008463568985462e-04
5.162964225746691227e-04
5.162921152077615261e-04
5.162878660485148430e-04
5.162835586816072464e-04
5.162791931070387363e-04
5.162750021554529667e-04
5.162704619579017162e-04
5.162662710063159466e-04
5.162620800547301769e-04
5.162577726878225803e-04
5.162532324902713299e-04
5.162490415386855602e-04
5.162444431334733963e-04
5.162403103895485401e-04
5.162359448149800301e-04
5.162315792404115200e-04
5.162272136658430099e-04
5.162230227142572403e-04
5.162185989320278168e-04
5.162143497727811337e-04
5.162100424058735371e-04
5.162057932466268539e-04
5.162014276720583439e-04
5.161970038898289204e-04
5.161925801075994968e-04
5.161884473636746407e-04
5.161840235814452171e-04
5.161797162145376205e-04
5.161752924323081970e-04
5.161711014807224274e-04
5.161666776984930038e-04
5.161623703315854073e-04
5.161581793799996376e-04
5.161537555977702141e-04
5.161495646461844444e-04
5.161452572792768478e-04
5.161407170817255974e-04
5.161365261301398277e-04
5.161323351785540581e-04
5.161279696039855480e-04
5.161236040294170380e-04
5.161192966625094414e-04
5.161151057109236717e-04
5.161109147593379021e-04
5.161064327694475651e-04
5.161020089872181416e-04
5.160978762432932854e-04
5.160935106687247753e-04
5.160892615094780922e-04
5.160851287655532360e-04
5.160804721526801586e-04
5.160761065781116486e-04
5.160719738341867924e-04
5.160674918442964554e-04
5.160634173080325127e-04
5.160588771104812622e-04
5.160545115359127522e-04
5.160502623766660690e-04
5.160459550097584724e-04
5.160415312275290489e-04
5.160373402759432793e-04
5.160332075320184231e-04
5.160286673344671726e-04
5.160244181752204895e-04
5.160201690159738064e-04
5.160159780643880367e-04
5.160113796591758728e-04
5.160073051229119301e-04
5.160027067176997662e-04
5.159985157661139965e-04
5.159943830221891403e-04
5.159900756552815437e-04
5.159854190424084663e-04
5.159811698831617832e-04
5.159769789315760136e-04
5.159729626029729843e-04
5.159683641977608204e-04
5.159642314538359642e-04
5.159599240869283676e-04
5.159556167200207710e-04
5.159513675607740879e-04
5.159468855708837509e-04
5.159426364116370678e-04
5.159382126294076443e-04
5.159341380931437016e-04
5.159297143109142780e-04
5.159253487363457680e-04
5.159210413694381714e-04
5.159168504178524017e-04
5.159125430509448051e-04
5.159081774763762951e-04
5.159039865247905254e-04
5.158997373655438423e-04
5.158952553756535053e-04
5.158911226317286491e-04
5.158867570571601391e-04
5.158824496902525425e-04
5.158781423233449459e-04
5.158738349564373493e-04
5.158695857971906662e-04
5.158651620149612427e-04
5.158609710633754730e-04
5.158565472811460495e-04
5.158524145372211933e-04
5.158479907549917698e-04
5.158437998034060001e-04
5.158394342288374901e-04
5.158350686542689800e-04
5.158308777026832104e-04
5.158265121281147003e-04
5.158222047612071037e-04
5.158178391866385937e-04
5.158135900273919106e-04
5.158093408681452274e-04
5.158050335012376308e-04
5.158009007573127747e-04
5.157964187674224377e-04
5.157922860234975815e-04
5.157879204489290714e-04
5.157836130820214748e-04
5.157794221304357052e-04
5.157749401405453682e-04
5.157706327736377716e-04
5.157665000297129154e-04
5.157623090781271458e-04
5.157577688805758953e-04
5.157535779289901257e-04
5.157492705620825291e-04
5.157449631951749325e-04
5.157407140359282494e-04
5.157365230843424797e-04
5.157321575097739697e-04
5.157276755198836327e-04
5.157232517376542091e-04
5.157192354090511799e-04
5.157148698344826698e-04
5.157106206752359867e-04
5.157061386853456497e-04
5.157024133950471878e-04
5.156979896128177643e-04
5.156936822459101677e-04
5.156893166713416576e-04
5.156850093044340611e-04
5.156808183528482914e-04
5.156763363629579544e-04
5.156720872037112713e-04
5.156678962521255016e-04
5.156634724698960781e-04
5.156593397259712219e-04
5.156548577360808849e-04
5.156509578227996826e-04
5.156465340405702591e-04
5.156421684660017490e-04
5.156379193067550659e-04
5.156336701475083828e-04
5.156293627806007862e-04
5.156249972060322762e-04
5.156208062544465065e-04
5.156166153028607368e-04
5.156122497282922268e-04
5.156079423613846302e-04
5.156038678251206875e-04
5.155991530045866966e-04
5.155948456376791000e-04
5.155907711014151573e-04
5.155865801498293877e-04
5.155823891982436180e-04
5.155780236236751080e-04
5.155735998414456844e-04
5.155693506821990013e-04
5.155651015229523182e-04
5.155607941560447216e-04
5.155565449967980385e-04
5.155523540452122688e-04
5.155479884706437588e-04
5.155437975190579891e-04
5.155394319444894791e-04
5.155352409929037094e-04
5.155309336259961128e-04
5.155267426744103432e-04
5.155223770998418331e-04
5.155180697329342365e-04
5.155137041583657265e-04
5.155096296221017838e-04
5.155052640475332737e-04
5.155011313036084175e-04
5.154966493137180805e-04
5.154926329851150513e-04
5.154882092028856277e-04
5.154840182512998581e-04
5.154795944690704346e-04
5.154753453098237514e-04
5.154710961505770683e-04
5.154666141606867313e-04
5.154624232091009617e-04
5.154583486728370190e-04
5.154539830982685089e-04
5.154496757313609123e-04
5.154454265721142292e-04
5.154412938281893730e-04
5.154368118382990360e-04
5.154328537173569202e-04
5.154283717274665833e-04
5.154241807758808136e-04
5.154198734089732170e-04
5.154159152880311012e-04
5.154114332981407642e-04
5.154071259312331676e-04
5.154027603566646576e-04
5.153988022357225418e-04
5.153942038305103779e-04
5.153898964636027813e-04
5.153855890966951847e-04
5.153815727680921555e-04
5.153774982318282127e-04
5.153730162419378757e-04
5.153687670826911926e-04
5.153643433004617691e-04
5.153600941412150860e-04
5.153559031896293163e-04
5.153516540303826332e-04
5.153474048711359501e-04
5.153431557118892670e-04
5.153389065526425838e-04
5.153346573933959007e-04
5.153305246494710445e-04
5.153262172825634480e-04
5.153218517079949379e-04
5.153175443410873413e-04
5.153137026354670525e-04
5.153090460225939751e-04
5.153051461093127728e-04
5.153005477041006088e-04
5.152965895831584930e-04
5.152920493856072426e-04
5.152879748493432999e-04
5.152836092747747898e-04
5.152793601155281067e-04
5.152749945409595966e-04
5.152707453817129135e-04
5.152666126377880573e-04
5.152622470632195473e-04
5.152581143192946911e-04
5.152537487447261810e-04
5.152494413778185844e-04
5.152452504262328148e-04
5.152410594746470451e-04
5.152368685230612755e-04
5.152326193638145924e-04
5.152281955815851688e-04
5.152240046299993992e-04
5.152198718860745430e-04
5.152156227268278599e-04
5.152110825292766094e-04
5.152071826159954071e-04
5.152026424184441566e-04
5.151987425051629543e-04
5.151943187229335308e-04
5.151900695636868477e-04
5.151857039891183376e-04
5.151816294528543949e-04
5.151770892553031445e-04
5.151730729267001152e-04
5.151688819751143456e-04
5.151644581928849220e-04
5.151602672412991524e-04
5.151560180820524693e-04
5.151517689228057861e-04
5.151475197635591030e-04
5.151432706043124199e-04
5.151389050297439098e-04
5.151347722858190536e-04
5.151306977495551109e-04
5.151262157596647739e-04
5.151219666004180908e-04
5.151179502718150616e-04
5.151137011125683784e-04
5.151091609150171280e-04
5.151050281710922718e-04
5.151007208041846752e-04
5.150964716449379921e-04
5.150924553163349628e-04
5.150881479494273663e-04
5.150838987901806831e-04
5.150797078385949135e-04
5.150753422640264034e-04
5.150712677277624607e-04
5.150670185685157776e-04
5.150625947862863541e-04
5.150584620423614979e-04
5.150541546754539013e-04
5.150499637238681316e-04
5.150455981492996216e-04
5.150412325747311115e-04
5.150371580384671688e-04
5.150327924638986588e-04
5.150286015123128891e-04
5.150244105607271194e-04
5.150203942321240902e-04
5.150160868652164936e-04
5.150118377059698105e-04
5.150075885467231274e-04
5.150033393874764442e-04
5.149990320205688477e-04
5.149947246536612511e-04
5.149905337020754814e-04
