1.847128272056579590e-01
1.847127377986907959e-01
1.847126930952072144e-01
1.847126781940460205e-01
1.847126036882400513e-01
1.847125738859176636e-01
1.847125440835952759e-01
1.847125142812728882e-01
1.847124397754669189e-01
1.847123950719833374e-01
1.847123354673385620e-01
1.847122609615325928e-01
1.847122460603713989e-01
1.847122013568878174e-01
1.847121715545654297e-01
1.847121119499206543e-01
1.847120821475982666e-01
1.847119927406311035e-01
1.847119629383087158e-01
1.847119033336639404e-01
1.847118735313415527e-01
1.847118437290191650e-01
1.847117990255355835e-01
1.847117841243743896e-01
1.847116947174072266e-01
1.847116351127624512e-01
1.847115904092788696e-01
1.847115308046340942e-01
1.847115010023117065e-01
1.847114562988281250e-01
1.847113966941833496e-01
1.847113370895385742e-01
1.847113221883773804e-01
1.847112476825714111e-01
1.847112327814102173e-01
1.847111433744430542e-01
1.847110986709594727e-01
1.847110539674758911e-01
1.847109943628311157e-01
1.847109347581863403e-01
1.847109049558639526e-01
1.847108602523803711e-01
1.847108453512191772e-01
1.847107857465744019e-01
1.847107112407684326e-01
1.847106516361236572e-01
1.847105920314788818e-01
1.847105771303176880e-01
1.847105473279953003e-01
1.847104877233505249e-01
1.847104281187057495e-01
1.847103536128997803e-01
1.847103238105773926e-01
1.847102791070938110e-01
1.847102046012878418e-01
1.847101897001266479e-01
1.847101598978042603e-01
1.847101002931594849e-01
1.847100555896759033e-01
1.847099661827087402e-01
1.847099512815475464e-01
1.847098916769027710e-01
1.847098618745803833e-01
1.847097724676132202e-01
1.847097426652908325e-01
1.847096830606460571e-01
1.847096681594848633e-01
1.847095638513565063e-01
1.847095042467117310e-01
1.847094893455505371e-01
1.847094595432281494e-01
1.847093850374221802e-01
1.847093701362609863e-01
1.847092956304550171e-01
1.847092360258102417e-01
1.847092062234878540e-01
1.847091466188430786e-01
1.847091019153594971e-01
1.847090423107147217e-01
1.847089976072311401e-01
1.847089529037475586e-01
1.847089380025863647e-01
1.847088932991027832e-01
1.847088336944580078e-01
1.847087740898132324e-01
1.847087591886520386e-01
1.847086995840072632e-01
1.847086101770401001e-01
1.847086250782012939e-01
1.847085207700729370e-01
1.847084909677505493e-01
1.847084611654281616e-01
1.847084164619445801e-01
1.847083419561386108e-01
1.847082972526550293e-01
1.847082674503326416e-01
1.847082227468490601e-01
1.847081482410430908e-01
1.847080886363983154e-01
1.847080737352371216e-01
1.847080141305923462e-01
1.847079545259475708e-01
1.847078800201416016e-01
1.847078651189804077e-01
1.847078055143356323e-01
1.847077459096908569e-01
1.847077012062072754e-01
1.847076714038848877e-01
1.847075968980789185e-01
1.847075372934341431e-01
1.847075223922729492e-01
1.847074776887893677e-01
1.847074329853057861e-01
1.847073584794998169e-01
1.847073286771774292e-01
1.847072690725326538e-01
1.847071945667266846e-01
1.847071498632431030e-01
1.847071051597595215e-01
1.847070604562759399e-01
1.847070157527923584e-01
1.847070008516311646e-01
1.847069412469863892e-01
1.847068816423416138e-01
1.847068667411804199e-01
1.847068071365356445e-01
1.847067773342132568e-01
1.847067028284072876e-01
1.847066432237625122e-01
1.847065687179565430e-01
1.847065240144729614e-01
1.847065091133117676e-01
1.847064495086669922e-01
1.847063899040222168e-01
1.847063302993774414e-01
1.847063153982162476e-01
1.847062557935714722e-01
1.847061961889266968e-01
1.847061663866043091e-01
1.847061216831207275e-01
1.847061067819595337e-01
1.847060322761535645e-01
1.847059577703475952e-01
1.847059130668640137e-01
1.847058683633804321e-01
1.847058385610580444e-01
1.847057640552520752e-01
1.847057193517684937e-01
1.847056895494461060e-01
1.847056299448013306e-01
1.847055852413177490e-01
1.847055405378341675e-01
1.847054660320281982e-01
1.847054362297058105e-01
1.847053915262222290e-01
1.847053468227386475e-01
1.847053021192550659e-01
1.847052127122879028e-01
1.847051829099655151e-01
1.847051531076431274e-01
1.847051084041595459e-01
1.847050487995147705e-01
1.847049891948699951e-01
1.847049593925476074e-01
1.847049146890640259e-01
1.847048550844192505e-01
1.847048252820968628e-01
1.847047358751296997e-01
1.847047060728073120e-01
1.847046911716461182e-01
1.847046464681625366e-01
1.847045719623565674e-01
1.847045123577117920e-01
1.847044378519058228e-01
1.847044378519058228e-01
1.847044229507446289e-01
1.847043633460998535e-01
1.847042739391326904e-01
1.847042292356491089e-01
1.847041696310043335e-01
1.847041547298431396e-01
1.847040951251983643e-01
1.847040504217147827e-01
1.847040057182312012e-01
1.847039759159088135e-01
1.847039312124252319e-01
1.847038418054580688e-01
1.847038269042968750e-01
1.847037672996520996e-01
1.847037374973297119e-01
1.847036778926849365e-01
1.847036182880401611e-01
1.847035586833953857e-01
1.847035288810729980e-01
1.847034841775894165e-01
1.847034245729446411e-01
1.847033649682998657e-01
1.847033202648162842e-01
1.847032755613327026e-01
1.847032308578491211e-01
1.847031563520431519e-01
1.847031116485595703e-01
1.847030520439147949e-01
1.847030222415924072e-01
1.847030073404312134e-01
1.847029477357864380e-01
1.847028434276580811e-01
1.847028136253356934e-01
1.847027838230133057e-01
1.847027093172073364e-01
1.847026497125625610e-01
1.847026050090789795e-01
1.847025901079177856e-01
1.847025156021118164e-01
1.847024559974670410e-01
1.847024261951446533e-01
1.847023963928222656e-01
1.847023367881774902e-01
1.847023218870162964e-01
1.847022771835327148e-01
1.847022026777267456e-01
1.847021579742431641e-01
1.847020834684371948e-01
1.847020685672760010e-01
1.847020089626312256e-01
1.847019642591476440e-01
1.847019195556640625e-01
1.847018599510192871e-01
1.847018152475357056e-01
1.847017705440521240e-01
1.847017407417297363e-01
1.847016513347625732e-01
1.847016215324401855e-01
1.847015917301177979e-01
1.847015023231506348e-01
1.847014725208282471e-01
1.847014278173446655e-01
1.847013384103775024e-01
1.847013235092163086e-01
1.847012639045715332e-01
1.847012341022491455e-01
1.847011446952819824e-01
1.847011297941207886e-01
1.847010701894760132e-01
1.847010254859924316e-01
1.847009807825088501e-01
1.847009360790252686e-01
1.847009062767028809e-01
1.847008764743804932e-01
1.847008317708969116e-01
1.847007721662521362e-01
1.847007274627685547e-01
1.847006678581237793e-01
1.847006082534790039e-01
1.847005486488342285e-01
1.847005039453506470e-01
1.847004443407058716e-01
1.847004294395446777e-01
1.847003251314163208e-01
1.847003102302551270e-01
1.847002506256103516e-01
1.847002208232879639e-01
1.847001612186431885e-01
1.847000867128372192e-01
1.847000420093536377e-01
1.847000122070312500e-01
1.846999675035476685e-01
1.846999377012252808e-01
1.846998780965805054e-01
1.846998333930969238e-01
1.846998035907745361e-01
1.846997439861297607e-01
1.846996843814849854e-01
1.846996247768402100e-01
1.846995949745178223e-01
1.846995502710342407e-01
1.846994757652282715e-01
1.846994310617446899e-01
1.846993714570999146e-01
1.846993416547775269e-01
1.846992969512939453e-01
1.846992522478103638e-01
1.846992224454879761e-01
1.846991628408432007e-01
1.846991032361984253e-01
1.846990436315536499e-01
1.846990138292312622e-01
1.846989542245864868e-01
1.846989393234252930e-01
1.846988499164581299e-01
1.846988201141357422e-01
1.846987605094909668e-01
1.846987009048461914e-01
1.846986263990402222e-01
1.846985816955566406e-01
1.846985667943954468e-01
1.846985518932342529e-01
1.846984922885894775e-01
1.846984177827835083e-01
1.846984028816223145e-01
1.846983581781387329e-01
1.846982836723327637e-01
1.846982538700103760e-01
1.846982240676879883e-01
1.846981495618820190e-01
1.846980899572372437e-01
1.846980452537536621e-01
1.846979707479476929e-01
1.846979409456253052e-01
1.846978813409805298e-01
1.846978217363357544e-01
1.846977770328521729e-01
1.846977323293685913e-01
1.846976876258850098e-01
1.846976429224014282e-01
1.846976131200790405e-01
1.846975982189178467e-01
1.846975088119506836e-01
1.846974641084671021e-01
1.846974194049835205e-01
1.846973896026611328e-01
1.846973150968551636e-01
1.846972554922103882e-01
1.846972107887268066e-01
1.846971660852432251e-01
1.846971213817596436e-01
1.846970766782760620e-01
1.846970021724700928e-01
1.846969574689865112e-01
1.846969127655029297e-01
1.846968829631805420e-01
1.846968233585357666e-01
1.846967786550521851e-01
1.846967339515686035e-01
1.846966892480850220e-01
1.846966445446014404e-01
1.846965998411178589e-01
1.846965551376342773e-01
1.846964955329895020e-01
1.846964657306671143e-01
1.846963912248611450e-01
1.846963465213775635e-01
1.846962869167327881e-01
1.846962571144104004e-01
1.846962124109268188e-01
1.846961528062820435e-01
1.846961081027984619e-01
1.846960335969924927e-01
1.846959888935089111e-01
1.846959441900253296e-01
1.846958696842193604e-01
1.846958547830581665e-01
1.846958100795745850e-01
1.846957504749298096e-01
1.846957057714462280e-01
1.846956759691238403e-01
1.846955865621566772e-01
1.846955418586730957e-01
1.846955269575119019e-01
1.846954971551895142e-01
1.846954375505447388e-01
1.846954077482223511e-01
1.846953332424163818e-01
1.846952587366104126e-01
1.846952289342880249e-01
1.846951842308044434e-01
1.846951395273208618e-01
1.846950799226760864e-01
1.846950203180313110e-01
1.846949905157089233e-01
1.846949160099029541e-01
1.846948862075805664e-01
1.846948415040969849e-01
1.846947818994522095e-01
1.846947371959686279e-01
1.846947073936462402e-01
1.846946477890014648e-01
1.846946030855178833e-01
1.846945583820343018e-01
1.846945136785507202e-01
1.846944540739059448e-01
1.846944242715835571e-01
1.846943795680999756e-01
1.846943050622940063e-01
1.846942752599716187e-01
1.846942156553268433e-01
1.846941709518432617e-01
1.846941113471984863e-01
1.846940517425537109e-01
1.846940219402313232e-01
1.846939921379089355e-01
1.846939176321029663e-01
1.846938878297805786e-01
1.846938431262969971e-01
1.846938282251358032e-01
1.846937239170074463e-01
1.846937090158462524e-01
1.846936345100402832e-01
1.846935749053955078e-01
1.846935302019119263e-01
1.846935003995895386e-01
1.846934705972671509e-01
1.846933960914611816e-01
1.846933364868164062e-01
1.846932917833328247e-01
1.846932470798492432e-01
1.846931874752044678e-01
1.846931278705596924e-01
1.846930980682373047e-01
1.846930533647537231e-01
1.846929788589477539e-01
1.846929639577865601e-01
1.846929192543029785e-01
1.846928894519805908e-01
1.846928447484970093e-01
1.846928000450134277e-01
1.846927106380462646e-01
1.846926808357238770e-01
1.846926212310791016e-01
1.846926063299179077e-01
1.846925467252731323e-01
1.846925169229507446e-01
1.846924424171447754e-01
1.846924126148223877e-01
1.846923381090164185e-01
1.846923232078552246e-01
1.846922785043716431e-01
1.846922188997268677e-01
1.846921741962432861e-01
1.846920996904373169e-01
1.846920549869537354e-01
1.846920102834701538e-01
1.846919804811477661e-01
1.846919208765029907e-01
1.846918761730194092e-01
1.846918612718582153e-01
1.846918165683746338e-01
1.846917420625686646e-01
1.846917122602462769e-01
1.846916228532791138e-01
1.846915632486343384e-01
1.846915334463119507e-01
1.846914738416671753e-01
1.846914738416671753e-01
1.846914142370223999e-01
1.846913546323776245e-01
1.846912950277328491e-01
1.846912354230880737e-01
1.846911907196044922e-01
1.846911609172821045e-01
1.846911162137985229e-01
1.846910566091537476e-01
1.846910119056701660e-01
1.846909672021865845e-01
1.846909224987030029e-01
1.846908479928970337e-01
1.846908330917358398e-01
1.846907585859298706e-01
1.846907287836074829e-01
1.846906542778015137e-01
1.846906095743179321e-01
1.846905946731567383e-01
1.846905052661895752e-01
1.846904605627059937e-01
1.846904158592224121e-01
1.846903413534164429e-01
1.846903264522552490e-01
1.846903115510940552e-01
1.846902370452880859e-01
1.846902072429656982e-01
1.846901923418045044e-01
1.846901178359985352e-01
1.846900731325149536e-01
1.846900135278701782e-01
1.846899390220642090e-01
1.846898645162582397e-01
1.846898496150970459e-01
1.846897751092910767e-01
1.846897453069686890e-01
1.846896559000015259e-01
1.846896111965179443e-01
1.846895813941955566e-01
1.846895366907119751e-01
1.846895068883895874e-01
1.846894472837448120e-01
1.846894174814224243e-01
1.846893280744552612e-01
1.846892833709716797e-01
1.846892386674880981e-01
1.846891790628433228e-01
1.846891641616821289e-01
1.846891343593597412e-01
1.846890747547149658e-01
1.846890002489089966e-01
1.846889704465866089e-01
1.846889406442642212e-01
1.846888512372970581e-01
1.846888214349746704e-01
1.846887767314910889e-01
1.846887469291687012e-01
