2.929691374301910400e-01
2.917190790176391602e-01
2.904936671257019043e-01
2.892926931381225586e-01
2.881155312061309814e-01
2.869617938995361328e-01
2.858312129974365234e-01
2.847234308719635010e-01
2.836381196975708008e-01
2.825752794742584229e-01
2.815344929695129395e-01
2.805157303810119629e-01
2.795186638832092285e-01
2.785430550575256348e-01
2.775890231132507324e-01
2.766561508178710938e-01
2.757443487644195557e-01
2.748533785343170166e-01
2.739832401275634766e-01
2.731336057186126709e-01
2.723042666912078857e-01
2.714952230453491211e-01
2.707060873508453369e-01
2.699367702007293701e-01
2.691869437694549561e-01
2.684565484523773193e-01
2.677452564239501953e-01
2.670527696609497070e-01
2.663789689540863037e-01
2.657234966754913330e-01
2.650863528251647949e-01
2.644669711589813232e-01
2.638652622699737549e-01
2.632807493209838867e-01
2.627134621143341064e-01
2.621629834175109863e-01
2.616288661956787109e-01
2.611110210418701172e-01
2.606091201305389404e-01
2.601228654384613037e-01
2.596518695354461670e-01
2.591958940029144287e-01
2.587546110153198242e-01
2.583277225494384766e-01
2.579149603843688965e-01
2.575158774852752686e-01
2.571302950382232666e-01
2.567578852176666260e-01
2.563982307910919189e-01
2.560510933399200439e-01
2.557161748409271240e-01
2.553930878639221191e-01
2.550815343856811523e-01
2.547812759876251221e-01
2.544919550418853760e-01
2.542132437229156494e-01
2.539448738098144531e-01
2.536865770816802979e-01
2.534378767013549805e-01
2.531988024711608887e-01
2.529688179492950439e-01
2.527477145195007324e-01
2.525351941585540771e-01
2.523309588432312012e-01
2.521347403526306152e-01
2.519461810588836670e-01
2.517653405666351318e-01
2.515916228294372559e-01
2.514250576496124268e-01
2.512650489807128906e-01
2.511116862297058105e-01
2.509646117687225342e-01
2.508235275745391846e-01
2.506883442401885986e-01
2.505587339401245117e-01
2.504344880580902100e-01
2.503155469894409180e-01
2.502016425132751465e-01
2.500924468040466309e-01
2.499879151582717896e-01
2.498878687620162964e-01
2.497920691967010498e-01
2.497003227472305298e-01
2.496125549077987671e-01
2.495284676551818848e-01
2.494482249021530151e-01
2.493711858987808228e-01
2.492976337671279907e-01
2.492273002862930298e-01
2.491599172353744507e-01
2.490955144166946411e-01
2.490339577198028564e-01
2.489751428365707397e-01
2.489186972379684448e-01
2.488649189472198486e-01
2.488133758306503296e-01
2.487641423940658569e-01
2.487170845270156860e-01
2.486720681190490723e-01
2.486290782690048218e-01
2.485878467559814453e-01
2.485484331846237183e-01
2.485108673572540283e-01
2.484749704599380493e-01
2.484405338764190674e-01
2.484076172113418579e-01
2.483761161565780640e-01
2.483460456132888794e-01
2.483173161745071411e-01
2.482898235321044922e-01
2.482634782791137695e-01
2.482382506132125854e-01
2.482142299413681030e-01
2.481912076473236084e-01
2.481691390275955200e-01
2.481480240821838379e-01
2.481278032064437866e-01
2.481084465980529785e-01
2.480899691581726074e-01
2.480722963809967041e-01
2.480553686618804932e-01
2.480390667915344238e-01
2.480235099792480469e-01
2.480086684226989746e-01
2.479944080114364624e-01
2.479807585477828979e-01
2.479676008224487305e-01
2.479550540447235107e-01
2.479429990053176880e-01
2.479314208030700684e-01
2.479203790426254272e-01
2.479096949100494385e-01
2.478996366262435913e-01
2.478897720575332642e-01
2.478803247213363647e-01
2.478712946176528931e-01
2.478626966476440430e-01
2.478543519973754883e-01
2.478463649749755859e-01
2.478387951850891113e-01
2.478313893079757690e-01
2.478242218494415283e-01
2.478174120187759399e-01
2.478108704090118408e-01
2.478044182062149048e-01
2.477984428405761719e-01
2.477925717830657959e-01
2.477869093418121338e-01
2.477814257144927979e-01
2.477762401103973389e-01
2.477711737155914307e-01
2.477662861347198486e-01
2.477615773677825928e-01
2.477569878101348877e-01
2.477526068687438965e-01
2.477483898401260376e-01
2.477443069219589233e-01
2.477403283119201660e-01
2.477364987134933472e-01
2.477328330278396606e-01
2.477292269468307495e-01
2.477257251739501953e-01
2.477223575115203857e-01
2.477191835641860962e-01
2.477160096168518066e-01
2.477128952741622925e-01
2.477099299430847168e-01
2.477070093154907227e-01
2.477042675018310547e-01
2.477015405893325806e-01
2.476989328861236572e-01
2.476963102817535400e-01
2.476937919855117798e-01
2.476913779973983765e-01
2.476890832185745239e-01
2.476867437362670898e-01
2.476845681667327881e-01
2.476823478937149048e-01
2.476802021265029907e-01
2.476781010627746582e-01
2.476761192083358765e-01
2.476741224527359009e-01
2.476722449064254761e-01
2.476703673601150513e-01
2.476685494184494019e-01
2.476667463779449463e-01
2.476649731397628784e-01
2.476632595062255859e-01
2.476615756750106812e-01
2.476599067449569702e-01
2.476583570241928101e-01
2.476567924022674561e-01
2.476551830768585205e-01
2.476536929607391357e-01
2.476521432399749756e-01
2.476507127285003662e-01
2.476492226123809814e-01
2.476478815078735352e-01
2.476464807987213135e-01
2.476451396942138672e-01
2.476438432931900024e-01
2.476425319910049438e-01
2.476412355899810791e-01
2.476399689912796021e-01
2.476387768983840942e-01
2.476375252008438110e-01
2.476362735033035278e-01
2.476351112127304077e-01
2.476339042186737061e-01
2.476327568292617798e-01
2.476316690444946289e-01
2.476306110620498657e-01
2.476295679807662964e-01
2.476284205913543701e-01
2.476272732019424438e-01
2.476262152194976807e-01
2.476252168416976929e-01
2.476241141557693481e-01
2.476231157779693604e-01
2.476221621036529541e-01
2.476211637258529663e-01
2.476202398538589478e-01
2.476191967725753784e-01
2.476181834936141968e-01
2.476172596216201782e-01
2.476164549589157104e-01
2.476155012845993042e-01
2.476145774126052856e-01
2.476136237382888794e-01
2.476127743721008301e-01
2.476118206977844238e-01
2.476109564304351807e-01
2.476101070642471313e-01
2.476092576980590820e-01
2.476083785295486450e-01
2.476075440645217896e-01
2.476066946983337402e-01
2.476058900356292725e-01
2.476050853729248047e-01
2.476042509078979492e-01
2.476034909486770630e-01
2.476026862859725952e-01
2.476019561290740967e-01
2.476012259721755981e-01
2.476004213094711304e-01
2.475996315479278564e-01
2.475989013910293579e-01
2.475981265306472778e-01
2.475973814725875854e-01
2.475966513156890869e-01
2.475958764553070068e-01
2.475951462984085083e-01
2.475944310426712036e-01
2.475936710834503174e-01
2.475929707288742065e-01
2.475922852754592896e-01
2.475915551185607910e-01
2.475908398628234863e-01
2.475901842117309570e-01
2.475894838571548462e-01
2.475888431072235107e-01
2.475881874561309814e-01
2.475875020027160645e-01
2.475866973400115967e-01
2.475861012935638428e-01
2.475854754447937012e-01
2.475848346948623657e-01
2.475841790437698364e-01
2.475834935903549194e-01
2.475829273462295532e-01
2.475822716951370239e-01
2.475816160440444946e-01
2.475809752941131592e-01
2.475803494453430176e-01
2.475797086954116821e-01
2.475791275501251221e-01
2.475785464048385620e-01
2.475778311491012573e-01
2.475772649049758911e-01
2.475766837596893311e-01
2.475760728120803833e-01
2.475754618644714355e-01
