6.216156762093305588e-04
6.215910543687641621e-04
6.215664325281977654e-04
6.215416360646486282e-04
6.215170142240822315e-04
6.214921013452112675e-04
6.214671884663403034e-04
6.214422755874693394e-04
6.214172462932765484e-04
6.213922169990837574e-04
6.213670712895691395e-04
6.213419255800545216e-04
6.213168380782008171e-04
6.212915177457034588e-04
6.212663720361888409e-04
6.212408770807087421e-04
6.212154985405504704e-04
6.211899453774094582e-04
6.211644504219293594e-04
6.211388972587883472e-04
6.211134605109691620e-04
6.210876745171844959e-04
6.210619467310607433e-04
6.210362189449369907e-04
6.210104911588132381e-04
6.209842977114021778e-04
6.209582788869738579e-04
6.209323764778673649e-04
6.209062994457781315e-04
6.208801059983670712e-04
6.208539707586169243e-04
6.208278355188667774e-04
6.208014674484729767e-04
6.207750411704182625e-04
6.207485566847026348e-04
6.207220139913260937e-04
6.206954130902886391e-04
6.206688121892511845e-04
6.206421530805528164e-04
6.206154357641935349e-04
6.205885438248515129e-04
6.205615936778485775e-04
6.205345853231847286e-04
6.205076933838427067e-04
6.204805686138570309e-04
6.204534438438713551e-04
6.204260862432420254e-04
6.203990196809172630e-04
6.203716038726270199e-04
6.203441880643367767e-04
6.203165976330637932e-04
6.202890654094517231e-04
6.202614167705178261e-04
6.202337681315839291e-04
6.202059448696672916e-04
6.201782962307333946e-04
6.201500655151903629e-04
6.201221258379518986e-04
6.200941279530525208e-04
6.200660136528313160e-04
6.200378411449491978e-04
6.200095522217452526e-04
6.199810886755585670e-04
6.199528579600155354e-04
6.199242197908461094e-04
6.198956980369985104e-04
6.198668270371854305e-04
6.198382470756769180e-04
6.198093178682029247e-04
6.197803304530680180e-04
6.197515176609158516e-04
6.197224720381200314e-04
6.196932517923414707e-04
6.196641479618847370e-04
6.196347530931234360e-04
6.196053582243621349e-04
6.195759051479399204e-04
6.195462774485349655e-04
6.195165915414690971e-04
6.194869056344032288e-04
6.194571615196764469e-04
6.194271845743060112e-04
6.193970912136137486e-04
6.193670560605823994e-04
6.193369626998901367e-04
6.193064036779105663e-04
6.192761356942355633e-04
6.192456348799169064e-04
6.192151340655982494e-04
6.191845168359577656e-04
6.191538996063172817e-04
6.191228167153894901e-04
6.190920830704271793e-04
6.190610583871603012e-04
6.190298590809106827e-04
6.189987761899828911e-04
6.189672858454287052e-04
6.189359119161963463e-04
6.189043051563203335e-04
6.188727566041052341e-04
6.188410334289073944e-04
6.188091938383877277e-04
6.187772960402071476e-04
6.187451072037220001e-04
6.187129765748977661e-04
6.186808459460735321e-04
6.186483660712838173e-04
6.186159444041550159e-04
6.185833481140434742e-04
6.185507518239319324e-04
6.185179227031767368e-04
6.184848025441169739e-04
6.184518570080399513e-04
6.184187368489801884e-04
6.183854420669376850e-04
6.183520890772342682e-04
6.183185032568871975e-04
6.182849756442010403e-04
6.182512734085321426e-04
6.182174547575414181e-04
6.181834032759070396e-04
6.181492935866117477e-04
6.181150674819946289e-04
6.180807249620556831e-04
6.180462078191339970e-04
6.180116906762123108e-04
6.179768824949860573e-04
6.179420161060988903e-04
6.179070333018898964e-04
6.178718176670372486e-04
6.178367184475064278e-04
6.178012117743492126e-04
6.177657633088529110e-04
6.177300820127129555e-04
6.176942260935902596e-04
6.176582537591457367e-04
6.176221650093793869e-04
6.175858434289693832e-04
6.175495800562202930e-04
6.175130838528275490e-04
6.174764130264520645e-04
6.174395093694329262e-04
6.174024310894310474e-04
6.173654692247509956e-04
6.173282163217663765e-04
6.172907887957990170e-04
6.172530120238661766e-04
6.172152934595942497e-04
6.171774584800004959e-04
6.171394488774240017e-04
6.171010318212211132e-04
6.170628475956618786e-04
6.170242559164762497e-04
6.169854896143078804e-04
6.169466068968176842e-04
6.169074913486838341e-04
6.168682011775672436e-04
6.168289110064506531e-04
6.167893880046904087e-04
6.167494575493037701e-04
6.167096435092389584e-04
6.166695384308695793e-04
6.166292005218565464e-04
6.165887461975216866e-04
6.165481754578649998e-04
6.165073136799037457e-04
6.164661608636379242e-04
6.164248916320502758e-04
6.163835641928017139e-04
6.163419457152485847e-04
6.163000361993908882e-04
6.162579520605504513e-04
6.162158097140491009e-04
6.161734345369040966e-04
6.161307683214545250e-04
6.160879856906831264e-04
6.160449120216071606e-04
6.160014891065657139e-04
6.159580079838633537e-04
6.159143522381782532e-04
6.158704636618494987e-04
6.158262840472161770e-04
6.157818716019392014e-04
6.157372263260185719e-04
6.156925228424370289e-04
6.156475283205509186e-04
6.156021845526993275e-04
6.155564915388822556e-04
6.155106821097433567e-04
6.154646980576217175e-04
6.154184229671955109e-04
6.153720896691083908e-04
6.153252325020730495e-04
6.152780260890722275e-04
6.152307614684104919e-04
6.151833804324269295e-04
6.151355919428169727e-04
6.150875706225633621e-04
6.150391418486833572e-04
6.149904220364987850e-04
6.149416440166532993e-04
6.148924585431814194e-04
6.148429238237440586e-04
6.147932726889848709e-04
6.147433305159211159e-04
6.146928062662482262e-04
6.146421656012535095e-04
6.145913503132760525e-04
6.145401275716722012e-04
6.144886137917637825e-04
6.144368089735507965e-04
6.143845967017114162e-04
6.143322098068892956e-04
6.142794154584407806e-04
6.142262136563658714e-04
6.141726044006645679e-04
6.141189369373023510e-04
6.140648620203137398e-04
6.140102632343769073e-04
6.139554898254573345e-04
6.139003089629113674e-04
6.138447206467390060e-04
6.137889577075839043e-04
6.137327291071414948e-04
6.136762094683945179e-04
6.136191077530384064e-04
6.135617732070386410e-04
6.135040312074124813e-04
6.134458235464990139e-04
6.133873248472809792e-04
6.133284186944365501e-04
6.132690468803048134e-04
6.132093840278685093e-04
6.131491390988230705e-04
6.130885449238121510e-04
6.130275432951748371e-04
6.129659013822674751e-04
6.129041430540382862e-04
6.128418608568608761e-04
6.127790547907352448e-04
6.127156666480004787e-04
6.126520456746220589e-04
6.125879590399563313e-04
6.125232903286814690e-04
6.124582723714411259e-04
6.123926723375916481e-04
6.123264902271330357e-04
6.122597842477262020e-04
6.121927290223538876e-04
6.121249753050506115e-04
6.120568141341209412e-04
6.119881873019039631e-04
6.119189201854169369e-04
6.118492456153035164e-04
6.117788725532591343e-04
6.117078592069447041e-04
6.116363801993429661e-04
6.115643773227930069e-04
6.114915595389902592e-04
6.114183925092220306e-04
6.113444105722010136e-04
6.112701375968754292e-04
6.111951079219579697e-04
6.111192633397877216e-04
6.110427784733474255e-04
6.109658861532807350e-04
6.108881207183003426e-04
6.108095985837280750e-04
6.107306689955294132e-04
6.106509245000779629e-04
6.105704815126955509e-04
6.104892236180603504e-04
6.104072090238332748e-04
6.103247869759798050e-04
6.102412007749080658e-04
6.101570907048881054e-04
6.100721657276153564e-04
6.099864258430898190e-04
6.098999874666333199e-04
6.098124431446194649e-04
6.097242585383355618e-04
6.096353172324597836e-04
6.095452699810266495e-04
6.094544660300016403e-04
6.093629635870456696e-04
6.092703551985323429e-04
6.091767572797834873e-04
6.090825190767645836e-04
6.089872331358492374e-04
6.088906084187328815e-04
6.087934598326683044e-04
6.086952635087072849e-04
6.085957866162061691e-04
6.084953784011304379e-04
6.083940388634800911e-04
6.082914769649505615e-04
6.081879255361855030e-04
6.080831517465412617e-04
6.079775048419833183e-04
6.078706355765461922e-04
6.077623111195862293e-04
6.076530553400516510e-04
6.075423443689942360e-04
6.074305274523794651e-04
6.073174881748855114e-04
6.072031101211905479e-04
6.070874514989554882e-04
6.069705123081803322e-04
6.068520597182214260e-04
6.067322101444005966e-04
6.066109635867178440e-04
6.064884946681559086e-04
6.063642213121056557e-04
6.062389002181589603e-04
6.061116000637412071e-04
6.059829611331224442e-04
6.058525759726762772e-04
6.057206774130463600e-04
6.055872072465717793e-04
6.054519908502697945e-04
6.053150282241404057e-04
6.051760865375399590e-04
6.050355150364339352e-04
6.048932555131614208e-04
6.047489005140960217e-04
6.046027992852032185e-04
6.044547189958393574e-04
6.043043686076998711e-04
6.041522719897329807e-04
6.039979052729904652e-04
6.038415012881159782e-04
6.036830018274486065e-04
6.035222322680056095e-04
6.033590761944651604e-04
6.031935918144881725e-04
6.030257791280746460e-04
6.028555217199027538e-04
6.026827613823115826e-04
6.025075563229620457e-04
6.023295572958886623e-04
6.021490553393959999e-04
6.019656429998576641e-04
6.017796113155782223e-04
6.015904364176094532e-04
6.013985839672386646e-04
6.012037047185003757e-04
6.010059150867164135e-04
6.008044583722949028e-04
6.006002658978104591e-04
6.003924645483493805e-04
6.001814617775380611e-04
5.999667919240891933e-04
5.997487460263073444e-04
5.995268584229052067e-04
5.993013037368655205e-04
5.990719073452055454e-04
5.988386110402643681e-04
5.986010655760765076e-04
5.983595037832856178e-04
5.981136928312480450e-04
5.978633416816592216e-04
5.976086831651628017e-04
5.973491934128105640e-04
5.970852216705679893e-04
5.968160112388432026e-04
5.965421441942453384e-04
5.962629802525043488e-04
5.959785194136202335e-04
5.956884124316275120e-04
5.953927757218480110e-04
5.950914346612989902e-04
5.947841564193367958e-04
5.944707663729786873e-04
5.941510898992419243e-04
5.938248359598219395e-04
5.934918881393969059e-04
5.931523046456277370e-04
5.928052705712616444e-04
5.924510187469422817e-04
5.920894909650087357e-04
5.917201051488518715e-04
5.913426284678280354e-04
5.909570609219372272e-04
5.905627622269093990e-04
5.901597323827445507e-04
5.897477967664599419e-04
5.893263150937855244e-04
5.888954037800431252e-04
5.884543061256408691e-04
5.880031385459005833e-04
5.875410279259085655e-04
5.870679160580039024e-04
5.865837447345256805e-04
5.860876408405601978e-04
5.855794879607856274e-04
5.850587622262537479e-04
5.845247069373726845e-04
5.839774967171251774e-04
5.834162584505975246e-04
5.828407010994851589e-04
5.822501843795180321e-04
5.816443590447306633e-04
5.810224101878702641e-04
5.803838139399886131e-04
5.797282210551202297e-04
5.790546420030295849e-04
5.783627857454121113e-04
5.776518373750150204e-04
5.769211566075682640e-04
5.761699285358190536e-04
5.753972800448536873e-04
5.746026290580630302e-04
5.737849278375506401e-04
5.729437689296901226e-04
5.720775807276368141e-04
5.711864796467125416e-04
5.702684284187853336e-04
5.693230195902287960e-04
5.683493218384683132e-04
5.673458217643201351e-04
5.663118790835142136e-04
5.652458639815449715e-04
5.641470779664814472e-04
5.630142986774444580e-04
5.618460709229111671e-04
5.606413469649851322e-04
5.593984969891607761e-04
5.581165896728634834e-04
5.567938787862658501e-04
5.554293165914714336e-04
5.540213896892964840e-04
5.525686428882181644e-04
5.510695627890527248e-04
5.495229852385818958e-04
5.479271640069782734e-04
5.462807603180408478e-04
5.445826682262122631e-04
5.428310832940042019e-04
5.410249577835202217e-04
5.391629529185593128e-04
5.372435552999377251e-04
5.352661828510463238e-04
5.332296132110059261e-04
5.311326822265982628e-04
5.289749824441969395e-04
5.267554661259055138e-04
5.244742496870458126e-04
5.221305764280259609e-04
5.197248538024723530e-04
5.172570818103849888e-04
5.147277843207120895e-04
5.121381836943328381e-04
5.094884545542299747e-04
5.067806923761963844e-04
5.040165269747376442e-04
5.011977045796811581e-04
4.983269027434289455e-04
4.954066826030611992e-04
4.924400709569454193e-04
4.894304438494145870e-04
4.863816138822585344e-04
4.832973936572670937e-04
4.801815957762300968e-04
4.770388186443597078e-04
4.738731950055807829e-04
4.706898762378841639e-04
4.674929077737033367e-04
4.642873245757073164e-04
4.610774631146341562e-04
4.578677762765437365e-04
4.546628042589873075e-04
4.514668835327029228e-04
4.482839722186326981e-04
4.451177956070750952e-04
4.419718170538544655e-04
4.388496454339474440e-04
4.357538709882646799e-04
4.326872876845300198e-04
4.296526312828063965e-04
4.266518226359039545e-04
4.236867825966328382e-04
4.207593447063118219e-04
4.178706149104982615e-04
4.150218446739017963e-04
4.122144309803843498e-04
4.094483738299459219e-04
4.067247500643134117e-04
4.040441999677568674e-04
4.014065780211240053e-04
3.988123498857021332e-04
3.962616319768130779e-04
3.937541623599827290e-04
3.912899701390415430e-04
3.888688224833458662e-04
3.864904283545911312e-04
3.841547004412859678e-04
3.818611148744821548e-04
3.796091768890619278e-04
3.773986245505511761e-04
3.752288757823407650e-04
