2.265646010637283325e-01
2.265644967555999756e-01
2.265644222497940063e-01
2.265643626451492310e-01
2.265642583370208740e-01
2.265641838312149048e-01
2.265640348196029663e-01
2.265639454126358032e-01
2.265638858079910278e-01
2.265637665987014771e-01
2.265636771917343140e-01
2.265635430812835693e-01
2.265634536743164062e-01
2.265633344650268555e-01
2.265632599592208862e-01
2.265631407499313354e-01
2.265630066394805908e-01
2.265629321336746216e-01
2.265628725290298462e-01
2.265627980232238770e-01
2.265626639127731323e-01
2.265626043081283569e-01
2.265625000000000000e-01
2.265623360872268677e-01
2.265622317790985107e-01
2.265621870756149292e-01
2.265620678663253784e-01
2.265619933605194092e-01
2.265618890523910522e-01
2.265617698431015015e-01
2.265616506338119507e-01
2.265615910291671753e-01
2.265614569187164307e-01
2.265613526105880737e-01
2.265612483024597168e-01
2.265611290931701660e-01
2.265610843896865845e-01
2.265609800815582275e-01
2.265608608722686768e-01
2.265608161687850952e-01
2.265607118606567383e-01
2.265605479478836060e-01
2.265604734420776367e-01
2.265604287385940552e-01
2.265603095293045044e-01
2.265602052211761475e-01
2.265601307153701782e-01
2.265599817037582397e-01
2.265598624944686890e-01
2.265597432851791382e-01
2.265596687793731689e-01
2.265595942735671997e-01
2.265594899654388428e-01
2.265594303607940674e-01
2.265592962503433228e-01
2.265592068433761597e-01
2.265591621398925781e-01
2.265590131282806396e-01
2.265589088201522827e-01
2.265588343143463135e-01
2.265587151050567627e-01
2.265586107969284058e-01
2.265585213899612427e-01
2.265584170818328857e-01
2.265583276748657227e-01
2.265582829713821411e-01
2.265581041574478149e-01
2.265580594539642334e-01
2.265579849481582642e-01
2.265578806400299072e-01
2.265577465295791626e-01
2.265576720237731934e-01
2.265575379133224487e-01
2.265574485063552856e-01
2.265573292970657349e-01
2.265572249889373779e-01
2.265571504831314087e-01
2.265570312738418579e-01
2.265569269657135010e-01
2.265568673610687256e-01
2.265567630529403687e-01
2.265566885471343994e-01
2.265565991401672363e-01
2.265564948320388794e-01
2.265563905239105225e-01
2.265562713146209717e-01
2.265561968088150024e-01
2.265560775995254517e-01
2.265560030937194824e-01
2.265559136867523193e-01
2.265558391809463501e-01
2.265557199716567993e-01
2.265556454658508301e-01
2.265554964542388916e-01
2.265553772449493408e-01
2.265553474426269531e-01
2.265552282333374023e-01
2.265551537275314331e-01
2.265550345182418823e-01
2.265549302101135254e-01
2.265548110008239746e-01
2.265547662973403931e-01
2.265546172857284546e-01
2.265545427799224854e-01
2.265543937683105469e-01
2.265543490648269653e-01
2.265542894601821899e-01
2.265541553497314453e-01
2.265540808439254761e-01
2.265539765357971191e-01
2.265539020299911499e-01
2.265537530183792114e-01
2.265536636114120483e-01
2.265536189079284668e-01
2.265535145998001099e-01
2.265533953905105591e-01
2.265532761812210083e-01
2.265532016754150391e-01
2.265530824661254883e-01
2.265530079603195190e-01
2.265528738498687744e-01
2.265528142452239990e-01
2.265527099370956421e-01
2.265526354312896729e-01
2.265525460243225098e-01
2.265524119138717651e-01
2.265523374080657959e-01
2.265522181987762451e-01
2.265521436929702759e-01
2.265520244836807251e-01
2.265519350767135620e-01
2.265518605709075928e-01
2.265517264604568481e-01
2.265516668558120728e-01
2.265515625476837158e-01
2.265514880418777466e-01
2.265513688325881958e-01
2.265512645244598389e-01
2.265511751174926758e-01
2.265510559082031250e-01
2.265509814023971558e-01
2.265508472919464111e-01
2.265508323907852173e-01
2.265507131814956665e-01
2.265506088733673096e-01
2.265504598617553711e-01
2.265504151582717896e-01
2.265503108501434326e-01
2.265502214431762695e-01
2.265501469373703003e-01
2.265500277280807495e-01
2.265499234199523926e-01
2.265497744083404541e-01
2.265496999025344849e-01
2.265496104955673218e-01
2.265495657920837402e-01
2.265494614839553833e-01
2.265493869781494141e-01
2.265492975711822510e-01
2.265491932630538940e-01
2.265490740537643433e-01
2.265489250421524048e-01
2.265488207340240479e-01
2.265487760305404663e-01
2.265486866235733032e-01
2.265486121177673340e-01
2.265485078096389771e-01
2.265483886003494263e-01
2.265483438968658447e-01
2.265482395887374878e-01
2.265481501817703247e-01
2.265480458736419678e-01
2.265479564666748047e-01
2.265478074550628662e-01
2.265477031469345093e-01
2.265476137399673462e-01
2.265475392341613770e-01
2.265474349260330200e-01
2.265473604202270508e-01
2.265472859144210815e-01
2.265471369028091431e-01
2.265470921993255615e-01
2.265469431877136230e-01
2.265468537807464600e-01
2.265467792749404907e-01
2.265467345714569092e-01
2.265465855598449707e-01
2.265464812517166138e-01
2.265464067459106445e-01
2.265463173389434814e-01
2.265462130308151245e-01
2.265461385250091553e-01
2.265460491180419922e-01
2.265459299087524414e-01
2.265459001064300537e-01
2.265457212924957275e-01
2.265456318855285645e-01
2.265455573797225952e-01
2.265454828739166260e-01
2.265453636646270752e-01
2.265453189611434937e-01
2.265452444553375244e-01
2.265451103448867798e-01
2.265449464321136475e-01
2.265449017286300659e-01
2.265447974205017090e-01
2.265446782112121582e-01
2.265446037054061890e-01
2.265444993972778320e-01
2.265444099903106689e-01
2.265443354845046997e-01
2.265442907810211182e-01
2.265441119670867920e-01
2.265439927577972412e-01
2.265439182519912720e-01
2.265438735485076904e-01
2.265437692403793335e-01
2.265436798334121704e-01
2.265435755252838135e-01
2.265434861183166504e-01
2.265434116125106812e-01
2.265432178974151611e-01
2.265432178974151611e-01
2.265430688858032227e-01
2.265430390834808350e-01
2.265428900718688965e-01
2.265428155660629272e-01
2.265427261590957642e-01
2.265426814556121826e-01
2.265425026416778564e-01
2.265424579381942749e-01
2.265423536300659180e-01
2.265422642230987549e-01
2.265421152114868164e-01
2.265420854091644287e-01
2.265419363975524902e-01
2.265418916940689087e-01
2.265417724847793579e-01
2.265416681766510010e-01
2.265415787696838379e-01
2.265415489673614502e-01
2.265413999557495117e-01
2.265412658452987671e-01
2.265412360429763794e-01
2.265411317348480225e-01
2.265410423278808594e-01
2.265409678220748901e-01
2.265408933162689209e-01
2.265407741069793701e-01
2.265406697988510132e-01
2.265405505895614624e-01
2.265404760837554932e-01
2.265404015779495239e-01
2.265403270721435547e-01
2.265402078628540039e-01
2.265400886535644531e-01
2.265399694442749023e-01
2.265399396419525146e-01
2.265398204326629639e-01
2.265397459268569946e-01
2.265396267175674438e-01
2.265395224094390869e-01
2.265394330024719238e-01
2.265393584966659546e-01
2.265392839908599854e-01
2.265391349792480469e-01
2.265391051769256592e-01
2.265389859676361084e-01
2.265388667583465576e-01
2.265388220548629761e-01
2.265387028455734253e-01
2.265386432409286499e-01
2.265385538339614868e-01
2.265384495258331299e-01
2.265383601188659668e-01
2.265382558107376099e-01
2.265381813049316406e-01
2.265380322933197021e-01
2.265379577875137329e-01
2.265378832817077637e-01
2.265377640724182129e-01
2.265376448631286621e-01
2.265375703573226929e-01
2.265375256538391113e-01
2.265374213457107544e-01
2.265372872352600098e-01
2.265372127294540405e-01
2.265371382236480713e-01
2.265370339155197144e-01
2.265369594097137451e-01
2.265368402004241943e-01
2.265367209911346436e-01
2.265366166830062866e-01
2.265364974737167358e-01
2.265364974737167358e-01
2.265364080667495728e-01
2.265363484621047974e-01
2.265362292528152466e-01
2.265361398458480835e-01
2.265360355377197266e-01
2.265359312295913696e-01
2.265358120203018188e-01
2.265356928110122681e-01
2.265356481075286865e-01
2.265355885028839111e-01
2.265354990959167480e-01
2.265353947877883911e-01
2.265352755784988403e-01
2.265351563692092896e-01
2.265350371599197388e-01
2.265349924564361572e-01
2.265348583459854126e-01
2.265348136425018311e-01
2.265347242355346680e-01
2.265346497297286987e-01
2.265345752239227295e-01
2.265344411134719849e-01
2.265343219041824341e-01
2.265342026948928833e-01
2.265341281890869141e-01
2.265340536832809448e-01
2.265340089797973633e-01
2.265339344739913940e-01
2.265338152647018433e-01
2.265337705612182617e-01
2.265335619449615479e-01
2.265335023403167725e-01
2.265334278345108032e-01
2.265333235263824463e-01
2.265332341194152832e-01
2.265331596136093140e-01
2.265330851078033447e-01
2.265330106019973755e-01
2.265329062938690186e-01
2.265327572822570801e-01
2.265326380729675293e-01
2.265325635671615601e-01
2.265325486660003662e-01
2.265324443578720093e-01
2.265323698520660400e-01
2.265322208404541016e-01
2.265321761369705200e-01
2.265321016311645508e-01
2.265319377183914185e-01
2.265318632125854492e-01
2.265317589044570923e-01
2.265317142009735107e-01
2.265316098928451538e-01
2.265314906835556030e-01
2.265314459800720215e-01
2.265313714742660522e-01
2.265312671661376953e-01
2.265311479568481445e-01
2.265310585498809814e-01
2.265309840440750122e-01
2.265308797359466553e-01
2.265307605266571045e-01
2.265307158231735229e-01
2.265306413173675537e-01
2.265305370092391968e-01
2.265304476022720337e-01
2.265303283929824829e-01
2.265302240848541260e-01
2.265301495790481567e-01
2.265300601720809937e-01
2.265300005674362183e-01
2.265298813581466675e-01
2.265297919511795044e-01
2.265297174453735352e-01
2.265295684337615967e-01
2.265294939279556274e-01
2.265294194221496582e-01
2.265292704105377197e-01
2.265291959047317505e-01
2.265291213989257812e-01
2.265290319919586182e-01
2.265288829803466797e-01
2.265289127826690674e-01
2.265287637710571289e-01
2.265286892652511597e-01
2.265286147594451904e-01
2.265285402536392212e-01
2.265284359455108643e-01
2.265283167362213135e-01
2.265282422304153442e-01
2.265281230211257935e-01
2.265280932188034058e-01
2.265279591083526611e-01
2.265278995037078857e-01
2.265278100967407227e-01
2.265277653932571411e-01
2.265276163816452026e-01
2.265274971723556519e-01
2.265274226665496826e-01
2.265273481607437134e-01
2.265272438526153564e-01
2.265271246433258057e-01
2.265270203351974487e-01
2.265269309282302856e-01
2.265268862247467041e-01
2.265267819166183472e-01
2.265266627073287964e-01
2.265265583992004395e-01
2.265264838933944702e-01
2.265264689922332764e-01
2.265263199806213379e-01
2.265262454748153687e-01
2.265261709690093994e-01
2.265260964632034302e-01
2.265260070562362671e-01
2.265258729457855225e-01
2.265257835388183594e-01
2.265257388353347778e-01
2.265256345272064209e-01
2.265255153179168701e-01
2.265254408121109009e-01
2.265253365039825439e-01
2.265252619981765747e-01
2.265250980854034424e-01
2.265250533819198608e-01
2.265249490737915039e-01
2.265249043703079224e-01
2.265247851610183716e-01
2.265247106552124023e-01
2.265246361494064331e-01
2.265245169401168823e-01
2.265244424343109131e-01
2.265243381261825562e-01
2.265242636203765869e-01
2.265241742134094238e-01
2.265241146087646484e-01
2.265239506959915161e-01
2.265238761901855469e-01
2.265238016843795776e-01
2.265237271785736084e-01
2.265236079692840576e-01
2.265235334634780884e-01
2.265234887599945068e-01
2.265233695507049561e-01
2.265233099460601807e-01
2.265231907367706299e-01
2.265231162309646606e-01
2.265230268239974976e-01
2.265229523181915283e-01
2.265227586030960083e-01
2.265227288007736206e-01
2.265226244926452637e-01
2.265225797891616821e-01
2.265224605798721313e-01
2.265223860740661621e-01
2.265223115682601929e-01
2.265221923589706421e-01
2.265221178531646729e-01
2.265219986438751221e-01
2.265219539403915405e-01
2.265218496322631836e-01
2.265217751264572144e-01
2.265216559171676636e-01
2.265215516090393066e-01
2.265214174985885620e-01
2.265213876962661743e-01
2.265213131904602051e-01
2.265212386846542358e-01
2.265210896730422974e-01
2.265210151672363281e-01
2.265209704637527466e-01
2.265208810567855835e-01
2.265207767486572266e-01
2.265206724405288696e-01
2.265206277370452881e-01
2.265204638242721558e-01
2.265203893184661865e-01
2.265203148126602173e-01
2.265202403068542480e-01
2.265201658010482788e-01
2.265201210975646973e-01
2.265199422836303711e-01
2.265198975801467896e-01
2.265198528766632080e-01
2.265197038650512695e-01
2.265195995569229126e-01
2.265195250511169434e-01
2.265194058418273926e-01
2.265193313360214233e-01
2.265192568302154541e-01
2.265191674232482910e-01
2.265191227197647095e-01
2.265190482139587402e-01
2.265188992023468018e-01
2.265187948942184448e-01
2.265187203884124756e-01
2.265186011791229248e-01
2.265185266733169556e-01
2.265184521675109863e-01
2.265183031558990479e-01
2.265182882547378540e-01
2.265182137489318848e-01
2.265180945396423340e-01
2.265180349349975586e-01
2.265179455280303955e-01
