1.568925827741622925e-01
1.571156978607177734e-01
1.573502421379089355e-01
1.577245593070983887e-01
1.580560058355331421e-01
1.585818827152252197e-01
1.588720530271530151e-01
1.594477593898773193e-01
1.594695746898651123e-01
1.599438637495040894e-01
1.596368998289108276e-01
1.599635183811187744e-01
1.594787389039993286e-01
1.596927791833877563e-01
1.591830998659133911e-01
1.593236029148101807e-01
1.588740497827529907e-01
1.589631140232086182e-01
1.586110889911651611e-01
1.586555540561676025e-01
1.584142893552780151e-01
1.584118008613586426e-01
1.582881659269332886e-01
1.582331806421279907e-01
1.582400351762771606e-01
1.581292599439620972e-01
1.582920402288436890e-01
1.581287235021591187e-01
1.584858894348144531e-01
1.582770049571990967e-01
1.588690280914306641e-01
1.586039364337921143e-01
1.594456583261489868e-01
1.590538173913955688e-01
1.600970029830932617e-01
1.594392657279968262e-01
1.605611145496368408e-01
1.595450490713119507e-01
1.605912297964096069e-01
1.593218147754669189e-01
1.601684540510177612e-01
1.588837206363677979e-01
1.594858616590499878e-01
1.583642512559890747e-01
1.587578654289245605e-01
1.578602343797683716e-01
1.581221967935562134e-01
1.574402749538421631e-01
1.576470583677291870e-01
1.571436822414398193e-01
1.573508828878402710e-01
1.569773107767105103e-01
1.572210341691970825e-01
1.569289118051528931e-01
1.572358757257461548e-01
1.569829136133193970e-01
1.573781073093414307e-01
1.571266651153564453e-01
1.576346606016159058e-01
1.573486626148223877e-01
1.579911410808563232e-01
1.576350480318069458e-01
1.584262996912002563e-01
1.579659432172775269e-01
1.589050889015197754e-01
1.583077460527420044e-01
1.593673229217529297e-01
1.586031466722488403e-01
1.597181707620620728e-01
1.587759554386138916e-01
1.598509848117828369e-01
1.587670147418975830e-01
1.597097963094711304e-01
1.585734486579895020e-01
1.593297421932220459e-01
1.582509875297546387e-01
1.588181555271148682e-01
1.578947454690933228e-01
1.583189368247985840e-01
1.576252877712249756e-01
1.579928398132324219e-01
1.575809270143508911e-01
1.580018997192382812e-01
1.579080075025558472e-01
1.584837883710861206e-01
1.587328761816024780e-01
1.594463437795639038e-01
1.599499583244323730e-01
1.604575514793395996e-01
1.608862131834030151e-01
1.608121246099472046e-01
1.609341502189636230e-01
1.604651063680648804e-01
1.603192389011383057e-01
1.597383022308349609e-01
1.594356894493103027e-01
1.588696837425231934e-01
1.585199236869812012e-01
1.580432057380676270e-01
1.577299386262893677e-01
1.573891788721084595e-01
1.571536362171173096e-01
1.569529026746749878e-01
1.567991524934768677e-01
1.567163318395614624e-01
1.566331684589385986e-01
1.566523611545562744e-01
1.566301435232162476e-01
1.567604094743728638e-01
1.567932814359664917e-01
1.570718437433242798e-01
1.571431457996368408e-01
1.576240509748458862e-01
1.576803773641586304e-01
1.584000736474990845e-01
1.583351641893386841e-01
1.592684984207153320e-01
1.589407622814178467e-01
1.599895060062408447e-01
1.592980772256851196e-01
1.603418290615081787e-01
1.593232005834579468e-01
1.602772474288940430e-01
1.590826958417892456e-01
1.599044650793075562e-01
1.587002128362655640e-01
1.593789458274841309e-01
1.582874208688735962e-01
1.588408499956130981e-01
1.579270660877227783e-01
1.583953797817230225e-01
1.576666086912155151e-01
1.580971628427505493e-01
1.575175225734710693e-01
1.579521596431732178e-01
1.574725657701492310e-01
1.579462885856628418e-01
1.575254201889038086e-01
1.580732017755508423e-01
1.576820462942123413e-01
1.583489328622817993e-01
1.579723507165908813e-01
1.588261425495147705e-01
1.584648489952087402e-01
1.595948934555053711e-01
1.592435836791992188e-01
1.606385707855224609e-01
1.601843833923339844e-01
1.614498198032379150e-01
1.607278883457183838e-01
1.614104062318801880e-01
1.605601012706756592e-01
1.607117354869842529e-01
1.599872410297393799e-01
1.598271429538726807e-01
1.593659371137619019e-01
1.590472459793090820e-01
1.588427722454071045e-01
1.584637761116027832e-01
1.584458351135253906e-01
1.580848246812820435e-01
1.582046896219253540e-01
1.579379290342330933e-01
1.581951528787612915e-01
1.580937951803207397e-01
1.585172116756439209e-01
1.586166322231292725e-01
1.591972112655639648e-01
1.594063639640808105e-01
1.599995791912078857e-01
1.600494235754013062e-01
1.604176014661788940e-01
1.601589471101760864e-01
1.602130979299545288e-01
1.598067432641983032e-01
1.596449166536331177e-01
1.592748314142227173e-01
1.590415984392166138e-01
1.588063985109329224e-01
1.585885435342788696e-01
1.585228443145751953e-01
1.583236455917358398e-01
1.584130674600601196e-01
1.581969857215881348e-01
1.584078073501586914e-01
1.581390500068664551e-01
1.584409028291702271e-01
1.580956727266311646e-01
1.584672927856445312e-01
1.580376029014587402e-01
1.584666073322296143e-01
1.579629331827163696e-01
1.584465056657791138e-01
1.578953117132186890e-01
1.584418267011642456e-01
1.578754931688308716e-01
1.585025936365127563e-01
1.579402685165405273e-01
1.586662232875823975e-01
1.580941975116729736e-01
1.589220911264419556e-01
1.582901328802108765e-01
1.591911017894744873e-01
1.584415137767791748e-01
1.593525558710098267e-01
1.584724038839340210e-01
1.593190729618072510e-01
1.583633124828338623e-01
1.590919494628906250e-01
1.581477075815200806e-01
1.587409973144531250e-01
1.578794121742248535e-01
1.583521813154220581e-01
1.576101332902908325e-01
1.579947024583816528e-01
1.573787182569503784e-01
1.577111929655075073e-01
1.572071313858032227e-01
1.575186103582382202e-01
1.571019142866134644e-01
1.574167013168334961e-01
1.570604443550109863e-01
1.573971509933471680e-01
1.570761352777481079e-01
1.574490815401077271e-01
1.571409851312637329e-01
1.575609445571899414e-01
1.572460383176803589e-01
1.577195376157760620e-01
1.573818922042846680e-01
1.579106450080871582e-01
1.575409621000289917e-01
1.581226140260696411e-01
1.577232033014297485e-01
1.583546698093414307e-01
1.579451113939285278e-01
1.586287319660186768e-01
1.582466810941696167e-01
1.589936465024948120e-01
1.586774885654449463e-01
1.594918072223663330e-01
1.592204868793487549e-01
1.600504368543624878e-01
1.596908271312713623e-01
1.604242175817489624e-01
1.598692983388900757e-01
1.604460179805755615e-01
1.597826182842254639e-01
1.602271795272827148e-01
1.596268415451049805e-01
1.599844098091125488e-01
1.595776528120040894e-01
1.598713546991348267e-01
1.597219258546829224e-01
1.599084287881851196e-01
1.600016653537750244e-01
1.599728763103485107e-01
1.602383702993392944e-01
1.599123179912567139e-01
1.602785587310791016e-01
1.596658080816268921e-01
1.600756049156188965e-01
1.592688262462615967e-01
1.596786528825759888e-01
1.587997972965240479e-01
1.591869443655014038e-01
1.583377122879028320e-01
1.587002873420715332e-01
1.579408943653106689e-01
1.582892388105392456e-01
1.576394140720367432e-01
1.579878479242324829e-01
1.574386656284332275e-01
1.578018218278884888e-01
1.573297530412673950e-01
1.577209085226058960e-01
1.572985798120498657e-01
1.577294170856475830e-01
1.573308706283569336e-01
1.578103601932525635e-01
1.574126929044723511e-01
1.579459905624389648e-01
1.575297862291336060e-01
1.581161916255950928e-01
1.576664894819259644e-01
1.582982540130615234e-01
1.578066051006317139e-01
1.584684401750564575e-01
1.579357534646987915e-01
1.586064994335174561e-01
1.580462306737899780e-01
1.587028205394744873e-01
1.581421494483947754e-01
1.587652415037155151e-01
1.582434028387069702e-01
1.588223129510879517e-01
1.583858579397201538e-01
1.589188575744628906e-01
1.586126685142517090e-01
1.590975373983383179e-01
1.589490324258804321e-01
1.593589931726455688e-01
1.593521535396575928e-01
1.596137583255767822e-01
1.596727669239044189e-01
1.597015857696533203e-01
1.597311198711395264e-01
1.595281511545181274e-01
1.594844460487365723e-01
1.591527462005615234e-01
1.590577811002731323e-01
1.587204486131668091e-01
1.586301326751708984e-01
1.583683192729949951e-01
1.583388000726699829e-01
1.581784188747406006e-01
1.582484990358352661e-01
1.581801325082778931e-01
1.583751291036605835e-01
1.583834290504455566e-01
1.587265133857727051e-01
1.588050127029418945e-01
1.593134105205535889e-01
1.594529002904891968e-01
1.600843816995620728e-01
1.602106094360351562e-01
1.607855111360549927e-01
1.607322841882705688e-01
1.611147075891494751e-01
1.607909649610519409e-01
1.611320227384567261e-01
1.605910807847976685e-01
1.610685586929321289e-01
1.604372560977935791e-01
1.609878540039062500e-01
1.603778749704360962e-01
1.607997715473175049e-01
1.602854579687118530e-01
1.604599505662918091e-01
1.600887328386306763e-01
1.600123345851898193e-01
1.597771644592285156e-01
1.595021784305572510e-01
1.593469828367233276e-01
1.589451730251312256e-01
1.588163524866104126e-01
1.583697795867919922e-01
1.582518666982650757e-01
1.578416079282760620e-01
1.577553302049636841e-01
1.574374735355377197e-01
1.574140191078186035e-01
1.572021991014480591e-01
1.572632789611816406e-01
1.571386605501174927e-01
1.573002338409423828e-01
1.572311818599700928e-01
1.575148701667785645e-01
1.574629098176956177e-01
1.578983813524246216e-01
1.578121036291122437e-01
1.584280133247375488e-01
1.582400351762771606e-01
1.590499132871627808e-01
1.586854755878448486e-01
1.596756726503372192e-01
1.590701490640640259e-01
1.601973772048950195e-01
1.593194603919982910e-01
1.605193912982940674e-01
1.593924611806869507e-01
1.605937331914901733e-01
1.592978984117507935e-01
1.604376286268234253e-01
1.590841561555862427e-01
1.601209193468093872e-01
1.588146090507507324e-01
1.597323566675186157e-01
1.585477292537689209e-01
1.593513339757919312e-01
1.583334207534790039e-01
1.590444445610046387e-01
1.582224965095520020e-01
1.588774025440216064e-01
1.582761257886886597e-01
1.589198261499404907e-01
1.585588455200195312e-01
1.592186093330383301e-01
1.590920388698577881e-01
1.597177684307098389e-01
1.597472727298736572e-01
1.601698398590087891e-01
1.601981818675994873e-01
1.602692455053329468e-01
1.601782143115997314e-01
1.599546521902084351e-01
1.597393453121185303e-01
1.593823879957199097e-01
1.590995639562606812e-01
1.587421745061874390e-01
1.584591418504714966e-01
1.581854522228240967e-01
1.579526215791702271e-01
1.577964276075363159e-01
1.576355993747711182e-01
1.575906574726104736e-01
1.575016230344772339e-01
1.575473099946975708e-01
1.575199067592620850e-01
1.576384603977203369e-01
1.576592028141021729e-01
1.578369736671447754e-01
1.578893363475799561e-01
1.581107527017593384e-01
1.581742614507675171e-01
1.584170758724212646e-01
1.584692448377609253e-01
1.587048768997192383e-01
1.587271541357040405e-01
1.589261442422866821e-01
1.589129865169525146e-01
1.590516716241836548e-01
1.590221822261810303e-01
1.590889692306518555e-01
1.591067165136337280e-01
1.591130942106246948e-01
1.593211740255355835e-01
1.593139320611953735e-01
1.599503457546234131e-01
1.599283218383789062e-01
1.611103564500808716e-01
1.607176810503005981e-01
1.620273590087890625e-01
1.609703004360198975e-01
1.618993133306503296e-01
1.606968939304351807e-01
1.611203104257583618e-01
1.601829081773757935e-01
1.601864099502563477e-01
1.595974117517471313e-01
1.593454033136367798e-01
1.590143144130706787e-01
1.586581021547317505e-01
1.584689468145370483e-01
1.581117957830429077e-01
1.580039858818054199e-01
1.577104330062866211e-01
1.576656550168991089e-01
1.574627608060836792e-01
1.574783176183700562e-01
1.573606133460998535e-01
1.574374437332153320e-01
1.573838591575622559e-01
1.575248986482620239e-01
1.575103700160980225e-01
1.577213555574417114e-01
1.577191799879074097e-01
1.580068171024322510e-01
1.579853445291519165e-01
1.583542078733444214e-01
1.582752764225006104e-01
1.587248146533966064e-01
1.585457026958465576e-01
1.590692549943923950e-01
1.587504446506500244e-01
1.593373119831085205e-01
1.588540673255920410e-01
1.594940274953842163e-01
1.588477790355682373e-01
1.595364809036254883e-01
1.587576419115066528e-01
1.594999581575393677e-01
1.586393266916275024e-01
1.594520211219787598e-01
1.585632264614105225e-01
1.594753265380859375e-01
1.585929244756698608e-01
1.596376597881317139e-01
1.587558686733245850e-01
1.599418073892593384e-01
1.590054780244827271e-01
1.602687686681747437e-01
1.592122167348861694e-01
1.604109555482864380e-01
1.592521220445632935e-01
1.602533012628555298e-01
1.591259837150573730e-01
1.598871499300003052e-01
1.589590162038803101e-01
1.595247983932495117e-01
1.589113473892211914e-01
1.593543142080307007e-01
1.590703427791595459e-01
1.594138145446777344e-01
1.593562811613082886e-01
1.595469713211059570e-01
1.595543026924133301e-01
1.595422178506851196e-01
1.594960987567901611e-01
1.593139618635177612e-01
