2.274577617645263672e-01
2.274577617645263672e-01
2.274577319622039795e-01
2.274577319622039795e-01
2.274576723575592041e-01
2.274576872587203979e-01
2.274576723575592041e-01
2.274576723575592041e-01
2.274576127529144287e-01
2.274575978517532349e-01
2.274576127529144287e-01
2.274575978517532349e-01
2.274575978517532349e-01
2.274575978517532349e-01
2.274575382471084595e-01
2.274575680494308472e-01
2.274575233459472656e-01
2.274575382471084595e-01
2.274575233459472656e-01
2.274574935436248779e-01
2.274574935436248779e-01
2.274574637413024902e-01
2.274574488401412964e-01
2.274574488401412964e-01
2.274574488401412964e-01
2.274574190378189087e-01
2.274574190378189087e-01
2.274573743343353271e-01
2.274573743343353271e-01
2.274573445320129395e-01
2.274573445320129395e-01
2.274573445320129395e-01
2.274573445320129395e-01
2.274573445320129395e-01
2.274573445320129395e-01
2.274573296308517456e-01
2.274572551250457764e-01
2.274572700262069702e-01
2.274572551250457764e-01
2.274572551250457764e-01
2.274572253227233887e-01
2.274571955204010010e-01
2.274571955204010010e-01
2.274571806192398071e-01
2.274571955204010010e-01
2.274571955204010010e-01
2.274571955204010010e-01
2.274571806192398071e-01
2.274571806192398071e-01
2.274571508169174194e-01
2.274571359157562256e-01
2.274570763111114502e-01
2.274570763111114502e-01
2.274570763111114502e-01
2.274570763111114502e-01
2.274570763111114502e-01
2.274570316076278687e-01
2.274570316076278687e-01
2.274570316076278687e-01
2.274570316076278687e-01
2.274570018053054810e-01
2.274569869041442871e-01
2.274569869041442871e-01
2.274569571018218994e-01
2.274569869041442871e-01
2.274569272994995117e-01
2.274568825960159302e-01
2.274568825960159302e-01
2.274568676948547363e-01
2.274568825960159302e-01
2.274568825960159302e-01
2.274568676948547363e-01
2.274568676948547363e-01
2.274568676948547363e-01
2.274568080902099609e-01
2.274568080902099609e-01
2.274567931890487671e-01
2.274567931890487671e-01
2.274567633867263794e-01
2.274567633867263794e-01
2.274567633867263794e-01
2.274567633867263794e-01
2.274567335844039917e-01
2.274567186832427979e-01
2.274566888809204102e-01
2.274566888809204102e-01
2.274566590785980225e-01
2.274566441774368286e-01
2.274566441774368286e-01
2.274566590785980225e-01
2.274566143751144409e-01
2.274565845727920532e-01
2.274566143751144409e-01
2.274565845727920532e-01
2.274565696716308594e-01
2.274565696716308594e-01
2.274565249681472778e-01
2.274565249681472778e-01
2.274564951658248901e-01
2.274565398693084717e-01
2.274565249681472778e-01
2.274565398693084717e-01
2.274564951658248901e-01
2.274564951658248901e-01
2.274565249681472778e-01
2.274564653635025024e-01
2.274564653635025024e-01
2.274564653635025024e-01
2.274564504623413086e-01
2.274564206600189209e-01
2.274564206600189209e-01
2.274564504623413086e-01
2.274563908576965332e-01
2.274563908576965332e-01
2.274563759565353394e-01
2.274563759565353394e-01
2.274563759565353394e-01
2.274563759565353394e-01
2.274563461542129517e-01
2.274562716484069824e-01
2.274563014507293701e-01
2.274562716484069824e-01
2.274563014507293701e-01
2.274563163518905640e-01
2.274563014507293701e-01
2.274562567472457886e-01
2.274562269449234009e-01
2.274561822414398193e-01
2.274561971426010132e-01
2.274561971426010132e-01
2.274561524391174316e-01
2.274561524391174316e-01
2.274561226367950439e-01
2.274561226367950439e-01
2.274561077356338501e-01
2.274560481309890747e-01
2.274561077356338501e-01
2.274561077356338501e-01
2.274560779333114624e-01
2.274560481309890747e-01
2.274560779333114624e-01
2.274560481309890747e-01
2.274560332298278809e-01
2.274560332298278809e-01
2.274560034275054932e-01
2.274560034275054932e-01
2.274560034275054932e-01
2.274560034275054932e-01
2.274559587240219116e-01
2.274559587240219116e-01
2.274559289216995239e-01
2.274559140205383301e-01
2.274559140205383301e-01
2.274558842182159424e-01
2.274558842182159424e-01
2.274558395147323608e-01
2.274558544158935547e-01
2.274558544158935547e-01
2.274558395147323608e-01
2.274558395147323608e-01
2.274558097124099731e-01
2.274557799100875854e-01
2.274558097124099731e-01
2.274557799100875854e-01
2.274557352066040039e-01
2.274557203054428101e-01
2.274557203054428101e-01
2.274556905031204224e-01
2.274557203054428101e-01
2.274557203054428101e-01
2.274556905031204224e-01
2.274556905031204224e-01
2.274556457996368408e-01
2.274556159973144531e-01
2.274555861949920654e-01
2.274556159973144531e-01
2.274556159973144531e-01
2.274555861949920654e-01
2.274555861949920654e-01
2.274555861949920654e-01
2.274556159973144531e-01
2.274555414915084839e-01
2.274555116891860962e-01
2.274555116891860962e-01
2.274555116891860962e-01
2.274554967880249023e-01
2.274554371833801270e-01
2.274554222822189331e-01
2.274554222822189331e-01
2.274554222822189331e-01
2.274554222822189331e-01
2.274554222822189331e-01
2.274553775787353516e-01
2.274553775787353516e-01
2.274553924798965454e-01
2.274553924798965454e-01
2.274553477764129639e-01
2.274553179740905762e-01
2.274553477764129639e-01
2.274553477764129639e-01
2.274553030729293823e-01
2.274553179740905762e-01
2.274552732706069946e-01
2.274552732706069946e-01
2.274552285671234131e-01
2.274552285671234131e-01
2.274552285671234131e-01
2.274552285671234131e-01
2.274551689624786377e-01
2.274551987648010254e-01
2.274551540613174438e-01
2.274551242589950562e-01
2.274551540613174438e-01
2.274551093578338623e-01
2.274551242589950562e-01
2.274551242589950562e-01
2.274551093578338623e-01
2.274551242589950562e-01
2.274551093578338623e-01
2.274550795555114746e-01
2.274550795555114746e-01
2.274550795555114746e-01
2.274550497531890869e-01
2.274550348520278931e-01
2.274550348520278931e-01
2.274549752473831177e-01
2.274549603462219238e-01
2.274549305438995361e-01
2.274550050497055054e-01
2.274549752473831177e-01
2.274549752473831177e-01
2.274549603462219238e-01
2.274549007415771484e-01
2.274549007415771484e-01
2.274549603462219238e-01
2.274549305438995361e-01
2.274549007415771484e-01
2.274549007415771484e-01
2.274548858404159546e-01
2.274548858404159546e-01
2.274548560380935669e-01
2.274548411369323730e-01
2.274548411369323730e-01
2.274548560380935669e-01
2.274548411369323730e-01
2.274548411369323730e-01
2.274548411369323730e-01
2.274548113346099854e-01
2.274547666311264038e-01
2.274547666311264038e-01
2.274547368288040161e-01
2.274547070264816284e-01
2.274547070264816284e-01
2.274547070264816284e-01
2.274546921253204346e-01
2.274546921253204346e-01
2.274546623229980469e-01
2.274546623229980469e-01
2.274546325206756592e-01
2.274546325206756592e-01
2.274546176195144653e-01
2.274546176195144653e-01
2.274546176195144653e-01
2.274545878171920776e-01
2.274545878171920776e-01
2.274545878171920776e-01
2.274545431137084961e-01
2.274545133113861084e-01
2.274545580148696899e-01
2.274544984102249146e-01
2.274544388055801392e-01
2.274544686079025269e-01
2.274544686079025269e-01
2.274544388055801392e-01
2.274544388055801392e-01
2.274544239044189453e-01
2.274544239044189453e-01
2.274543941020965576e-01
2.274543941020965576e-01
2.274543941020965576e-01
2.274543642997741699e-01
2.274543642997741699e-01
2.274543642997741699e-01
2.274543493986129761e-01
2.274543195962905884e-01
2.274542748928070068e-01
2.274542748928070068e-01
2.274542897939682007e-01
2.274542897939682007e-01
2.274542301893234253e-01
2.274542748928070068e-01
2.274542003870010376e-01
2.274542450904846191e-01
2.274542003870010376e-01
2.274542003870010376e-01
2.274542003870010376e-01
2.274542003870010376e-01
2.274541705846786499e-01
2.274541556835174561e-01
2.274541556835174561e-01
2.274541556835174561e-01
2.274541556835174561e-01
2.274541258811950684e-01
2.274540811777114868e-01
2.274540513753890991e-01
2.274540215730667114e-01
2.274540513753890991e-01
2.274540215730667114e-01
2.274540215730667114e-01
2.274540215730667114e-01
2.274540066719055176e-01
2.274540066719055176e-01
2.274539619684219360e-01
2.274539619684219360e-01
2.274539321660995483e-01
2.274539023637771606e-01
2.274539321660995483e-01
2.274539023637771606e-01
2.274539023637771606e-01
2.274538874626159668e-01
2.274538576602935791e-01
2.274538576602935791e-01
2.274538576602935791e-01
2.274538576602935791e-01
2.274538278579711914e-01
2.274537831544876099e-01
2.274538129568099976e-01
2.274537831544876099e-01
2.274537831544876099e-01
2.274537533521652222e-01
2.274537384510040283e-01
2.274537384510040283e-01
2.274537086486816406e-01
2.274536937475204468e-01
2.274536639451980591e-01
2.274536639451980591e-01
2.274536341428756714e-01
2.274536341428756714e-01
2.274536341428756714e-01
2.274536341428756714e-01
2.274536341428756714e-01
2.274536192417144775e-01
2.274536192417144775e-01
2.274536192417144775e-01
2.274535894393920898e-01
2.274535447359085083e-01
2.274535596370697021e-01
2.274535596370697021e-01
2.274535447359085083e-01
2.274535149335861206e-01
2.274535149335861206e-01
2.274534851312637329e-01
2.274535149335861206e-01
2.274535149335861206e-01
2.274534404277801514e-01
2.274534404277801514e-01
2.274533957242965698e-01
2.274534404277801514e-01
2.274533957242965698e-01
2.274534106254577637e-01
2.274534106254577637e-01
2.274533510208129883e-01
2.274533659219741821e-01
2.274533510208129883e-01
2.274533212184906006e-01
2.274533212184906006e-01
2.274533212184906006e-01
2.274533212184906006e-01
2.274532914161682129e-01
2.274532467126846313e-01
2.274532467126846313e-01
2.274532467126846313e-01
2.274532467126846313e-01
2.274532169103622437e-01
2.274532169103622437e-01
2.274532020092010498e-01
2.274531722068786621e-01
2.274531722068786621e-01
2.274531424045562744e-01
2.274531722068786621e-01
2.274531424045562744e-01
2.274531424045562744e-01
2.274531722068786621e-01
2.274530977010726929e-01
2.274530977010726929e-01
2.274530977010726929e-01
2.274530827999114990e-01
2.274530827999114990e-01
2.274530977010726929e-01
2.274531275033950806e-01
2.274530529975891113e-01
2.274530231952667236e-01
2.274530231952667236e-01
2.274529784917831421e-01
2.274529784917831421e-01
2.274529486894607544e-01
2.274529486894607544e-01
2.274529039859771729e-01
2.274529337882995605e-01
2.274529337882995605e-01
2.274529337882995605e-01
2.274529337882995605e-01
2.274529039859771729e-01
2.274528741836547852e-01
2.274528741836547852e-01
2.274528592824935913e-01
2.274528294801712036e-01
2.274528294801712036e-01
2.274528592824935913e-01
2.274528145790100098e-01
2.274527847766876221e-01
2.274527847766876221e-01
2.274527400732040405e-01
2.274527549743652344e-01
2.274527400732040405e-01
2.274527400732040405e-01
2.274527102708816528e-01
2.274527102708816528e-01
2.274526655673980713e-01
2.274526655673980713e-01
2.274526357650756836e-01
2.274526357650756836e-01
2.274526357650756836e-01
2.274526357650756836e-01
2.274526059627532959e-01
2.274525910615921021e-01
2.274525910615921021e-01
2.274525612592697144e-01
2.274526059627532959e-01
2.274525612592697144e-01
2.274525612592697144e-01
2.274525463581085205e-01
2.274525165557861328e-01
2.274524867534637451e-01
2.274524867534637451e-01
2.274524718523025513e-01
2.274524718523025513e-01
2.274524718523025513e-01
2.274524420499801636e-01
2.274524122476577759e-01
2.274524122476577759e-01
2.274523973464965820e-01
2.274523973464965820e-01
2.274524122476577759e-01
2.274523973464965820e-01
2.274523675441741943e-01
2.274523377418518066e-01
2.274523228406906128e-01
2.274523377418518066e-01
2.274523228406906128e-01
2.274523228406906128e-01
2.274522632360458374e-01
2.274522632360458374e-01
2.274522483348846436e-01
2.274522483348846436e-01
2.274522483348846436e-01
2.274522632360458374e-01
2.274522483348846436e-01
2.274521738290786743e-01
2.274521738290786743e-01
2.274522036314010620e-01
2.274521738290786743e-01
2.274521440267562866e-01
2.274521440267562866e-01
2.274521440267562866e-01
2.274521440267562866e-01
2.274521291255950928e-01
2.274520993232727051e-01
2.274520993232727051e-01
2.274521440267562866e-01
2.274520993232727051e-01
2.274520248174667358e-01
2.274520546197891235e-01
2.274520248174667358e-01
2.274520546197891235e-01
2.274520248174667358e-01
2.274520546197891235e-01
2.274519950151443481e-01
2.274519801139831543e-01
2.274519801139831543e-01
2.274519950151443481e-01
2.274519950151443481e-01
2.274519950151443481e-01
2.274519503116607666e-01
2.274519354104995728e-01
2.274518758058547974e-01
2.274518758058547974e-01
2.274518758058547974e-01
2.274519056081771851e-01
2.274519056081771851e-01
2.274518609046936035e-01
2.274519354104995728e-01
2.274518609046936035e-01
2.274518311023712158e-01
2.274518311023712158e-01
2.274517863988876343e-01
2.274518311023712158e-01
2.274517565965652466e-01
2.274517267942428589e-01
2.274517267942428589e-01
