2.393938899040222168e-01
2.393938750028610229e-01
2.393938899040222168e-01
2.393939197063446045e-01
2.393938899040222168e-01
2.393938899040222168e-01
2.393938750028610229e-01
2.393938899040222168e-01
2.393938899040222168e-01
2.393938452005386353e-01
2.393938302993774414e-01
2.393938302993774414e-01
2.393938452005386353e-01
2.393938302993774414e-01
2.393938452005386353e-01
2.393938452005386353e-01
2.393938302993774414e-01
2.393938004970550537e-01
2.393938302993774414e-01
2.393938004970550537e-01
2.393937706947326660e-01
2.393938004970550537e-01
2.393937706947326660e-01
2.393938004970550537e-01
2.393938004970550537e-01
2.393937557935714722e-01
2.393937557935714722e-01
2.393936961889266968e-01
2.393936961889266968e-01
2.393937259912490845e-01
2.393937259912490845e-01
2.393936812877655029e-01
2.393936961889266968e-01
2.393936961889266968e-01
2.393936961889266968e-01
2.393937259912490845e-01
2.393936961889266968e-01
2.393936812877655029e-01
2.393936514854431152e-01
2.393936514854431152e-01
2.393936514854431152e-01
2.393936812877655029e-01
2.393936514854431152e-01
2.393936067819595337e-01
2.393936216831207275e-01
2.393936067819595337e-01
2.393936216831207275e-01
2.393936067819595337e-01
2.393935620784759521e-01
2.393935769796371460e-01
2.393935620784759521e-01
2.393935769796371460e-01
2.393935620784759521e-01
2.393935769796371460e-01
2.393935620784759521e-01
2.393935322761535645e-01
2.393935024738311768e-01
2.393935024738311768e-01
2.393934875726699829e-01
2.393934875726699829e-01
2.393934875726699829e-01
2.393934875726699829e-01
2.393934875726699829e-01
2.393934875726699829e-01
2.393934875726699829e-01
2.393934875726699829e-01
2.393934577703475952e-01
2.393934577703475952e-01
2.393934577703475952e-01
2.393934577703475952e-01
2.393934577703475952e-01
2.393934130668640137e-01
2.393934130668640137e-01
2.393934130668640137e-01
2.393934130668640137e-01
2.393934130668640137e-01
2.393934279680252075e-01
2.393934279680252075e-01
2.393934130668640137e-01
2.393933832645416260e-01
2.393933534622192383e-01
2.393933832645416260e-01
2.393933534622192383e-01
2.393933534622192383e-01
2.393933385610580444e-01
2.393933385610580444e-01
2.393933385610580444e-01
2.393933087587356567e-01
2.393933385610580444e-01
2.393933087587356567e-01
2.393933087587356567e-01
2.393933087587356567e-01
2.393932789564132690e-01
2.393932789564132690e-01
2.393932640552520752e-01
2.393932342529296875e-01
2.393932640552520752e-01
2.393932640552520752e-01
2.393932640552520752e-01
2.393932789564132690e-01
2.393932640552520752e-01
2.393932640552520752e-01
2.393932342529296875e-01
2.393932193517684937e-01
2.393932342529296875e-01
2.393932193517684937e-01
2.393932193517684937e-01
2.393931895494461060e-01
2.393931895494461060e-01
2.393931597471237183e-01
2.393931597471237183e-01
2.393931895494461060e-01
2.393931597471237183e-01
2.393931895494461060e-01
2.393931597471237183e-01
2.393931597471237183e-01
2.393931448459625244e-01
2.393931597471237183e-01
2.393931597471237183e-01
2.393931597471237183e-01
2.393931150436401367e-01
2.393931150436401367e-01
2.393931150436401367e-01
2.393930852413177490e-01
2.393930703401565552e-01
2.393930703401565552e-01
2.393930852413177490e-01
2.393931150436401367e-01
2.393930703401565552e-01
2.393930703401565552e-01
2.393930703401565552e-01
2.393930405378341675e-01
2.393929958343505859e-01
2.393929958343505859e-01
2.393929958343505859e-01
2.393929660320281982e-01
2.393929660320281982e-01
2.393929511308670044e-01
2.393929660320281982e-01
2.393929660320281982e-01
2.393929660320281982e-01
2.393929213285446167e-01
2.393929213285446167e-01
2.393929511308670044e-01
2.393929511308670044e-01
2.393929213285446167e-01
2.393929213285446167e-01
2.393929511308670044e-01
2.393929213285446167e-01
2.393928468227386475e-01
2.393928766250610352e-01
2.393928468227386475e-01
2.393928468227386475e-01
2.393928766250610352e-01
2.393928766250610352e-01
2.393928915262222290e-01
2.393928766250610352e-01
2.393928766250610352e-01
2.393928766250610352e-01
2.393928170204162598e-01
2.393928021192550659e-01
2.393928021192550659e-01
2.393928021192550659e-01
2.393927723169326782e-01
2.393927425146102905e-01
2.393927723169326782e-01
2.393927723169326782e-01
2.393927425146102905e-01
2.393927276134490967e-01
2.393926978111267090e-01
2.393927276134490967e-01
2.393927276134490967e-01
2.393927425146102905e-01
2.393927425146102905e-01
2.393927276134490967e-01
2.393927425146102905e-01
2.393927276134490967e-01
2.393927276134490967e-01
2.393927425146102905e-01
2.393927276134490967e-01
2.393926978111267090e-01
2.393926978111267090e-01
2.393926829099655151e-01
2.393926531076431274e-01
2.393926829099655151e-01
2.393926978111267090e-01
2.393926829099655151e-01
2.393926531076431274e-01
2.393926084041595459e-01
2.393925786018371582e-01
2.393926084041595459e-01
2.393925786018371582e-01
2.393925786018371582e-01
2.393925786018371582e-01
2.393925786018371582e-01
2.393925487995147705e-01
2.393926233053207397e-01
2.393926084041595459e-01
2.393925786018371582e-01
2.393925786018371582e-01
2.393925338983535767e-01
2.393925786018371582e-01
2.393925487995147705e-01
2.393925040960311890e-01
2.393925338983535767e-01
2.393925338983535767e-01
2.393925040960311890e-01
2.393925338983535767e-01
2.393924742937088013e-01
2.393924742937088013e-01
2.393925040960311890e-01
2.393925040960311890e-01
2.393924295902252197e-01
2.393924295902252197e-01
2.393924742937088013e-01
2.393924295902252197e-01
2.393924295902252197e-01
2.393924295902252197e-01
2.393924295902252197e-01
2.393924295902252197e-01
2.393924295902252197e-01
2.393923848867416382e-01
2.393923848867416382e-01
2.393923848867416382e-01
2.393923997879028320e-01
2.393923848867416382e-01
2.393923848867416382e-01
2.393923848867416382e-01
2.393923550844192505e-01
2.393923401832580566e-01
2.393923401832580566e-01
2.393923401832580566e-01
2.393923550844192505e-01
2.393923550844192505e-01
2.393923401832580566e-01
2.393923401832580566e-01
2.393923401832580566e-01
2.393922805786132812e-01
2.393922805786132812e-01
2.393922656774520874e-01
2.393922656774520874e-01
2.393922358751296997e-01
2.393922358751296997e-01
2.393922060728073120e-01
2.393922358751296997e-01
2.393921911716461182e-01
2.393922358751296997e-01
2.393922358751296997e-01
2.393921911716461182e-01
2.393922060728073120e-01
2.393922060728073120e-01
2.393921911716461182e-01
2.393921315670013428e-01
2.393921613693237305e-01
2.393921315670013428e-01
2.393921315670013428e-01
2.393921613693237305e-01
2.393921613693237305e-01
2.393921613693237305e-01
2.393921315670013428e-01
2.393921315670013428e-01
2.393921166658401489e-01
2.393921166658401489e-01
2.393921166658401489e-01
2.393920868635177612e-01
2.393921166658401489e-01
2.393920868635177612e-01
2.393920868635177612e-01
2.393920868635177612e-01
2.393920868635177612e-01
2.393920868635177612e-01
2.393920868635177612e-01
2.393920719623565674e-01
2.393920421600341797e-01
2.393920868635177612e-01
2.393920719623565674e-01
2.393920868635177612e-01
2.393920719623565674e-01
2.393920123577117920e-01
2.393920719623565674e-01
2.393919676542282104e-01
2.393919974565505981e-01
2.393919676542282104e-01
2.393919676542282104e-01
2.393919676542282104e-01
2.393919676542282104e-01
2.393919676542282104e-01
2.393919378519058228e-01
2.393919974565505981e-01
2.393919378519058228e-01
2.393919378519058228e-01
2.393919378519058228e-01
2.393919229507446289e-01
2.393919229507446289e-01
2.393918931484222412e-01
2.393918633460998535e-01
2.393918633460998535e-01
2.393918633460998535e-01
2.393918931484222412e-01
2.393918931484222412e-01
2.393918931484222412e-01
2.393918931484222412e-01
2.393918931484222412e-01
2.393918931484222412e-01
2.393918484449386597e-01
2.393918484449386597e-01
2.393918186426162720e-01
2.393918484449386597e-01
2.393918484449386597e-01
2.393918037414550781e-01
2.393917441368103027e-01
2.393917441368103027e-01
2.393918037414550781e-01
2.393918037414550781e-01
2.393917441368103027e-01
2.393917441368103027e-01
2.393917292356491089e-01
2.393916994333267212e-01
2.393917441368103027e-01
2.393917292356491089e-01
2.393916994333267212e-01
2.393916696310043335e-01
2.393916994333267212e-01
2.393916994333267212e-01
2.393916547298431396e-01
2.393916696310043335e-01
2.393916994333267212e-01
2.393916994333267212e-01
2.393916547298431396e-01
2.393916696310043335e-01
2.393916994333267212e-01
2.393916696310043335e-01
2.393916547298431396e-01
2.393916547298431396e-01
2.393916547298431396e-01
2.393916547298431396e-01
2.393915951251983643e-01
2.393916249275207520e-01
2.393915951251983643e-01
2.393915951251983643e-01
2.393915951251983643e-01
2.393915504217147827e-01
2.393915504217147827e-01
2.393915802240371704e-01
2.393915802240371704e-01
2.393915802240371704e-01
2.393915504217147827e-01
2.393915802240371704e-01
2.393915802240371704e-01
2.393915504217147827e-01
2.393915355205535889e-01
2.393915057182312012e-01
2.393915057182312012e-01
2.393914759159088135e-01
2.393915057182312012e-01
2.393915355205535889e-01
2.393914759159088135e-01
2.393914759159088135e-01
2.393915057182312012e-01
2.393914759159088135e-01
2.393914759159088135e-01
2.393914759159088135e-01
2.393914610147476196e-01
2.393914759159088135e-01
2.393914610147476196e-01
2.393914610147476196e-01
2.393914014101028442e-01
2.393914014101028442e-01
2.393913865089416504e-01
2.393914014101028442e-01
2.393914014101028442e-01
2.393913865089416504e-01
2.393913567066192627e-01
2.393914014101028442e-01
2.393914014101028442e-01
2.393914014101028442e-01
2.393913567066192627e-01
2.393913269042968750e-01
2.393913269042968750e-01
2.393913120031356812e-01
2.393913120031356812e-01
2.393913120031356812e-01
2.393913120031356812e-01
2.393913269042968750e-01
2.393913120031356812e-01
2.393913120031356812e-01
2.393912822008132935e-01
2.393912822008132935e-01
2.393912523984909058e-01
2.393912523984909058e-01
2.393912374973297119e-01
2.393912374973297119e-01
2.393912523984909058e-01
2.393912374973297119e-01
2.393912076950073242e-01
2.393912374973297119e-01
2.393912374973297119e-01
2.393912076950073242e-01
2.393912374973297119e-01
2.393912076950073242e-01
2.393912076950073242e-01
2.393912076950073242e-01
2.393911629915237427e-01
2.393911629915237427e-01
2.393911331892013550e-01
2.393911927938461304e-01
2.393911629915237427e-01
2.393911331892013550e-01
2.393911331892013550e-01
2.393911182880401611e-01
2.393911182880401611e-01
2.393911182880401611e-01
2.393910884857177734e-01
2.393910586833953857e-01
2.393910884857177734e-01
2.393910586833953857e-01
2.393911182880401611e-01
2.393911182880401611e-01
2.393910884857177734e-01
2.393910884857177734e-01
2.393910437822341919e-01
2.393910437822341919e-01
2.393910437822341919e-01
2.393910437822341919e-01
2.393910139799118042e-01
2.393910139799118042e-01
2.393910139799118042e-01
2.393910437822341919e-01
2.393910139799118042e-01
2.393910139799118042e-01
2.393909692764282227e-01
2.393909394741058350e-01
2.393910139799118042e-01
2.393909841775894165e-01
2.393910437822341919e-01
2.393909692764282227e-01
2.393909841775894165e-01
2.393909692764282227e-01
2.393909394741058350e-01
2.393909245729446411e-01
2.393908947706222534e-01
2.393908649682998657e-01
2.393908947706222534e-01
2.393908947706222534e-01
2.393908947706222534e-01
2.393908649682998657e-01
2.393908649682998657e-01
2.393908500671386719e-01
2.393908649682998657e-01
2.393908500671386719e-01
2.393908649682998657e-01
2.393908500671386719e-01
2.393907904624938965e-01
2.393908202648162842e-01
2.393908202648162842e-01
2.393908202648162842e-01
2.393908202648162842e-01
2.393908202648162842e-01
2.393907904624938965e-01
2.393907904624938965e-01
2.393907457590103149e-01
2.393907457590103149e-01
2.393907159566879272e-01
2.393907159566879272e-01
2.393907159566879272e-01
2.393907755613327026e-01
2.393907457590103149e-01
2.393907159566879272e-01
2.393906712532043457e-01
2.393907159566879272e-01
2.393907457590103149e-01
2.393907159566879272e-01
2.393907010555267334e-01
2.393906712532043457e-01
2.393906712532043457e-01
2.393907010555267334e-01
2.393906563520431519e-01
2.393906712532043457e-01
2.393906563520431519e-01
2.393906563520431519e-01
2.393906712532043457e-01
2.393906563520431519e-01
2.393906265497207642e-01
2.393906563520431519e-01
2.393906265497207642e-01
2.393905818462371826e-01
2.393905818462371826e-01
2.393905818462371826e-01
2.393905818462371826e-01
2.393905818462371826e-01
2.393905520439147949e-01
2.393905520439147949e-01
2.393905520439147949e-01
2.393905222415924072e-01
2.393905222415924072e-01
2.393905222415924072e-01
2.393905222415924072e-01
2.393905222415924072e-01
2.393905073404312134e-01
2.393905073404312134e-01
