2.108960747718811035e-01
2.108960747718811035e-01
2.108960449695587158e-01
2.108960151672363281e-01
2.108960002660751343e-01
2.108959704637527466e-01
2.108959704637527466e-01
2.108958959579467773e-01
2.108958959579467773e-01
2.108958810567855835e-01
2.108958512544631958e-01
2.108958214521408081e-01
2.108957767486572266e-01
2.108957469463348389e-01
2.108957320451736450e-01
2.108957022428512573e-01
2.108957022428512573e-01
2.108956724405288696e-01
2.108956575393676758e-01
2.108956277370452881e-01
2.108956128358840942e-01
2.108955830335617065e-01
2.108955383300781250e-01
2.108955532312393188e-01
2.108955383300781250e-01
2.108955085277557373e-01
2.108954638242721558e-01
2.108954042196273804e-01
2.108954042196273804e-01
2.108953893184661865e-01
2.108953148126602173e-01
2.108953297138214111e-01
2.108953148126602173e-01
2.108953148126602173e-01
2.108952701091766357e-01
2.108952403068542480e-01
2.108952403068542480e-01
2.108951658010482788e-01
2.108951359987258911e-01
2.108951359987258911e-01
2.108950912952423096e-01
2.108950614929199219e-01
2.108950465917587280e-01
2.108950614929199219e-01
2.108950018882751465e-01
2.108950018882751465e-01
2.108949720859527588e-01
2.108949720859527588e-01
2.108949273824691772e-01
2.108948975801467896e-01
2.108948677778244019e-01
2.108948230743408203e-01
2.108948230743408203e-01
2.108947932720184326e-01
2.108947932720184326e-01
2.108947485685348511e-01
2.108947038650512695e-01
2.108946591615676880e-01
2.108946293592453003e-01
2.108946293592453003e-01
2.108945995569229126e-01
2.108945846557617188e-01
2.108945250511169434e-01
2.108945250511169434e-01
2.108945548534393311e-01
2.108945101499557495e-01
2.108945101499557495e-01
2.108944654464721680e-01
2.108944356441497803e-01
2.108944356441497803e-01
2.108943909406661987e-01
2.108943611383438110e-01
2.108943313360214233e-01
2.108943164348602295e-01
2.108942568302154541e-01
2.108942568302154541e-01
2.108942419290542603e-01
2.108942419290542603e-01
2.108941823244094849e-01
2.108941674232482910e-01
2.108941227197647095e-01
2.108940929174423218e-01
2.108940631151199341e-01
2.108940482139587402e-01
2.108940184116363525e-01
2.108939886093139648e-01
2.108939737081527710e-01
2.108939439058303833e-01
2.108939141035079956e-01
2.108938992023468018e-01
2.108938544988632202e-01
2.108938544988632202e-01
2.108938544988632202e-01
2.108938246965408325e-01
2.108937948942184448e-01
2.108937799930572510e-01
2.108937203884124756e-01
2.108937054872512817e-01
2.108936756849288940e-01
2.108936756849288940e-01
2.108936011791229248e-01
2.108935862779617310e-01
2.108935564756393433e-01
2.108935564756393433e-01
2.108935266733169556e-01
2.108934521675109863e-01
2.108934521675109863e-01
2.108934521675109863e-01
2.108934372663497925e-01
2.108934074640274048e-01
2.108933776617050171e-01
2.108933776617050171e-01
2.108933627605438232e-01
2.108933329582214355e-01
2.108932882547378540e-01
2.108932584524154663e-01
2.108932435512542725e-01
2.108932137489318848e-01
2.108931839466094971e-01
2.108931392431259155e-01
2.108931392431259155e-01
2.108930945396423340e-01
2.108930647373199463e-01
2.108930945396423340e-01
2.108930647373199463e-01
2.108930200338363647e-01
2.108930200338363647e-01
2.108929753303527832e-01
2.108929753303527832e-01
2.108929455280303955e-01
2.108929008245468140e-01
2.108929008245468140e-01
2.108928710222244263e-01
2.108927965164184570e-01
2.108927965164184570e-01
2.108927965164184570e-01
2.108927667140960693e-01
2.108927071094512939e-01
2.108927071094512939e-01
2.108926773071289062e-01
2.108926475048065186e-01
2.108926326036453247e-01
2.108926326036453247e-01
2.108925580978393555e-01
2.108925729990005493e-01
2.108925282955169678e-01
2.108924984931945801e-01
2.108924537897109985e-01
2.108924835920333862e-01
2.108924537897109985e-01
2.108924090862274170e-01
2.108923345804214478e-01
2.108923345804214478e-01
2.108923345804214478e-01
2.108923047780990601e-01
2.108922898769378662e-01
2.108922600746154785e-01
2.108922302722930908e-01
2.108922153711318970e-01
2.108921855688095093e-01
2.108921408653259277e-01
2.108921110630035400e-01
2.108920961618423462e-01
2.108920961618423462e-01
2.108920365571975708e-01
2.108920365571975708e-01
2.108920216560363770e-01
2.108919918537139893e-01
2.108919620513916016e-01
2.108919471502304077e-01
2.108919173479080200e-01
2.108918875455856323e-01
2.108918726444244385e-01
2.108918428421020508e-01
2.108918279409408569e-01
2.108917683362960815e-01
2.108917683362960815e-01
2.108917534351348877e-01
2.108916938304901123e-01
2.108916789293289185e-01
2.108916789293289185e-01
2.108916491270065308e-01
2.108916491270065308e-01
2.108916044235229492e-01
2.108915746212005615e-01
2.108915746212005615e-01
2.108915597200393677e-01
2.108914852142333984e-01
2.108914554119110107e-01
2.108914554119110107e-01
2.108914554119110107e-01
2.108914107084274292e-01
2.108913511037826538e-01
2.108913511037826538e-01
2.108913064002990723e-01
2.108912914991378784e-01
2.108912914991378784e-01
2.108912914991378784e-01
2.108912318944931030e-01
2.108912169933319092e-01
2.108911871910095215e-01
2.108911573886871338e-01
2.108911424875259399e-01
2.108910828828811646e-01
2.108910828828811646e-01
2.108910679817199707e-01
2.108910083770751953e-01
2.108909636735916138e-01
2.108909934759140015e-01
2.108909934759140015e-01
2.108909636735916138e-01
2.108909487724304199e-01
2.108908742666244507e-01
2.108908146619796753e-01
2.108908444643020630e-01
2.108908146619796753e-01
2.108908146619796753e-01
2.108907699584960938e-01
2.108907252550125122e-01
2.108906805515289307e-01
2.108906805515289307e-01
2.108906507492065430e-01
2.108906507492065430e-01
2.108906209468841553e-01
2.108906060457229614e-01
2.108906060457229614e-01
2.108905464410781860e-01
2.108905017375946045e-01
2.108905315399169922e-01
2.108904719352722168e-01
2.108904570341110229e-01
2.108904570341110229e-01
2.108904123306274414e-01
2.108903825283050537e-01
2.108903378248214722e-01
2.108903080224990845e-01
2.108903080224990845e-01
2.108902633190155029e-01
2.108902335166931152e-01
2.108902633190155029e-01
2.108902037143707275e-01
2.108902037143707275e-01
2.108901590108871460e-01
2.108901441097259521e-01
2.108901143074035645e-01
2.108900845050811768e-01
2.108900398015975952e-01
2.108900696039199829e-01
2.108900696039199829e-01
2.108900099992752075e-01
2.108899652957916260e-01
2.108899354934692383e-01
2.108899205923080444e-01
2.108898907899856567e-01
2.108898609876632690e-01
2.108898460865020752e-01
2.108898162841796875e-01
2.108897715806961060e-01
2.108897715806961060e-01
2.108897417783737183e-01
2.108897417783737183e-01
2.108896970748901367e-01
2.108896672725677490e-01
2.108896523714065552e-01
2.108895927667617798e-01
2.108895927667617798e-01
2.108895778656005859e-01
2.108895480632781982e-01
2.108895331621170044e-01
2.108894735574722290e-01
2.108894735574722290e-01
2.108894288539886475e-01
2.108893990516662598e-01
2.108893841505050659e-01
2.108893990516662598e-01
2.108893841505050659e-01
2.108893245458602905e-01
2.108893096446990967e-01
2.108892798423767090e-01
2.108892649412155151e-01
2.108892053365707397e-01
2.108892053365707397e-01
2.108891606330871582e-01
2.108891159296035767e-01
2.108891308307647705e-01
2.108890861272811890e-01
2.108890563249588013e-01
2.108890563249588013e-01
2.108890116214752197e-01
2.108890116214752197e-01
2.108889669179916382e-01
2.108889371156692505e-01
2.108889222145080566e-01
2.108889222145080566e-01
2.108888924121856689e-01
2.108888626098632812e-01
2.108888477087020874e-01
2.108888179063796997e-01
2.108887881040573120e-01
2.108887732028961182e-01
2.108887135982513428e-01
2.108886688947677612e-01
2.108886688947677612e-01
2.108886241912841797e-01
2.108886241912841797e-01
2.108886241912841797e-01
2.108885794878005981e-01
2.108885496854782104e-01
2.108885496854782104e-01
2.108885198831558228e-01
2.108885049819946289e-01
2.108884453773498535e-01
2.108884006738662720e-01
2.108884006738662720e-01
2.108883857727050781e-01
2.108883559703826904e-01
2.108883261680603027e-01
2.108882814645767212e-01
2.108882814645767212e-01
2.108882367610931396e-01
2.108882367610931396e-01
2.108881771564483643e-01
2.108881622552871704e-01
2.108881324529647827e-01
2.108881324529647827e-01
2.108881324529647827e-01
2.108880579471588135e-01
2.108880579471588135e-01
2.108880430459976196e-01
2.108880132436752319e-01
2.108879685401916504e-01
2.108879685401916504e-01
2.108879387378692627e-01
2.108879387378692627e-01
2.108878940343856812e-01
2.108878642320632935e-01
2.108878344297409058e-01
2.108877897262573242e-01
2.108877897262573242e-01
2.108877748250961304e-01
2.108877450227737427e-01
2.108877003192901611e-01
2.108876705169677734e-01
2.108876705169677734e-01
2.108876407146453857e-01
2.108875960111618042e-01
2.108875960111618042e-01
2.108875662088394165e-01
2.108875513076782227e-01
2.108875215053558350e-01
2.108874768018722534e-01
2.108875066041946411e-01
2.108874469995498657e-01
2.108874320983886719e-01
2.108874022960662842e-01
2.108874022960662842e-01
2.108873575925827026e-01
2.108872979879379272e-01
2.108872979879379272e-01
2.108872830867767334e-01
2.108872830867767334e-01
2.108872383832931519e-01
2.108872085809707642e-01
2.108871787786483765e-01
2.108871638774871826e-01
2.108871042728424072e-01
2.108870893716812134e-01
2.108871042728424072e-01
2.108870297670364380e-01
2.108870148658752441e-01
2.108870148658752441e-01
2.108869701623916626e-01
2.108869850635528564e-01
2.108869105577468872e-01
2.108869105577468872e-01
2.108868956565856934e-01
2.108868360519409180e-01
2.108868211507797241e-01
2.108867913484573364e-01
2.108867615461349487e-01
2.108867466449737549e-01
2.108866870403289795e-01
2.108866870403289795e-01
2.108866721391677856e-01
2.108866423368453979e-01
2.108866423368453979e-01
2.108865976333618164e-01
2.108865678310394287e-01
2.108865529298782349e-01
2.108865529298782349e-01
2.108865231275558472e-01
2.108864933252334595e-01
2.108864784240722656e-01
2.108864188194274902e-01
2.108864188194274902e-01
2.108864188194274902e-01
2.108864039182662964e-01
2.108863294124603271e-01
2.108863294124603271e-01
2.108862996101379395e-01
2.108862847089767456e-01
2.108862251043319702e-01
2.108862102031707764e-01
2.108861804008483887e-01
2.108861356973648071e-01
2.108861356973648071e-01
2.108860909938812256e-01
2.108860909938812256e-01
2.108860909938812256e-01
2.108860611915588379e-01
2.108860313892364502e-01
2.108860313892364502e-01
2.108859866857528687e-01
2.108859568834304810e-01
2.108859121799468994e-01
2.108859121799468994e-01
2.108858674764633179e-01
2.108858376741409302e-01
2.108858376741409302e-01
2.108857929706573486e-01
2.108857631683349609e-01
2.108857631683349609e-01
2.108857184648513794e-01
2.108856886625289917e-01
2.108856886625289917e-01
2.108856439590454102e-01
2.108855992555618286e-01
2.108855992555618286e-01
2.108855694532394409e-01
2.108855247497558594e-01
2.108855247497558594e-01
2.108855396509170532e-01
2.108854949474334717e-01
2.108854800462722778e-01
2.108854502439498901e-01
2.108854204416275024e-01
2.108854055404663086e-01
2.108853459358215332e-01
2.108853459358215332e-01
2.108853310346603394e-01
2.108853012323379517e-01
2.108852714300155640e-01
2.108852267265319824e-01
2.108852118253707886e-01
2.108851820230484009e-01
2.108851820230484009e-01
2.108851522207260132e-01
2.108851075172424316e-01
2.108851075172424316e-01
2.108850628137588501e-01
2.108850628137588501e-01
2.108850032091140747e-01
2.108849436044692993e-01
2.108849585056304932e-01
2.108849585056304932e-01
2.108849138021469116e-01
2.108849138021469116e-01
2.108848839998245239e-01
2.108848392963409424e-01
2.108848392963409424e-01
2.108847945928573608e-01
2.108847647905349731e-01
2.108847200870513916e-01
2.108847200870513916e-01
2.108846902847290039e-01
2.108846902847290039e-01
2.108846753835678101e-01
2.108846455812454224e-01
2.108846157789230347e-01
2.108846008777618408e-01
2.108845710754394531e-01
2.108845710754394531e-01
2.108845263719558716e-01
2.108844518661499023e-01
2.108844667673110962e-01
2.108844518661499023e-01
2.108844220638275146e-01
2.108843922615051270e-01
2.108843773603439331e-01
2.108843326568603516e-01
2.108843326568603516e-01
2.108842730522155762e-01
2.108842730522155762e-01
2.108842283487319946e-01
2.108841985464096069e-01
2.108841985464096069e-01
2.108841538429260254e-01
2.108841240406036377e-01
2.108841091394424438e-01
2.108841091394424438e-01
2.108840793371200562e-01
2.108840346336364746e-01
2.108840346336364746e-01
2.108840048313140869e-01
2.108840048313140869e-01
2.108839899301528931e-01
2.108839154243469238e-01
2.108839154243469238e-01
2.108838856220245361e-01
2.108838409185409546e-01
