1.132437307387590408e-02
1.132436655461788177e-02
1.132436096668243408e-02
1.132435537874698639e-02
1.132435072213411331e-02
1.132434606552124023e-02
1.132433861494064331e-02
1.132433209568262100e-02
1.132432743906974792e-02
1.132432371377944946e-02
1.132431533187627792e-02
1.132430881261825562e-02
1.132430415600538254e-02
1.132429856806993484e-02
1.132429391145706177e-02
1.132428552955389023e-02
1.132428087294101715e-02
1.132427714765071869e-02
1.132426876574754715e-02
1.132426224648952484e-02
1.132425758987665176e-02
1.132425107061862946e-02
1.132424641400575638e-02
1.132423989474773407e-02
1.132423151284456253e-02
1.132422778755426407e-02
1.132422219961881638e-02
1.132421847432851791e-02
1.132421009242534637e-02
1.132420450448989868e-02
1.132419984787702560e-02
1.132419332861900330e-02
1.132418587803840637e-02
1.132418122142553329e-02
1.132417563349008560e-02
1.132416911423206329e-02
1.132416259497404099e-02
1.132415793836116791e-02
1.132415235042572021e-02
1.132414583116769791e-02
1.132414024323225021e-02
1.132413372397422791e-02
1.132412906736135483e-02
1.132412347942590714e-02
1.132411696016788483e-02
1.132411230355501175e-02
1.132410392165184021e-02
1.132410019636154175e-02
1.132409460842609406e-02
1.132408715784549713e-02
1.132408250123262405e-02
1.132407505065202713e-02
1.132407132536172867e-02
1.132406573742628098e-02
1.132405921816825867e-02
1.132405363023281097e-02
1.132404711097478867e-02
1.132404152303934097e-02
1.132403686642646790e-02
1.132403220981359482e-02
1.132402196526527405e-02
1.132401637732982635e-02
1.132401358336210251e-02
1.132400892674922943e-02
1.132400240749120712e-02
1.132399495691061020e-02
1.132399030029773712e-02
1.132398471236228943e-02
1.132397819310426712e-02
1.132397260516881943e-02
1.132396608591079712e-02
1.132396049797534943e-02
1.132395304739475250e-02
1.132394932210445404e-02
1.132394187152385712e-02
1.132393628358840942e-02
1.132393069565296173e-02
1.132392417639493942e-02
1.132391858845949173e-02
1.132391393184661865e-02
1.132390741258859634e-02
1.132390089333057404e-02
1.132389530539512634e-02
1.132389064878225327e-02
1.132388506084680557e-02
1.132387667894363403e-02
1.132387202233076096e-02
1.132386736571788788e-02
1.132386177778244019e-02
1.132385525852441788e-02
1.132385060191154480e-02
1.132384501397609711e-02
1.132383756339550018e-02
1.132383290678262711e-02
1.132382638752460480e-02
1.132382079958915710e-02
1.132381334900856018e-02
1.132380869239568710e-02
1.132380496710538864e-02
1.132379751652479172e-02
1.132379099726676941e-02
1.132378727197647095e-02
1.132378075271844864e-02
1.132377330213785172e-02
1.132376678287982941e-02
1.132376305758953094e-02
1.132375746965408325e-02
1.132375374436378479e-02
1.132374443113803864e-02
1.132373977452516556e-02
1.132373511791229248e-02
1.132372859865427017e-02
1.132372114807367325e-02
1.132371649146080017e-02
1.132370997220277786e-02
1.132370438426733017e-02
1.132369972765445709e-02
1.132369320839643478e-02
1.132368668913841248e-02
1.132368110120296478e-02
1.132367644459009171e-02
1.132366992533206940e-02
1.132366433739662170e-02
1.132365874946117401e-02
1.132365223020315170e-02
1.132364757359027863e-02
1.132364105433225632e-02
1.132363639771938324e-02
1.132362801581621170e-02
1.132362335920333862e-02
1.132361777126789093e-02
1.132361218333244324e-02
1.132360566407442093e-02
1.132359914481639862e-02
1.132359448820352554e-02
1.132358890026807785e-02
1.132358238101005554e-02
1.132357772439718246e-02
1.132357213646173477e-02
1.132356375455856323e-02
1.132356002926826477e-02
1.132355444133281708e-02
1.132354792207479477e-02
1.132354326546192169e-02
1.132353581488132477e-02
1.132353022694587708e-02
1.132352557033300400e-02
1.132352184504270554e-02
1.132351253181695938e-02
1.132350787520408630e-02
1.132350042462348938e-02
1.132349669933319092e-02
1.132348924875259399e-02
1.132348366081714630e-02
1.132347900420427322e-02
1.132347434759140015e-02
1.132346782833337784e-02
1.132346224039793015e-02
1.132345572113990784e-02
1.132345013320446014e-02
1.132344454526901245e-02
1.132343709468841553e-02
1.132343243807554245e-02
1.132342591881752014e-02
1.132342033088207245e-02
1.132341474294662476e-02
1.132340822368860245e-02
1.132340356707572937e-02
1.132339704781770706e-02
1.132339145988225937e-02
1.132338587194681168e-02
1.132338028401136398e-02
1.132337562739849091e-02
1.132336910814046860e-02
1.132336165755987167e-02
1.132335700094699860e-02
1.132335327565670013e-02
1.132334675639867783e-02
1.132333930581808090e-02
1.132333278656005859e-02
1.132332812994718552e-02
1.132332347333431244e-02
1.132331602275371552e-02
1.132331136614084244e-02
1.132330298423767090e-02
1.132329832762479782e-02
1.132329273968935013e-02
1.132328808307647705e-02
1.132328342646360397e-02
1.132327597588300705e-02
1.132326945662498474e-02
1.132326480001211166e-02
1.132325734943151474e-02
1.132325176149606705e-02
1.132324710488319397e-02
1.132324244827032089e-02
1.132323592901229858e-02
1.132322847843170166e-02
1.132322568446397781e-02
1.132322195917367935e-02
1.132321171462535858e-02
1.132320519536733627e-02
1.132320053875446320e-02
1.132319401949644089e-02
1.132318936288356781e-02
1.132318284362554550e-02
1.132317911833524704e-02
1.132316980510950089e-02
1.132316701114177704e-02
1.132316235452890396e-02
1.132315304130315781e-02
1.132314838469028473e-02
1.132314372807741165e-02
1.132313814014196396e-02
1.132313348352909088e-02
1.132312510162591934e-02
1.132311951369047165e-02
1.132311485707759857e-02
1.132310833781957626e-02
1.132310274988412857e-02
1.132309809327125549e-02
1.132308971136808395e-02
1.132308412343263626e-02
1.132308039814233780e-02
1.132307481020689011e-02
1.132306829094886780e-02
1.132306177169084549e-02
1.132305618375539780e-02
1.132305152714252472e-02
1.132304407656192780e-02
1.132304035127162933e-02
1.132303290069103241e-02
1.132302731275558472e-02
1.132301986217498779e-02
1.132301520556211472e-02
1.132301054894924164e-02
1.132300496101379395e-02
1.132299751043319702e-02
1.132299285382032394e-02
1.132298540323972702e-02
1.132298167794942856e-02
1.132297329604625702e-02
1.132296584546566010e-02
1.132296305149793625e-02
1.132295839488506317e-02
1.132295187562704086e-02
1.132294535636901855e-02
1.132293883711099625e-02
1.132293511182069778e-02
1.132292952388525009e-02
1.132292207330465317e-02
1.132291834801435471e-02
1.132291182875633240e-02
1.132290344685316086e-02
1.132289879024028778e-02
1.132289599627256393e-02
1.132288854569196701e-02
1.132288109511137009e-02
1.132287550717592239e-02
1.132287178188562393e-02
1.132286339998245239e-02
1.132285874336957932e-02
1.132285222411155701e-02
1.132284849882125854e-02
1.132284104824066162e-02
1.132283546030521393e-02
1.132282987236976624e-02
1.132282335311174393e-02
1.132281869649887085e-02
1.132281310856342316e-02
1.132280752062797546e-02
1.132280007004737854e-02
1.132279541343450546e-02
1.132278982549905777e-02
1.132278330624103546e-02
1.132277678698301315e-02
1.132277306169271469e-02
1.132276747375726700e-02
1.132275909185409546e-02
1.132275350391864777e-02
1.132274977862834930e-02
1.132274512201547623e-02
1.132273674011230469e-02
1.132273022085428238e-02
1.132272463291883469e-02
1.132271997630596161e-02
1.132271438837051392e-02
1.132270973175764084e-02
1.132270321249961853e-02
1.132269576191902161e-02
1.132269110530614853e-02
1.132268644869327545e-02
1.132268086075782776e-02
1.132267154753208160e-02
1.132266782224178314e-02
1.132266409695148468e-02
1.132265571504831314e-02
1.132265012711286545e-02
1.132264453917741776e-02
1.132263895124197006e-02
1.132263243198394775e-02
1.132262591272592545e-02
1.132262311875820160e-02
1.132261659950017929e-02
1.132260914891958237e-02
1.132260356098413467e-02
1.132259704172611237e-02
1.132259331643581390e-02
1.132258772850036621e-02
1.132258027791976929e-02
1.132257562130689621e-02
1.132257003337144852e-02
1.132256351411342621e-02
1.132255978882312775e-02
1.132255140691995621e-02
1.132254488766193390e-02
1.132254116237163544e-02
1.132253557443618774e-02
1.132252812385559082e-02
1.132252346724271774e-02
1.132251787930727005e-02
1.132251322269439697e-02
1.132250484079122543e-02
1.132250111550092697e-02
1.132249459624290466e-02
1.132248900830745697e-02
1.132248248904943466e-02
1.132247690111398697e-02
1.132247131317853928e-02
1.132246665656566620e-02
1.132245827466249466e-02
1.132245361804962158e-02
1.132244896143674850e-02
1.132244244217872620e-02
1.132243685424327850e-02
1.132242940366268158e-02
1.132242567837238312e-02
1.132242009043693542e-02
1.132241263985633850e-02
1.132240798324346542e-02
1.132240239530801773e-02
1.132239680737257004e-02
1.132239028811454773e-02
1.132238470017910004e-02
1.132238004356622696e-02
1.132237352430820465e-02
1.132236793637275696e-02
1.132236048579216003e-02
1.132235676050186157e-02
1.132235210388898849e-02
1.132234465330839157e-02
1.132233813405036926e-02
1.132233161479234695e-02
1.132232788950204849e-02
1.132232230156660080e-02
1.132231485098600388e-02
1.132231019437313080e-02
1.132230460643768311e-02
1.132229808717966080e-02
1.132229249924421310e-02
1.132228784263134003e-02
1.132228132337331772e-02
1.132227573543787003e-02
1.132226921617984772e-02
1.132226362824440002e-02
1.132225804030895233e-02
1.132225152105093002e-02
1.132224407047033310e-02
1.132223941385746002e-02
1.132223568856716156e-02
1.132223010063171387e-02
1.132222358137369156e-02
1.132221799343824387e-02
1.132221240550279617e-02
1.132220588624477386e-02
1.132220122963190079e-02
1.132219377905130386e-02
1.132218819111585617e-02
1.132218353450298309e-02
1.132217608392238617e-02
1.132217235863208771e-02
1.132216397672891617e-02
1.132215838879346848e-02
1.132215373218059540e-02
1.132214814424514771e-02
1.132214162498712540e-02
1.132213510572910309e-02
1.132213044911623001e-02
1.132212486118078232e-02
1.132211927324533463e-02
1.132211275398731232e-02
1.132210809737443924e-02
1.132210157811641693e-02
1.132209599018096924e-02
1.132209133356809616e-02
1.132208295166492462e-02
1.132207829505205154e-02
1.132207270711660385e-02
1.132206711918115616e-02
1.132206153124570847e-02
1.132205780595541000e-02
1.132205035537481308e-02
1.132204476743936539e-02
1.132203917950391769e-02
1.132203172892332077e-02
1.132202614098787308e-02
1.132202148437500000e-02
1.132201403379440308e-02
1.132200937718153000e-02
1.132200192660093307e-02
1.132199633866548538e-02
1.132199075073003769e-02
1.132198609411716461e-02
1.132198143750429153e-02
1.132197491824626923e-02
1.132196839898824692e-02
1.132196187973022461e-02
1.132195722311735153e-02
1.132195163518190384e-02
1.132194697856903076e-02
1.132193952798843384e-02
1.132193394005298615e-02
1.132192928344011307e-02
1.132192183285951614e-02
1.132191810756921768e-02
1.132191065698862076e-02
1.132190600037574768e-02
1.132189854979515076e-02
1.132189296185970306e-02
1.132188923656940460e-02
1.132188271731138229e-02
1.132187526673078537e-02
1.132187154144048691e-02
1.132186502218246460e-02
1.132186129689216614e-02
1.132185198366641998e-02
1.132184732705354691e-02
1.132184360176324844e-02
1.132183615118265152e-02
1.132182963192462921e-02
1.132182311266660690e-02
1.132181845605373383e-02
1.132181286811828613e-02
1.132180634886026382e-02
1.132179982960224152e-02
1.132179610431194305e-02
1.132178865373134613e-02
1.132178492844104767e-02
1.132177840918302536e-02
1.132177375257015228e-02
1.132176723331212997e-02
1.132176071405410767e-02
1.132175512611865997e-02
1.132174953818321228e-02
1.132174488157033920e-02
1.132173743098974228e-02
1.132173184305429459e-02
1.132172625511884689e-02
1.132172252982854843e-02
1.132171601057052612e-02
1.132170855998992920e-02
1.132170297205448151e-02
1.132169645279645920e-02
1.132169272750616074e-02
1.132168434560298920e-02
1.132167968899011612e-02
1.132167503237724304e-02
1.132166944444179535e-02
1.132166478782892227e-02
1.132165733724832535e-02
1.132165268063545227e-02
1.132164616137742996e-02
1.132164057344198227e-02
1.132163405418395996e-02
1.132162939757108688e-02
1.132162194699048996e-02
1.132161635905504227e-02
1.132160983979701996e-02
1.132160332053899765e-02
1.132159866392612457e-02
1.132159307599067688e-02
1.132158748805522919e-02
1.132158003747463226e-02
1.132157631218433380e-02
1.132156979292631149e-02
1.132156606763601303e-02
1.132155861705541611e-02
1.132155396044254303e-02
1.132154650986194611e-02
1.132154185324907303e-02
1.132153533399105072e-02
1.132152974605560303e-02
1.132152322679758072e-02
1.132151763886213303e-02
1.132151298224925995e-02
1.132150832563638687e-02
1.132150180637836456e-02
1.132149435579776764e-02
1.132148876786231995e-02
1.132148317992687225e-02
