1.797755062580108643e-01
1.797754168510437012e-01
1.797753423452377319e-01
1.797752827405929565e-01
1.797751635313034058e-01
1.797750890254974365e-01
1.797750145196914673e-01
1.797749400138854980e-01
1.797748506069183350e-01
1.797747910022735596e-01
1.797746866941452026e-01
1.797746121883392334e-01
1.797745376825332642e-01
1.797744631767272949e-01
1.797743886709213257e-01
1.797742694616317749e-01
1.797741651535034180e-01
1.797740757465362549e-01
1.797740161418914795e-01
1.797739267349243164e-01
1.797738522291183472e-01
1.797737926244735718e-01
1.797737032175064087e-01
1.797736287117004395e-01
1.797735542058944702e-01
1.797734349966049194e-01
1.797733455896377563e-01
1.797732710838317871e-01
1.797731965780258179e-01
1.797730922698974609e-01
1.797730177640914917e-01
1.797729730606079102e-01
1.797728836536407471e-01
1.797728091478347778e-01
1.797727346420288086e-01
1.797726303339004517e-01
1.797725856304168701e-01
1.797724664211273193e-01
1.797723919153213501e-01
1.797722727060317993e-01
1.797721982002258301e-01
1.797721385955810547e-01
1.797720789909362793e-01
1.797719895839691162e-01
1.797719001770019531e-01
1.797718256711959839e-01
1.797717213630676270e-01
1.797716319561004639e-01
1.797715723514556885e-01
1.797714978456497192e-01
1.797713935375213623e-01
1.797713190317153931e-01
1.797712445259094238e-01
1.797711849212646484e-01
1.797711104154586792e-01
1.797709912061691284e-01
1.797709167003631592e-01
1.797708272933959961e-01
1.797707229852676392e-01
1.797706633806228638e-01
1.797705888748168945e-01
1.797705143690109253e-01
1.797704100608825684e-01
1.797703057527542114e-01
1.797702610492706299e-01
1.797701716423034668e-01
1.797700673341751099e-01
1.797700077295303345e-01
1.797699034214019775e-01
1.797698438167572021e-01
1.797697544097900391e-01
1.797696650028228760e-01
1.797695755958557129e-01
1.797695010900497437e-01
1.797694265842437744e-01
1.797693371772766113e-01
1.797692626714706421e-01
1.797691881656646729e-01
1.797691136598587036e-01
1.797689944505691528e-01
1.797689348459243774e-01
1.797688603401184082e-01
1.797687709331512451e-01
1.797686517238616943e-01
1.797685921192169189e-01
1.797685474157333374e-01
1.797684282064437866e-01
1.797683537006378174e-01
1.797682791948318481e-01
1.797682195901870728e-01
1.797681152820587158e-01
1.797680556774139404e-01
1.797679662704467773e-01
1.797678768634796143e-01
1.797678172588348389e-01
1.797677278518676758e-01
1.797676533460617065e-01
1.797675341367721558e-01
1.797674596309661865e-01
1.797673851251602173e-01
1.797673404216766357e-01
1.797672361135482788e-01
1.797671616077423096e-01
1.797670722007751465e-01
1.797669827938079834e-01
1.797668933868408203e-01
1.797668188810348511e-01
1.797667294740676880e-01
1.797666549682617188e-01
1.797665506601333618e-01
1.797664910554885864e-01
1.797664314508438110e-01
1.797663271427154541e-01
1.797662079334259033e-01
1.797661632299423218e-01
1.797660589218139648e-01
1.797660142183303833e-01
1.797659397125244141e-01
1.797658354043960571e-01
1.797657757997512817e-01
1.797656565904617310e-01
1.797655820846557617e-01
1.797655224800109863e-01
1.797654330730438232e-01
1.797653585672378540e-01
1.797652840614318848e-01
1.797651797533035278e-01
1.797651052474975586e-01
1.797650307416915894e-01
1.797649562358856201e-01
1.797648519277572632e-01
1.797647774219512939e-01
1.797646582126617432e-01
1.797645986080169678e-01
1.797645241022109985e-01
1.797644346952438354e-01
1.797643452882766724e-01
1.797642856836318970e-01
1.797642111778259277e-01
1.797641068696975708e-01
1.797640323638916016e-01
1.797639429569244385e-01
1.797638684511184692e-01
1.797638237476348877e-01
1.797636896371841431e-01
1.797636300325393677e-01
1.797635406255722046e-01
1.797634512186050415e-01
1.797633767127990723e-01
1.797632873058319092e-01
1.797631829977035522e-01
1.797630935907363892e-01
1.797630190849304199e-01
1.797629594802856445e-01
1.797628700733184814e-01
1.797627955675125122e-01
1.797627210617065430e-01
1.797626465559005737e-01
1.797625571489334106e-01
1.797624677419662476e-01
1.797623783349990845e-01
1.797622591257095337e-01
1.797622144222259521e-01
1.797621399164199829e-01
1.797620654106140137e-01
1.797619760036468506e-01
1.797618716955184937e-01
1.797617971897125244e-01
1.797617226839065552e-01
1.797616183757781982e-01
1.797615736722946167e-01
1.797614991664886475e-01
1.797613799571990967e-01
1.797613352537155151e-01
1.797612607479095459e-01
1.797612011432647705e-01
1.797610819339752197e-01
1.797610074281692505e-01
1.797609180212020874e-01
1.797608137130737305e-01
1.797607243061065674e-01
1.797606498003005981e-01
1.797606199979782104e-01
1.797605156898498535e-01
1.797604262828826904e-01
1.797603219747543335e-01
1.797602623701095581e-01
1.797601729631423950e-01
1.797601133584976196e-01
1.797600388526916504e-01
1.797599494457244873e-01
1.797598451375961304e-01
1.797597706317901611e-01
1.797596961259841919e-01
1.797596216201782227e-01
1.797595322132110596e-01
1.797594577074050903e-01
1.797593683004379272e-01
1.797592937946319580e-01
1.797592043876647949e-01
1.797591000795364380e-01
1.797590404748916626e-01
1.797589659690856934e-01
1.797589063644409180e-01
1.797588169574737549e-01
1.797586977481842041e-01
1.797586381435394287e-01
1.797585189342498779e-01
1.797584891319274902e-01
1.797583699226379395e-01
1.797583252191543579e-01
1.797582209110260010e-01
1.797581613063812256e-01
1.797580718994140625e-01
1.797579824924468994e-01
1.797578930854797363e-01
1.797578185796737671e-01
1.797577440738677979e-01
1.797576695680618286e-01
1.797575801610946655e-01
1.797575056552886963e-01
1.797574162483215332e-01
1.797573417425155640e-01
1.797572821378707886e-01
1.797571778297424316e-01
1.797571033239364624e-01
1.797570437192916870e-01
1.797569394111633301e-01
1.797568649053573608e-01
1.797567605972290039e-01
1.797567009925842285e-01
1.797565966844558716e-01
1.797565072774887085e-01
1.797564327716827393e-01
1.797563433647155762e-01
1.797562837600708008e-01
1.797562241554260254e-01
1.797561049461364746e-01
1.797560155391693115e-01
1.797559559345245361e-01
1.797558665275573730e-01
1.797557771205902100e-01
1.797556877136230469e-01
1.797555983066558838e-01
1.797555238008499146e-01
1.797554492950439453e-01
1.797553747892379761e-01
1.797552555799484253e-01
1.797552108764648438e-01
1.797551065683364868e-01
1.797550320625305176e-01
1.797549575567245483e-01
1.797548532485961914e-01
1.797547936439514160e-01
1.797547191381454468e-01
1.797546297311782837e-01
1.797545701265335083e-01
1.797544658184051514e-01
1.797543764114379883e-01
1.797542721033096313e-01
1.797541975975036621e-01
1.797541081905364990e-01
1.797540336847305298e-01
1.797539591789245605e-01
1.797538846731185913e-01
1.797537654638290405e-01
1.797537058591842651e-01
1.797536313533782959e-01
1.797535568475723267e-01
1.797534972429275513e-01
1.797533929347991943e-01
1.797533184289932251e-01
1.797532588243484497e-01
1.797531545162200928e-01
1.797530502080917358e-01
1.797529757022857666e-01
1.797529011964797974e-01
1.797528266906738281e-01
1.797527372837066650e-01
1.797526329755783081e-01
1.797525435686111450e-01
1.797524839639663696e-01
1.797524094581604004e-01
1.797523200511932373e-01
1.797522157430648804e-01
1.797521412372589111e-01
1.797520816326141357e-01
1.797520071268081665e-01
1.797519028186798096e-01
1.797518283128738403e-01
1.797517687082290649e-01
1.797516793012619019e-01
1.797515600919723511e-01
1.797514855861663818e-01
1.797514110803604126e-01
1.797513514757156372e-01
1.797512918710708618e-01
1.797511875629425049e-01
1.797511279582977295e-01
1.797509938478469849e-01
1.797509342432022095e-01
1.797508746385574341e-01
1.797507852315902710e-01
1.797506958246231079e-01
1.797505915164947510e-01
1.797505170106887817e-01
1.797504574060440063e-01
1.797503530979156494e-01
1.797502636909484863e-01
1.797501891851425171e-01
1.797501444816589355e-01
1.797500550746917725e-01
1.797499805688858032e-01
1.797499060630798340e-01
1.797497868537902832e-01
1.797496974468231201e-01
1.797496527433395386e-01
1.797495782375335693e-01
1.797494441270828247e-01
1.797493994235992432e-01
1.797493249177932739e-01
1.797492504119873047e-01
1.797491461038589478e-01
1.797490417957305908e-01
1.797489672899246216e-01
1.797488927841186523e-01
1.797488033771514893e-01
1.797487288713455200e-01
1.797486543655395508e-01
1.797485798597335815e-01
1.797484904527664185e-01
1.797484308481216431e-01
1.797483712434768677e-01
1.797482371330261230e-01
1.797481626272201538e-01
1.797481030225753784e-01
1.797480136156082153e-01
1.797479093074798584e-01
1.797478497028350830e-01
1.797477602958679199e-01
1.797476261854171753e-01
1.797475516796112061e-01
1.797474920749664307e-01
1.797474175691604614e-01
1.797473430633544922e-01
1.797472536563873291e-01
1.797471642494201660e-01
1.797470897436141968e-01
1.797470003366470337e-01
1.797469258308410645e-01
1.797468513250350952e-01
1.797467768192291260e-01
1.797466725111007690e-01
1.797466129064559937e-01
1.797465384006500244e-01
1.797464638948440552e-01
1.797463893890380859e-01
1.797462999820709229e-01
1.797462254762649536e-01
1.797461360692977905e-01
1.797460764646530151e-01
1.797459721565246582e-01
1.797458678483963013e-01
1.797458082437515259e-01
1.797457039356231689e-01
1.797456592321395874e-01
1.797455698251724243e-01
1.797454804182052612e-01
1.797453910112380981e-01
1.797453463077545166e-01
1.797452270984649658e-01
1.797451376914978027e-01
1.797450929880142212e-01
1.797449886798858643e-01
1.797448992729187012e-01
1.797448247671127319e-01
1.797447502613067627e-01
1.797446459531784058e-01
1.797445714473724365e-01
1.797445118427276611e-01
1.797444075345993042e-01
1.797443330287933350e-01
1.797442585229873657e-01
1.797441393136978149e-01
1.797440499067306519e-01
1.797439754009246826e-01
1.797439157962799072e-01
1.797438412904739380e-01
1.797437518835067749e-01
1.797436326742172241e-01
1.797435730695724487e-01
1.797435134649276733e-01
1.797434389591217041e-01
1.797433346509933472e-01
1.797432899475097656e-01
1.797431856393814087e-01
1.797431111335754395e-01
1.797430217266082764e-01
1.797429323196411133e-01
1.797428727149963379e-01
1.797427535057067871e-01
1.797426789999008179e-01
1.797425895929336548e-01
1.797425150871276855e-01
1.797424405813217163e-01
1.797423362731933594e-01
1.797422915697097778e-01
1.797422319650650024e-01
1.797421276569366455e-01
1.797420531511306763e-01
1.797419637441635132e-01
1.797418743371963501e-01
1.797417998313903809e-01
1.797417253255844116e-01
1.797416657209396362e-01
1.797415465116500854e-01
1.797414869070053101e-01
1.797414124011993408e-01
1.797413378953933716e-01
1.797412484884262085e-01
1.797411441802978516e-01
1.797410547733306885e-01
1.797409951686859131e-01
1.797409057617187500e-01
1.797408312559127808e-01
1.797407269477844238e-01
1.797406524419784546e-01
1.797405630350112915e-01
1.797404736280441284e-01
1.797403991222381592e-01
1.797403246164321899e-01
1.797402501106262207e-01
1.797401309013366699e-01
1.797400563955307007e-01
1.797400116920471191e-01
1.797399222850799561e-01
1.797398179769515991e-01
1.797397583723068237e-01
1.797397136688232422e-01
1.797395944595336914e-01
1.797395199537277222e-01
1.797394305467605591e-01
1.797393411397933960e-01
1.797392517328262329e-01
1.797391623258590698e-01
1.797391176223754883e-01
1.797390431165695190e-01
1.797389686107635498e-01
1.797388494014739990e-01
1.797387748956680298e-01
1.797387152910232544e-01
1.797385960817337036e-01
1.797385513782501221e-01
1.797384470701217651e-01
1.797384172677993774e-01
1.797382980585098267e-01
1.797382235527038574e-01
1.797381043434143066e-01
1.797380000352859497e-01
1.797379553318023682e-01
1.797378957271575928e-01
1.797377616167068481e-01
1.797377020120620728e-01
1.797376275062561035e-01
1.797375380992889404e-01
1.797374635934829712e-01
1.797374337911605835e-01
1.797373294830322266e-01
1.797372400760650635e-01
1.797371059656143188e-01
1.797370612621307373e-01
1.797370016574859619e-01
1.797369420528411865e-01
1.797368228435516357e-01
1.797367632389068604e-01
1.797366440296173096e-01
1.797365546226501465e-01
1.797364801168441772e-01
1.797364205121994019e-01
1.797363013029098511e-01
1.797362565994262695e-01
1.797361820936203003e-01
1.797360628843307495e-01
1.797360181808471680e-01
1.797359287738800049e-01
1.797358244657516479e-01
1.797357350587844849e-01
1.797356605529785156e-01
1.797355860471725464e-01
1.797354966402053833e-01
1.797353923320770264e-01
1.797353476285934448e-01
1.797352582216262817e-01
1.797351986169815063e-01
1.797351390123367310e-01
1.797350198030471802e-01
1.797349452972412109e-01
1.797348558902740479e-01
1.797347813844680786e-01
1.797346919775009155e-01
