2.299309521913528442e-01
2.299309521913528442e-01
2.299309074878692627e-01
2.299309074878692627e-01
2.299309372901916504e-01
2.299309372901916504e-01
2.299308627843856812e-01
2.299308627843856812e-01
2.299308627843856812e-01
2.299308329820632935e-01
2.299308329820632935e-01
2.299308627843856812e-01
2.299308329820632935e-01
2.299308329820632935e-01
2.299308329820632935e-01
2.299308031797409058e-01
2.299308329820632935e-01
2.299307882785797119e-01
2.299307584762573242e-01
2.299307584762573242e-01
2.299307435750961304e-01
2.299307584762573242e-01
2.299307584762573242e-01
2.299307882785797119e-01
2.299307882785797119e-01
2.299307882785797119e-01
2.299307584762573242e-01
2.299307584762573242e-01
2.299307584762573242e-01
2.299307584762573242e-01
2.299307435750961304e-01
2.299307435750961304e-01
2.299307584762573242e-01
2.299307435750961304e-01
2.299307137727737427e-01
2.299306839704513550e-01
2.299306690692901611e-01
2.299306392669677734e-01
2.299306094646453857e-01
2.299306392669677734e-01
2.299306392669677734e-01
2.299305945634841919e-01
2.299306094646453857e-01
2.299306094646453857e-01
2.299306094646453857e-01
2.299305647611618042e-01
2.299305945634841919e-01
2.299305945634841919e-01
2.299305647611618042e-01
2.299305349588394165e-01
2.299305647611618042e-01
2.299305200576782227e-01
2.299305349588394165e-01
2.299305200576782227e-01
2.299305349588394165e-01
2.299305647611618042e-01
2.299305349588394165e-01
2.299305200576782227e-01
2.299305200576782227e-01
2.299304753541946411e-01
2.299304753541946411e-01
2.299304455518722534e-01
2.299304455518722534e-01
2.299304157495498657e-01
2.299304455518722534e-01
2.299304455518722534e-01
2.299304157495498657e-01
2.299304157495498657e-01
2.299304157495498657e-01
2.299304157495498657e-01
2.299304157495498657e-01
2.299304157495498657e-01
2.299304008483886719e-01
2.299304008483886719e-01
2.299303412437438965e-01
2.299303412437438965e-01
2.299303263425827026e-01
2.299303263425827026e-01
2.299303263425827026e-01
2.299303263425827026e-01
2.299303263425827026e-01
2.299303263425827026e-01
2.299303263425827026e-01
2.299303263425827026e-01
2.299303263425827026e-01
2.299303263425827026e-01
2.299302965402603149e-01
2.299302965402603149e-01
2.299302667379379272e-01
2.299302220344543457e-01
2.299302220344543457e-01
2.299302518367767334e-01
2.299302071332931519e-01
2.299301773309707642e-01
2.299302071332931519e-01
2.299302220344543457e-01
2.299302071332931519e-01
2.299302071332931519e-01
2.299301773309707642e-01
2.299301773309707642e-01
2.299301475286483765e-01
2.299301475286483765e-01
2.299301326274871826e-01
2.299301326274871826e-01
2.299301028251647949e-01
2.299301028251647949e-01
2.299301028251647949e-01
2.299301028251647949e-01
2.299300730228424072e-01
2.299301028251647949e-01
2.299300730228424072e-01
2.299300581216812134e-01
2.299300730228424072e-01
2.299300581216812134e-01
2.299300581216812134e-01
2.299300581216812134e-01
2.299300283193588257e-01
2.299300581216812134e-01
2.299300581216812134e-01
2.299299985170364380e-01
2.299300283193588257e-01
2.299299985170364380e-01
2.299299836158752441e-01
2.299299538135528564e-01
2.299299836158752441e-01
2.299299836158752441e-01
2.299299389123916626e-01
2.299299538135528564e-01
2.299299538135528564e-01
2.299299538135528564e-01
2.299299538135528564e-01
2.299299538135528564e-01
2.299299538135528564e-01
2.299299389123916626e-01
2.299298793077468872e-01
2.299299091100692749e-01
2.299299091100692749e-01
2.299298793077468872e-01
2.299298793077468872e-01
2.299298644065856934e-01
2.299298644065856934e-01
2.299298644065856934e-01
2.299298346042633057e-01
2.299298346042633057e-01
2.299298644065856934e-01
2.299298346042633057e-01
2.299298346042633057e-01
2.299298346042633057e-01
2.299298346042633057e-01
2.299298346042633057e-01
2.299298048019409180e-01
2.299297899007797241e-01
2.299297600984573364e-01
2.299297153949737549e-01
2.299297302961349487e-01
2.299297302961349487e-01
2.299297302961349487e-01
2.299297153949737549e-01
2.299297302961349487e-01
2.299297153949737549e-01
2.299296855926513672e-01
2.299296557903289795e-01
2.299296557903289795e-01
2.299296557903289795e-01
2.299296557903289795e-01
2.299296557903289795e-01
2.299296557903289795e-01
2.299296855926513672e-01
2.299296557903289795e-01
2.299296408891677856e-01
2.299296408891677856e-01
2.299295961856842041e-01
2.299296408891677856e-01
2.299296110868453979e-01
2.299295961856842041e-01
2.299295961856842041e-01
2.299295961856842041e-01
2.299295365810394287e-01
2.299295365810394287e-01
2.299295365810394287e-01
2.299295216798782349e-01
2.299295365810394287e-01
2.299295365810394287e-01
2.299295216798782349e-01
2.299295365810394287e-01
2.299294918775558472e-01
2.299294918775558472e-01
2.299294620752334595e-01
2.299294620752334595e-01
2.299294918775558472e-01
2.299294471740722656e-01
2.299294471740722656e-01
2.299294471740722656e-01
2.299294173717498779e-01
2.299294173717498779e-01
2.299294471740722656e-01
2.299294471740722656e-01
2.299294173717498779e-01
2.299293875694274902e-01
2.299293875694274902e-01
2.299293875694274902e-01
2.299293726682662964e-01
2.299293428659439087e-01
2.299293428659439087e-01
2.299293279647827148e-01
2.299293726682662964e-01
2.299293726682662964e-01
2.299293726682662964e-01
2.299293428659439087e-01
2.299293428659439087e-01
2.299293726682662964e-01
2.299293279647827148e-01
2.299293279647827148e-01
2.299293279647827148e-01
2.299292981624603271e-01
2.299292981624603271e-01
2.299292683601379395e-01
2.299292534589767456e-01
2.299292534589767456e-01
2.299292534589767456e-01
2.299292534589767456e-01
2.299292236566543579e-01
2.299292236566543579e-01
2.299291938543319702e-01
2.299291789531707764e-01
2.299291938543319702e-01
2.299291938543319702e-01
2.299291491508483887e-01
2.299291491508483887e-01
2.299291491508483887e-01
2.299291789531707764e-01
2.299291789531707764e-01
2.299291193485260010e-01
2.299291193485260010e-01
2.299291491508483887e-01
2.299291193485260010e-01
2.299291193485260010e-01
2.299291044473648071e-01
2.299290746450424194e-01
2.299291044473648071e-01
2.299291044473648071e-01
2.299290746450424194e-01
2.299290746450424194e-01
2.299290597438812256e-01
2.299290746450424194e-01
2.299290597438812256e-01
2.299290746450424194e-01
2.299290597438812256e-01
2.299290597438812256e-01
2.299290597438812256e-01
2.299290299415588379e-01
2.299290299415588379e-01
2.299290299415588379e-01
2.299290001392364502e-01
2.299289852380752563e-01
2.299290001392364502e-01
2.299290001392364502e-01
2.299290001392364502e-01
2.299290001392364502e-01
2.299289852380752563e-01
2.299289852380752563e-01
2.299289554357528687e-01
2.299289554357528687e-01
2.299289256334304810e-01
2.299289256334304810e-01
2.299289256334304810e-01
2.299289107322692871e-01
2.299289256334304810e-01
2.299289107322692871e-01
2.299288809299468994e-01
2.299288511276245117e-01
2.299288362264633179e-01
2.299288362264633179e-01
2.299287915229797363e-01
2.299288064241409302e-01
2.299287915229797363e-01
2.299287915229797363e-01
2.299288064241409302e-01
2.299288064241409302e-01
2.299288064241409302e-01
2.299288064241409302e-01
2.299287915229797363e-01
2.299287617206573486e-01
2.299287617206573486e-01
2.299287319183349609e-01
2.299287319183349609e-01
2.299287170171737671e-01
2.299287170171737671e-01
2.299287170171737671e-01
2.299286872148513794e-01
2.299286872148513794e-01
2.299287170171737671e-01
2.299286574125289917e-01
2.299286574125289917e-01
2.299286574125289917e-01
2.299286872148513794e-01
2.299286574125289917e-01
2.299286574125289917e-01
2.299286127090454102e-01
2.299286127090454102e-01
2.299286127090454102e-01
2.299286127090454102e-01
2.299286127090454102e-01
2.299286127090454102e-01
2.299285829067230225e-01
2.299286127090454102e-01
2.299286127090454102e-01
2.299285829067230225e-01
2.299285829067230225e-01
2.299285829067230225e-01
2.299285382032394409e-01
2.299285680055618286e-01
2.299285680055618286e-01
2.299285680055618286e-01
2.299285680055618286e-01
2.299285084009170532e-01
2.299285084009170532e-01
2.299284934997558594e-01
2.299284934997558594e-01
2.299284636974334717e-01
2.299284636974334717e-01
2.299284487962722778e-01
2.299284636974334717e-01
2.299284487962722778e-01
2.299284487962722778e-01
2.299284189939498901e-01
2.299283891916275024e-01
2.299284189939498901e-01
2.299284189939498901e-01
2.299283742904663086e-01
2.299283742904663086e-01
2.299283742904663086e-01
2.299283742904663086e-01
2.299283742904663086e-01
2.299283146858215332e-01
2.299283146858215332e-01
2.299283146858215332e-01
2.299283146858215332e-01
2.299283146858215332e-01
2.299283146858215332e-01
2.299282997846603394e-01
2.299282699823379517e-01
2.299282997846603394e-01
2.299282699823379517e-01
2.299282997846603394e-01
2.299282699823379517e-01
2.299282252788543701e-01
2.299282252788543701e-01
2.299282401800155640e-01
2.299282401800155640e-01
2.299282252788543701e-01
2.299282401800155640e-01
2.299282252788543701e-01
2.299282252788543701e-01
2.299282252788543701e-01
2.299282252788543701e-01
2.299282252788543701e-01
2.299281805753707886e-01
2.299282252788543701e-01
2.299281954765319824e-01
2.299281805753707886e-01
2.299281805753707886e-01
2.299281805753707886e-01
2.299281805753707886e-01
2.299281209707260132e-01
2.299281209707260132e-01
2.299281507730484009e-01
2.299281209707260132e-01
2.299281060695648193e-01
2.299281060695648193e-01
2.299281060695648193e-01
2.299280762672424316e-01
2.299280762672424316e-01
2.299280762672424316e-01
2.299280762672424316e-01
2.299280762672424316e-01
2.299280315637588501e-01
2.299280464649200439e-01
2.299280762672424316e-01
2.299280464649200439e-01
2.299280315637588501e-01
2.299280017614364624e-01
2.299280017614364624e-01
2.299279570579528809e-01
2.299279719591140747e-01
2.299279570579528809e-01
2.299279272556304932e-01
2.299279570579528809e-01
2.299279570579528809e-01
2.299279272556304932e-01
2.299279272556304932e-01
2.299279272556304932e-01
2.299279123544692993e-01
2.299279123544692993e-01
2.299279123544692993e-01
2.299279123544692993e-01
2.299279123544692993e-01
2.299278825521469116e-01
2.299278825521469116e-01
2.299278527498245239e-01
2.299278378486633301e-01
2.299278378486633301e-01
2.299278527498245239e-01
2.299278378486633301e-01
2.299278080463409424e-01
2.299278378486633301e-01
2.299278378486633301e-01
2.299278080463409424e-01
2.299278378486633301e-01
2.299278080463409424e-01
2.299277782440185547e-01
2.299277782440185547e-01
2.299277782440185547e-01
2.299277335405349731e-01
2.299277335405349731e-01
2.299277633428573608e-01
2.299277335405349731e-01
2.299276888370513916e-01
2.299276888370513916e-01
2.299276888370513916e-01
2.299276590347290039e-01
2.299276441335678101e-01
2.299276888370513916e-01
2.299276590347290039e-01
2.299276888370513916e-01
2.299276590347290039e-01
2.299276441335678101e-01
2.299276590347290039e-01
2.299276143312454224e-01
2.299276143312454224e-01
2.299275845289230347e-01
2.299275845289230347e-01
2.299275696277618408e-01
2.299275845289230347e-01
2.299275696277618408e-01
2.299275845289230347e-01
2.299275845289230347e-01
2.299275696277618408e-01
2.299275696277618408e-01
2.299275398254394531e-01
2.299275398254394531e-01
2.299275100231170654e-01
2.299275398254394531e-01
2.299274951219558716e-01
2.299275100231170654e-01
2.299274653196334839e-01
2.299274951219558716e-01
2.299274951219558716e-01
2.299274653196334839e-01
2.299274653196334839e-01
2.299274951219558716e-01
2.299274951219558716e-01
2.299274653196334839e-01
2.299274951219558716e-01
2.299274653196334839e-01
2.299274653196334839e-01
2.299274653196334839e-01
2.299274206161499023e-01
2.299273908138275146e-01
2.299274206161499023e-01
2.299274206161499023e-01
2.299273908138275146e-01
2.299273908138275146e-01
2.299273610115051270e-01
2.299273908138275146e-01
2.299273610115051270e-01
2.299273461103439331e-01
2.299273461103439331e-01
2.299273461103439331e-01
2.299273163080215454e-01
2.299273163080215454e-01
2.299273163080215454e-01
2.299273014068603516e-01
2.299273014068603516e-01
2.299273014068603516e-01
2.299273014068603516e-01
2.299272716045379639e-01
2.299272269010543823e-01
2.299272418022155762e-01
2.299272418022155762e-01
2.299271970987319946e-01
2.299272269010543823e-01
2.299271970987319946e-01
2.299271970987319946e-01
2.299271970987319946e-01
2.299271523952484131e-01
2.299271672964096069e-01
2.299271672964096069e-01
2.299271225929260254e-01
2.299271523952484131e-01
2.299271523952484131e-01
2.299271523952484131e-01
2.299271225929260254e-01
2.299271523952484131e-01
2.299271523952484131e-01
2.299271225929260254e-01
2.299270927906036377e-01
2.299270927906036377e-01
2.299270927906036377e-01
2.299270778894424438e-01
