5.137306451797485352e-02
5.137291178107261658e-02
5.137275904417037964e-02
5.137260630726814270e-02
5.137246102094650269e-02
5.137231573462486267e-02
5.137216672301292419e-02
5.137201398611068726e-02
5.137186124920845032e-02
5.137172341346740723e-02
5.137157067656517029e-02
5.137142166495323181e-02
5.137126520276069641e-02
5.137112364172935486e-02
5.137097090482711792e-02
5.137082561850547791e-02
5.137068033218383789e-02
5.137053132057189941e-02
5.137038603425025940e-02
5.137024074792861938e-02
5.137008056044578552e-02
5.136993899941444397e-02
5.136978626251220703e-02
5.136963352560997009e-02
5.136949568986892700e-02
5.136934667825698853e-02
5.136918276548385620e-02
5.136903747916221619e-02
5.136889219284057617e-02
5.136875435709953308e-02
5.136859044432640076e-02
5.136844515800476074e-02
5.136830359697341919e-02
5.136815086007118225e-02
5.136800557374954224e-02
5.136786028742790222e-02
5.136770755052566528e-02
5.136756598949432373e-02
5.136740207672119141e-02
5.136725306510925293e-02
5.136710777878761292e-02
5.136696249246597290e-02
5.136681348085403442e-02
5.136666819453239441e-02
5.136652290821075439e-02
5.136637017130851746e-02
5.136622861027717590e-02
5.136607587337493896e-02
5.136592313647270203e-02
5.136577039957046509e-02
5.136563256382942200e-02
5.136547982692718506e-02
5.136533081531524658e-02
5.136518552899360657e-02
5.136504024267196655e-02
5.136489123106002808e-02
5.136473849415779114e-02
5.136458575725555420e-02
5.136443302035331726e-02
5.136428400874137878e-02
5.136413499712944031e-02
5.136398971080780029e-02
5.136384814977645874e-02
5.136370286345481873e-02
5.136355757713317871e-02
5.136340484023094177e-02
5.136324465274810791e-02
5.136309936642646790e-02
5.136296525597572327e-02
5.136281624436378479e-02
5.136265978217124939e-02
5.136250704526901245e-02
5.136236548423767090e-02
5.136222019791603088e-02
5.136206746101379395e-02
5.136191472411155701e-02
5.136176198720932007e-02
5.136161670088768005e-02
5.136147513985633850e-02
5.136132985353469849e-02
5.136118084192276001e-02
5.136103555560112000e-02
5.136087536811828613e-02
5.136073753237724304e-02
5.136057734489440918e-02
5.136043205857276917e-02
5.136029794812202454e-02
5.136014521121978760e-02
5.135998502373695374e-02
5.135983973741531372e-02
5.135969072580337524e-02
5.135955289006233215e-02
5.135940387845039368e-02
5.135923996567726135e-02
5.135910212993621826e-02
5.135895311832427979e-02
5.135880783200263977e-02
5.135865509510040283e-02
5.135851353406906128e-02
5.135836079716682434e-02
5.135821551084518433e-02
5.135807022452354431e-02
5.135792121291160583e-02
5.135776847600936890e-02
5.135761573910713196e-02
5.135747045278549194e-02
5.135731771588325500e-02
5.135717615485191345e-02
5.135703086853027344e-02
5.135687440633773804e-02
5.135672539472579956e-02
5.135658010840415955e-02
5.135643482208251953e-02
5.135628208518028259e-02
5.135614052414894104e-02
5.135598033666610718e-02
5.135584622621536255e-02
5.135568976402282715e-02
5.135554820299148560e-02
5.135539546608924866e-02
5.135524272918701172e-02
5.135510861873626709e-02
5.135495588183403015e-02
5.135481059551239014e-02
5.135466158390045166e-02
5.135451629757881165e-02
5.135436356067657471e-02
5.135421082377433777e-02
5.135406553745269775e-02
5.135392025113105774e-02
5.135376751422882080e-02
5.135361850261688232e-02
5.135346576571464539e-02
5.135332047939300537e-02
5.135316774249076843e-02
5.135302618145942688e-02
5.135287344455718994e-02
5.135272815823554993e-02
5.135258287191390991e-02
5.135243386030197144e-02
5.135228857398033142e-02
5.135214701294898987e-02
5.135200172662734985e-02
5.135184153914451599e-02
5.135169625282287598e-02
5.135155096650123596e-02
5.135139822959899902e-02
5.135125666856765747e-02
5.135110020637512207e-02
5.135095864534378052e-02
5.135081335902214050e-02
5.135066434741020203e-02
5.135051906108856201e-02
5.135035887360572815e-02
5.135022103786468506e-02
5.135007202625274658e-02
5.134991556406021118e-02
5.134977400302886963e-02
5.134962126612663269e-02
5.134947597980499268e-02
5.134933441877365112e-02
5.134919285774230957e-02
5.134903639554977417e-02
5.134888738393783569e-02
5.134873837232589722e-02
5.134858936071395874e-02
5.134844407439231873e-02
5.134829133749008179e-02
5.134814605116844177e-02
5.134799703955650330e-02
5.134785920381546021e-02
5.134770646691322327e-02
5.134755373001098633e-02
5.134740099310874939e-02
5.134725198149681091e-02
5.134711414575576782e-02
5.134696513414382935e-02
5.134681984782218933e-02
5.134667456150054932e-02
5.134652554988861084e-02
5.134638771414756775e-02
5.134622007608413696e-02
5.134607106447219849e-02
5.134592205286026001e-02
5.134578421711921692e-02
5.134563148021697998e-02
5.134548991918563843e-02
5.134534463286399841e-02
5.134519562125205994e-02
5.134505033493041992e-02
5.134490504860877991e-02
5.134476348757743835e-02
5.134460330009460449e-02
5.134445056319236755e-02
5.134430527687072754e-02
5.134415999054908752e-02
5.134401097893714905e-02
5.134386569261550903e-02
5.134371295571327209e-02
5.134356766939163208e-02
5.134342610836029053e-02
5.134327337145805359e-02
5.134312808513641357e-02
5.134298279881477356e-02
5.134283378720283508e-02
5.134269595146179199e-02
5.134252831339836121e-02
5.134239420294761658e-02
5.134224146604537964e-02
5.134209617972373962e-02
5.134194344282150269e-02
5.134179815649986267e-02
5.134164914488792419e-02
5.134150385856628418e-02
5.134135112166404724e-02
5.134120583534240723e-02
5.134105682373046875e-02
5.134091153740882874e-02
5.134075880050659180e-02
5.134061723947525024e-02
5.134046077728271484e-02
5.134031921625137329e-02
5.134016647934913635e-02
5.134002864360809326e-02
5.133986845612525940e-02
5.133972689509391785e-02
5.133957415819168091e-02
5.133943632245063782e-02
5.133928731083869934e-02
5.133913457393646240e-02
5.133899673819541931e-02
5.133884400129318237e-02
5.133869498968124390e-02
5.133854970335960388e-02
5.133840441703796387e-02
5.133826285600662231e-02
5.133810266852378845e-02
5.133795738220214844e-02
5.133781209588050842e-02
5.133766308426856995e-02
5.133752524852752686e-02
5.133736506104469299e-02
5.133722350001335144e-02
5.133707448840141296e-02
5.133693292737007141e-02
5.133678019046783447e-02
5.133663490414619446e-02
5.133648216724395752e-02
5.133634060621261597e-02
5.133619531989097595e-02
5.133604630827903748e-02
5.133589357137680054e-02
5.133575573563575745e-02
5.133559554815292358e-02
5.133545398712158203e-02
5.133530125021934509e-02
5.133514851331710815e-02
5.133501067757606506e-02
5.133486166596412659e-02
5.133472383022308350e-02
5.133457109332084656e-02
5.133441090583801270e-02
5.133426561951637268e-02
5.133412033319473267e-02
5.133397132158279419e-02
5.133382603526115417e-02
5.133368447422981262e-02
5.133353173732757568e-02
5.133339390158653259e-02
5.133324488997459412e-02
5.133309215307235718e-02
5.133294686675071716e-02
5.133279412984848022e-02
5.133265256881713867e-02
5.133249610662460327e-02
5.133235454559326172e-02
5.133221298456192017e-02
5.133206769824028015e-02
5.133190751075744629e-02
5.133177340030670166e-02
5.133162066340446472e-02
5.133146792650222778e-02
5.133132264018058777e-02
5.133118107914924622e-02
5.133103206753730774e-02
5.133088305592536926e-02
5.133074894547462463e-02
5.133059620857238770e-02
5.133043974637985229e-02
5.133029073476791382e-02
5.133015289902687073e-02
5.133000388741493225e-02
5.132985860109329224e-02
5.132970586419105530e-02
5.132956430315971375e-02
5.132941901683807373e-02
5.132926627993583679e-02
5.132911354303359985e-02
5.132897198200225830e-02
5.132881924510002136e-02
5.132867395877838135e-02
5.132853239774703979e-02
5.132838711142539978e-02
5.132823437452316284e-02
5.132808908820152283e-02
5.132794007658958435e-02
5.132779479026794434e-02
5.132764205336570740e-02
5.132749676704406738e-02
5.132735148072242737e-02
5.132720246911048889e-02
5.132705718278884888e-02
5.132690444588661194e-02
5.132675915956497192e-02
5.132661759853363037e-02
5.132646486163139343e-02
5.132631957530975342e-02
5.132617056369781494e-02
5.132602527737617493e-02
5.132587999105453491e-02
5.132573097944259644e-02
5.132558569312095642e-02
5.132544040679931641e-02
5.132528766989707947e-02
5.132514610886573792e-02
5.132500082254409790e-02
5.132484808564186096e-02
5.132469534873962402e-02
5.132455378770828247e-02
5.132440850138664246e-02
5.132426694035530090e-02
5.132411420345306396e-02
5.132396891713142395e-02
5.132382363080978394e-02
5.132367089390754700e-02
5.132352188229560852e-02
5.132338404655456543e-02
5.132323130965232849e-02
5.132308229804039001e-02
5.132293701171875000e-02
5.132279172539710999e-02
5.132265016436576843e-02
5.132250860333442688e-02
5.132235586643218994e-02
5.132219195365905762e-02
5.132205039262771606e-02
5.132190510630607605e-02
5.132176354527473450e-02
5.132161825895309448e-02
5.132147297263145447e-02
5.132132023572921753e-02
5.132117867469787598e-02
5.132103338837623596e-02
5.132087320089340210e-02
5.132073536515235901e-02
5.132058635354042053e-02
5.132043361663818359e-02
5.132028833031654358e-02
5.132014676928520203e-02
5.132000893354415894e-02
5.131985992193222046e-02
5.131970718502998352e-02
5.131956189870834351e-02
5.131940171122550964e-02
5.131926387548446655e-02
5.131911486387252808e-02
5.131896957755088806e-02
5.131882429122924805e-02
5.131867527961730957e-02
5.131852999329566956e-02
5.131838470697402954e-02
5.131823569536209106e-02
5.131809040904045105e-02
5.131793767213821411e-02
5.131779238581657410e-02
5.131764709949493408e-02
5.131750926375389099e-02
5.131736025214195251e-02
5.131720751523971558e-02
5.131705850362777710e-02
5.131691321730613708e-02
5.131676793098449707e-02
5.131662636995315552e-02
5.131647363305091858e-02
5.131633207201957703e-02
5.131618678569793701e-02
5.131603404879570007e-02
5.131589248776435852e-02
5.131573602557182312e-02
5.131558701395988464e-02
5.131545290350914001e-02
5.131530016660690308e-02
5.131515488028526306e-02
5.131500959396362305e-02
5.131486803293228149e-02
5.131470784544944763e-02
5.131456255912780762e-02
5.131442099809646606e-02
5.131426826119422913e-02
5.131413415074348450e-02
5.131398141384124756e-02
5.131383612751960754e-02
5.131367966532707214e-02
5.131353810429573059e-02
5.131339281797409058e-02
5.131324008107185364e-02
5.131309852004051208e-02
5.131294578313827515e-02
5.131280422210693359e-02
5.131265893578529358e-02
5.131250619888305664e-02
5.131236463785171509e-02
5.131221935153007507e-02
5.131207406520843506e-02
5.131192505359649658e-02
5.131177976727485657e-02
5.131161957979202271e-02
5.131148546934127808e-02
5.131134018301963806e-02
5.131119489669799805e-02
5.131104215979576111e-02
5.131089314818382263e-02
5.131075531244277954e-02
5.131060630083084106e-02
5.131045356392860413e-02
5.131031572818756104e-02
5.131016299128532410e-02
5.131001025438308716e-02
5.130986869335174561e-02
5.130973085761070251e-02
5.130957812070846558e-02
5.130942538380622864e-02
5.130928382277488708e-02
5.130913853645324707e-02
5.130898579955101013e-02
5.130885168910026550e-02
5.130869895219802856e-02
5.130854621529579163e-02
5.130841210484504700e-02
5.130825191736221313e-02
5.130811035633087158e-02
5.130796507000923157e-02
5.130781233310699463e-02
5.130766704678535461e-02
5.130752548575401306e-02
5.130737274885177612e-02
5.130722746253013611e-02
5.130707845091819763e-02
5.130693316459655762e-02
5.130678787827491760e-02
5.130663886666297913e-02
5.130650103092193604e-02
5.130634084343910217e-02
5.130620300769805908e-02
5.130606144666671753e-02
5.130590870976448059e-02
5.130576342344284058e-02
5.130561441183090210e-02
5.130546167492866516e-02
5.130532756447792053e-02
5.130518972873687744e-02
5.130504071712493896e-02
5.130488798022270203e-02
5.130475014448165894e-02
5.130459740757942200e-02
5.130444839596748352e-02
5.130430310964584351e-02
5.130415037274360657e-02
5.130400508642196655e-02
5.130386352539062500e-02
5.130371823906898499e-02
5.130356922745704651e-02
5.130342394113540649e-02
5.130327120423316956e-02
5.130312591791152954e-02
5.130298435688018799e-02
5.130283907055854797e-02
5.130268633365631104e-02
5.130253732204437256e-02
5.130239203572273254e-02
5.130224674940109253e-02
5.130210146307945251e-02
5.130195990204811096e-02
5.130181089043617249e-02
5.130167305469512939e-02
5.130152404308319092e-02
5.130136013031005859e-02
5.130122229456901550e-02
5.130107328295707703e-02
5.130093544721603394e-02
5.130078643560409546e-02
5.130064114928245544e-02
5.130048841238021851e-02
5.130035430192947388e-02
5.130020156502723694e-02
5.130005627870559692e-02
5.129990726709365845e-02
5.129976198077201843e-02
5.129960924386978149e-02
5.129946395754814148e-02
