1.265979139134287834e-03
1.265978557057678699e-03
1.265977974981069565e-03
1.265977160073816776e-03
1.265976577997207642e-03
1.265975646674633026e-03
1.265975064598023891e-03
1.265974366106092930e-03
1.265973551198840141e-03
1.265972852706909180e-03
1.265972270630300045e-03
1.265971688553690910e-03
1.265970757231116295e-03
1.265969942323863506e-03
1.265969476662576199e-03
1.265968661755323410e-03
1.265967614017426968e-03
1.265967031940817833e-03
1.265966566279530525e-03
1.265965751372277737e-03
1.265965402126312256e-03
1.265964121557772160e-03
1.265963655896484852e-03
1.265962957404553890e-03
1.265962258912622929e-03
1.265961560420691967e-03
1.265960629098117352e-03
1.265960047021508217e-03
1.265959464944899082e-03
1.265958650037646294e-03
1.265957602299749851e-03
1.265957020223140717e-03
1.265956554561853409e-03
1.265955972485244274e-03
1.265954924747347832e-03
1.265953993424773216e-03
1.265953527763485909e-03
1.265953062102198601e-03
1.265952014364302158e-03
1.265951432287693024e-03
1.265950733795762062e-03
1.265950151719152927e-03
1.265949336811900139e-03
1.265948638319969177e-03
1.265947823412716389e-03
1.265947008505463600e-03
1.265946542844176292e-03
1.265945611521601677e-03
1.265945145860314369e-03
1.265944214537739754e-03
1.265943516045808792e-03
1.265942817553877831e-03
1.265942119061946869e-03
1.265941536985337734e-03
1.265940722078084946e-03
1.265940140001475811e-03
1.265939092263579369e-03
1.265938393771648407e-03
1.265937578864395618e-03
1.265936996787786484e-03
1.265936298295855522e-03
1.265935366973280907e-03
1.265935017727315426e-03
1.265933969989418983e-03
1.265933271497488022e-03
1.265932340174913406e-03
1.265931990928947926e-03
1.265931176021695137e-03
1.265930244699120522e-03
1.265929429791867733e-03
1.265928964130580425e-03
1.265928498469293118e-03
1.265928032808005810e-03
1.265926635824143887e-03
1.265926053747534752e-03
1.265925588086247444e-03
1.265924889594316483e-03
1.265924307517707348e-03
1.265923143364489079e-03
1.265922677703201771e-03
1.265922212041914463e-03
1.265921513549983501e-03
1.265920349396765232e-03
1.265919767320156097e-03
1.265919185243546963e-03
1.265918603166937828e-03
1.265917904675006866e-03
1.265917089767754078e-03
1.265916158445179462e-03
1.265915576368570328e-03
1.265915227122604847e-03
1.265914179384708405e-03
1.265913597308099270e-03
1.265912665985524654e-03
1.265911967493593693e-03
1.265911269001662731e-03
1.265910570509731770e-03
1.265910104848444462e-03
1.265909289941191673e-03
1.265908475033938885e-03
1.265907892957329750e-03
1.265907194465398788e-03
1.265906379558146000e-03
1.265905681066215038e-03
1.265904866158962250e-03
1.265904284082353115e-03
1.265903352759778500e-03
1.265902770683169365e-03
1.265902072191238403e-03
1.265901257283985615e-03
1.265900558792054653e-03
1.265899743884801865e-03
1.265899161808192730e-03
1.265898230485618114e-03
1.265897648409008980e-03
1.265896949917078018e-03
1.265896484255790710e-03
1.265895669348537922e-03
1.265894854441285133e-03
1.265894039534032345e-03
1.265893573872745037e-03
1.265892642550170422e-03
1.265891944058239460e-03
1.265891129150986671e-03
1.265890547074377537e-03
1.265889848582446575e-03
1.265889150090515614e-03
1.265888102352619171e-03
1.265887753106653690e-03
1.265886938199400902e-03
1.265886006876826286e-03
1.265885308384895325e-03
1.265884842723608017e-03
1.265884144231677055e-03
1.265883329324424267e-03
1.265882630832493305e-03
1.265881815925240517e-03
1.265881117433309555e-03
1.265880418941378593e-03
1.265879836864769459e-03
1.265878905542194843e-03
1.265878207050263882e-03
1.265877857804298401e-03
1.265877042897045612e-03
1.265876111574470997e-03
1.265875296667218208e-03
1.265874947421252728e-03
1.265874016098678112e-03
1.265873550437390804e-03
1.265872502699494362e-03
1.265871920622885227e-03
1.265871338546276093e-03
1.265870523639023304e-03
1.265869475901126862e-03
1.265868893824517727e-03
1.265868428163230419e-03
1.265867846086621284e-03
1.265866798348724842e-03
1.265865983441472054e-03
1.265865517780184746e-03
1.265865168534219265e-03
1.265864004381000996e-03
1.265863073058426380e-03
1.265862723812460899e-03
1.265862025320529938e-03
1.265861210413277149e-03
1.265860395506024361e-03
1.265859697014093399e-03
1.265859114937484264e-03
1.265858532860875130e-03
1.265857601538300514e-03
1.265856786631047726e-03
1.265856088139116764e-03
1.265855506062507629e-03
1.265854923985898495e-03
1.265853992663323879e-03
1.265853177756071091e-03
1.265852479264140129e-03
1.265851780772209167e-03
1.265851082280278206e-03
1.265850383788347244e-03
1.265849801711738110e-03
1.265848986804485321e-03
1.265848404727876186e-03
1.265847706235945225e-03
1.265846774913370609e-03
1.265846309252083302e-03
1.265845494344830513e-03
1.265844679437577724e-03
1.265843631699681282e-03
1.265843398869037628e-03
1.265842467546463013e-03
1.265841769054532051e-03
1.265841070562601089e-03
1.265840488485991955e-03
1.265839906409382820e-03
1.265838858671486378e-03
1.265838276594877243e-03
1.265837461687624454e-03
1.265836763195693493e-03
1.265836181119084358e-03
1.265835715457797050e-03
1.265834667719900608e-03
1.265834085643291473e-03
1.265833270736038685e-03
1.265832921490073204e-03
1.265832106582820415e-03
1.265831408090889454e-03
1.265830360352993011e-03
1.265830011107027531e-03
1.265829312615096569e-03
1.265828381292521954e-03
1.265827566385269165e-03
1.265826751478016376e-03
1.265826402232050896e-03
1.265825587324798107e-03
1.265824888832867146e-03
1.265823957510292530e-03
1.265823142603039742e-03
1.265822676941752434e-03
1.265821978449821472e-03
1.265821279957890511e-03
1.265820348635315895e-03
1.265819999389350414e-03
1.265819184482097626e-03
1.265818602405488491e-03
1.265817438252270222e-03
1.265816972590982914e-03
1.265816506929695606e-03
1.265815692022442818e-03
1.265814644284546375e-03
1.265814062207937241e-03
1.265813596546649933e-03
1.265813014470040798e-03
1.265811966732144356e-03
1.265811268240213394e-03
1.265810918994247913e-03
1.265810336917638779e-03
1.265808939933776855e-03
1.265808357857167721e-03
1.265808008611202240e-03
1.265807193703949451e-03
1.265806145966053009e-03
1.265805563889443874e-03
1.265805214643478394e-03
1.265804166905581951e-03
1.265803701244294643e-03
1.265802537091076374e-03
1.265801955014467239e-03
1.265801372937858105e-03
1.265800674445927143e-03
1.265799743123352528e-03
1.265799044631421566e-03
1.265798346139490604e-03
1.265797764062881470e-03
1.265797065570950508e-03
1.265795901417732239e-03
1.265795552171766758e-03
1.265795086510479450e-03
1.265794388018548489e-03
1.265793456695973873e-03
1.265792525373399258e-03
1.265792176127433777e-03
1.265791710466146469e-03
1.265790779143571854e-03
1.265789731405675411e-03
1.265789149329066277e-03
1.265788800083100796e-03
1.265787868760526180e-03
1.265786704607307911e-03
1.265786238946020603e-03
1.265785773284733295e-03
1.265785074792802334e-03
1.265784143470227718e-03
1.265783212147653103e-03
1.265782862901687622e-03
1.265782047994434834e-03
1.265781349502503872e-03
1.265780534595251083e-03
1.265779836103320122e-03
1.265779254026710987e-03
1.265778788365423679e-03
1.265777740627527237e-03
1.265776925720274448e-03
1.265776227228343487e-03
1.265775994397699833e-03
1.265775179490447044e-03
1.265774015337228775e-03
1.265773666091263294e-03
1.265772967599332333e-03
1.265772152692079544e-03
1.265771337784826756e-03
1.265770755708217621e-03
1.265770290046930313e-03
1.265769475139677525e-03
1.265768543817102909e-03
1.265767728909850121e-03
1.265767263248562813e-03
1.265766448341310024e-03
1.265765633434057236e-03
1.265765167772769928e-03
1.265764352865517139e-03
1.265763421542942524e-03
1.265762606635689735e-03
1.265762257389724255e-03
1.265761675313115120e-03
1.265760860405862331e-03
1.265759929083287716e-03
1.265759463422000408e-03
1.265759230591356754e-03
1.265758066438138485e-03
1.265757251530885696e-03
1.265756553038954735e-03
1.265755854547023773e-03
1.265755388885736465e-03
1.265754224732518196e-03
1.265753642655909061e-03
1.265753060579299927e-03
1.265752362087368965e-03
1.265751547180116177e-03
1.265750732272863388e-03
1.265749800950288773e-03
1.265749218873679638e-03
1.265748636797070503e-03
1.265747938305139542e-03
1.265747123397886753e-03
1.265746308490633965e-03
1.265745959244668484e-03
1.265745144337415695e-03
1.265744213014841080e-03
1.265743630938231945e-03
1.265742932446300983e-03
1.265742001123726368e-03
1.265741302631795406e-03
1.265740720555186272e-03
1.265740138478577137e-03
1.265739207156002522e-03
1.265738508664071560e-03
1.265737693756818771e-03
1.265737228095531464e-03
1.265736529603600502e-03
1.265735598281025887e-03
1.265735016204416752e-03
1.265734434127807617e-03
1.265733735635876656e-03
1.265732920728623867e-03
1.265732222236692905e-03
1.265731407329440117e-03
1.265730825252830982e-03
1.265730243176221848e-03
1.265729311853647232e-03
1.265728613361716270e-03
1.265727798454463482e-03
1.265727449208498001e-03
1.265726867131888866e-03
1.265725935809314251e-03
1.265725353732705116e-03
1.265724771656095982e-03
1.265723956748843193e-03
1.265723025426268578e-03
1.265722326934337616e-03
1.265721861273050308e-03
1.265720929950475693e-03
1.265720347873866558e-03
1.265719416551291943e-03
1.265719067305326462e-03
1.265718135982751846e-03
1.265717437490820885e-03
1.265716738998889923e-03
1.265716156922280788e-03
1.265715342015028000e-03
1.265714643523097038e-03
1.265713828615844250e-03
1.265713362954556942e-03
1.265712664462625980e-03
1.265711616724729538e-03
1.265711034648120403e-03
1.265710219740867615e-03
1.265709637664258480e-03
1.265708589926362038e-03
1.265708007849752903e-03
1.265707425773143768e-03
1.265706610865890980e-03
1.265705795958638191e-03
1.265705097466707230e-03
1.265704515390098095e-03
1.265703700482845306e-03
1.265703118406236172e-03
1.265702419914305210e-03
1.265701372176408768e-03
1.265700790099799633e-03
1.265700440853834152e-03
1.265699625946581364e-03
1.265698694624006748e-03
1.265698112547397614e-03
1.265697530470788479e-03
1.265696599148213863e-03
1.265696017071604729e-03
1.265695202164351940e-03
1.265694503672420979e-03
1.265693805180490017e-03
1.265692990273237228e-03
1.265692408196628094e-03
1.265691709704697132e-03
1.265690894797444344e-03
1.265690079890191555e-03
1.265689730644226074e-03
1.265689032152295113e-03
1.265688100829720497e-03
1.265687169507145882e-03
1.265686703845858574e-03
1.265686005353927612e-03
1.265685423277318478e-03
1.265684608370065689e-03
1.265683793462812901e-03
1.265683211386203766e-03
1.265682745724916458e-03
1.265681697987020016e-03
1.265681115910410881e-03
1.265680417418479919e-03
1.265679602511227131e-03
1.265679020434617996e-03
1.265678321942687035e-03
1.265677856281399727e-03
1.265676575712859631e-03
1.265676226466894150e-03
1.265675644390285015e-03
1.265674829483032227e-03
1.265673781745135784e-03
1.265673199668526649e-03
1.265672734007239342e-03
1.265672151930630207e-03
1.265671104192733765e-03
1.265670522116124630e-03
1.265669940039515495e-03
1.265669241547584534e-03
1.265668426640331745e-03
1.265667611733078957e-03
1.265667378902435303e-03
1.265666214749217033e-03
1.265665632672607899e-03
1.265665050595998764e-03
1.265664352104067802e-03
1.265663420781493187e-03
1.265662838704884052e-03
1.265662256628274918e-03
1.265661441721022129e-03
1.265660626813769341e-03
1.265660044737160206e-03
1.265659462660551071e-03
1.265658647753298283e-03
1.265657832846045494e-03
1.265657250769436359e-03
1.265656435862183571e-03
1.265655853785574436e-03
1.265655038878321648e-03
1.265654223971068859e-03
1.265653758309781551e-03
1.265652943402528763e-03
1.265652128495275974e-03
1.265651197172701359e-03
1.265650615096092224e-03
1.265650033019483089e-03
1.265649450942873955e-03
1.265648636035621166e-03
1.265647471882402897e-03
1.265646889805793762e-03
1.265646540559828281e-03
1.265645609237253666e-03
1.265645027160644531e-03
1.265644095838069916e-03
1.265643513761460781e-03
1.265642815269529819e-03
1.265642000362277031e-03
1.265641418285667896e-03
1.265640603378415108e-03
1.265640021301805973e-03
1.265639089979231358e-03
1.265638275071978569e-03
1.265637925826013088e-03
1.265637227334082127e-03
1.265636528842151165e-03
1.265635597519576550e-03
1.265635131858289242e-03
1.265634200535714626e-03
1.265633502043783665e-03
1.265632570721209049e-03
1.265632105059921741e-03
1.265631522983312607e-03
1.265630591660737991e-03
1.265629893168807030e-03
1.265629427507519722e-03
1.265628845430910587e-03
1.265627914108335972e-03
1.265627215616405010e-03
1.265626633539795876e-03
1.265625818632543087e-03
1.265625236555933952e-03
1.265624770894646645e-03
1.265623373910784721e-03
