4.449526309967041016e+00 3.526369094848632812e+00 4.668614864349365234e-01 3.868093788623809814e-01 -1.151513457298278809e+00 -3.385952711105346680e+00 -1.706539839506149292e-01 -4.807093441486358643e-01 6.202932000160217285e-01 -4.431125640869140625e+00 -2.510367393493652344e+00 -2.601774454116821289e+00 6.280083656311035156e-01 -4.271225333213806152e-01
-3.984662890434265137e-01 2.226605415344238281e-01 -3.407196521759033203e+00 -4.793549701571464539e-02 1.776403546333312988e+00 4.224794864654541016e+00 2.012009859085083008e+00 7.411912679672241211e-01 2.780363082885742188e+00 -3.862162351608276367e+00 -4.193054139614105225e-01 -3.709063529968261719e+00 4.127985477447509766e+00 -7.767468690872192383e-01
1.324280947446823120e-01 -6.053918600082397461e-01 4.264686584472656250e+00 -1.563706994056701660e-01 3.765648901462554932e-01 3.427720963954925537e-01 -7.874556183815002441e-01 3.832775592803955078e+00 -1.951668381690979004e+00 -8.105544745922088623e-02 8.824859857559204102e-01 3.899224281311035156e+00 -3.454011917114257812e+00 -2.019531965255737305e+00
1.364932179450988770e+00 1.484894156455993652e+00 3.410692453384399414e+00 -1.514172911643981934e+00 2.804667711257934570e+00 -3.089995384216308594e-01 -5.265070796012878418e-01 -2.844554901123046875e+00 -6.633325219154357910e-01 -3.632269382476806641e+00 -1.563680768013000488e+00 2.759813785552978516e+00 1.166191577911376953e+00 -4.424584507942199707e-01
1.272516101598739624e-01 -8.397575616836547852e-01 -2.190832376480102539e+00 -1.308228731155395508e+00 1.089301586151123047e+00 -6.553258746862411499e-02 1.519297719001770020e+00 4.253681302070617676e-01 -3.144839406013488770e-01 7.064470648765563965e-02 -8.402546644210815430e-01 -7.085297703742980957e-01 -4.646246433258056641e-01 -1.537657380104064941e+00
3.796498179435729980e-01 -9.093233942985534668e-01 -8.869946002960205078e-01 -4.723840653896331787e-01 -4.319615364074707031e+00 -2.164376229047775269e-01 -7.852867245674133301e-02 -7.002791762351989746e-01 -1.571556180715560913e-02 3.237543821334838867e+00 4.868631362915039062e+00 -7.003264427185058594e-01 1.106158852577209473e+00 -2.748792171478271484e-01
2.429447919130325317e-01 -5.788222551345825195e-01 -1.142318964004516602e+00 -1.208198785781860352e+00 9.137322902679443359e-01 4.251258075237274170e-02 1.847195029258728027e+00 4.714831709861755371e-01 2.902776002883911133e-01 -6.684436798095703125e-01 1.194366335868835449e+00 8.955776691436767578e-01 9.915935397148132324e-01 -1.332456946372985840e+00
-3.859956264495849609e+00 -4.148207008838653564e-01 -2.005829334259033203e+00 -2.620901107788085938e+00 -4.707731246948242188e+00 -4.723873615264892578e+00 5.916453599929809570e-01 1.706437021493911743e-01 -1.135506272315979004e+00 -1.201644837856292725e-01 -5.008065223693847656e+00 4.035996198654174805e-01 -2.733426332473754883e+00 -1.277415990829467773e+00
-1.068916559219360352e+00 1.352694869041442871e+00 -4.173847675323486328e+00 -3.818130254745483398e+00 2.095827817916870117e+00 -1.832433193922042847e-01 -3.207080960273742676e-01 1.156177163124084473e+00 3.235922753810882568e-01 3.748856306076049805e+00 1.091180294752120972e-01 4.337081432342529297e+00 6.569510102272033691e-01 7.371571660041809082e-01
-1.399979829788208008e+00 -1.230435848236083984e+00 4.558626711368560791e-01 4.453594684600830078e-01 4.086612701416015625e+00 3.977506235241889954e-02 5.175457477569580078e+00 4.459584712982177734e+00 -7.327470183372497559e-01 1.208421826362609863e+00 -3.061102628707885742e-01 -1.010340094566345215e+00 -1.203852891921997070e+00 -2.989813685417175293e-01
-1.725354790687561035e-01 -4.015985131263732910e-01 -5.670835971832275391e-01 -2.016408890485763550e-01 -9.837299585342407227e-02 -4.168653786182403564e-01 -7.033576369285583496e-01 -2.185829542577266693e-02 -1.004863753914833069e-01 3.101212084293365479e-01 -2.659711837768554688e-01 -2.024183124303817749e-01 1.016644954681396484e+00 9.566387534141540527e-01
-1.062872171401977539e+00 9.800791144371032715e-01 2.251439809799194336e+00 4.065169334411621094e+00 4.047086089849472046e-02 -4.919110611081123352e-02 -8.101620674133300781e-01 -1.295115590095520020e+00 -3.781580924987792969e-01 -5.946944355964660645e-01 -1.167729869484901428e-01 6.278594136238098145e-01 5.760467797517776489e-02 -3.409527540206909180e+00
-2.358531236648559570e+00 -3.967771530151367188e-01 -4.113660335540771484e+00 1.987044811248779297e+00 -1.306616663932800293e+00 4.738974094390869141e+00 -3.874738216400146484e-01 1.879565358161926270e+00 -3.467600345611572266e+00 9.911500811576843262e-01 4.147290706634521484e+00 -9.966915845870971680e-02 -5.471635460853576660e-01 9.827595353126525879e-01
-3.639295697212219238e-01 -2.704348266124725342e-01 -1.443119287490844727e+00 1.784092485904693604e-01 1.080622792243957520e+00 1.298810839653015137e+00 5.021311044692993164e-01 2.098334282636642456e-01 2.394194155931472778e-01 7.943107485771179199e-01 -4.634200632572174072e-01 -7.016172409057617188e-01 -4.084479808807373047e+00 -1.129614233970642090e+00
2.206532239913940430e+00 3.732759237289428711e+00 1.748158782720565796e-02 3.342178761959075928e-01 -3.899874687194824219e+00 1.723587155342102051e+00 1.363821268081665039e+00 3.166361093521118164e+00 -2.682399749755859375e+00 2.923083305358886719e-01 1.947522282600402832e+00 1.558102130889892578e+00 4.653602600097656250e+00 2.852437973022460938e+00
-5.053513124585151672e-02 1.026911020278930664e+00 4.257365763187408447e-01 -1.583685129880905151e-01 -1.173516139388084412e-01 -5.147125720977783203e-01 3.091981410980224609e-01 1.327349901199340820e+00 -8.553362488746643066e-01 2.042996883392333984e-01 -1.687255688011646271e-02 -1.334009766578674316e+00 5.656036853790283203e+00 -4.508922696113586426e-01
-1.690354585647583008e+00 -4.344176769256591797e+00 4.339207112789154053e-01 -7.481279373168945312e-01 -2.666778564453125000e+00 -4.404154777526855469e+00 -1.012923359870910645e+00 9.578484892845153809e-01 -7.544746994972229004e-01 4.584148883819580078e+00 2.475820034742355347e-01 -9.408346414566040039e-01 1.470488548278808594e+00 1.125832676887512207e+00
7.758896946907043457e-01 3.188920259475708008e+00 9.166209697723388672e-01 2.297862023115158081e-01 1.223410889506340027e-01 -5.816932916641235352e-01 3.801241517066955566e-01 5.906675755977630615e-02 6.861807703971862793e-01 5.610856413841247559e-01 1.426863074302673340e-01 -1.036041140556335449e+00 1.783027410507202148e+00 -1.392638385295867920e-01
1.058770418167114258e+00 6.636032462120056152e-02 -8.520893454551696777e-01 -1.223651617765426636e-01 -6.734908819198608398e-01 1.442536562681198120e-01 -1.022829532623291016e+00 -9.758248925209045410e-02 4.143989086151123047e+00 -3.429463878273963928e-02 -4.244192600250244141e+00 -2.324037075042724609e+00 -2.036166429519653320e+00 1.661662936210632324e+00
3.216885566711425781e+00 -1.077928900718688965e+00 8.219402283430099487e-02 -1.021818041801452637e+00 7.380445003509521484e-01 -7.098179459571838379e-01 3.420364484190940857e-02 3.869788348674774170e-01 5.236165225505828857e-02 -2.932935059070587158e-01 1.145700097084045410e+00 1.726146459579467773e+00 2.618353664875030518e-01 -4.506956040859222412e-01
-7.980390191078186035e-01 3.307508468627929688e+00 3.739442110061645508e+00 -1.572493553161621094e+00 -1.831984758377075195e+00 -1.143721342086791992e+00 4.776173591613769531e+00 -1.246802583336830139e-01 -8.248196840286254883e-01 -5.655935406684875488e-01 -4.721927940845489502e-01 -6.268042922019958496e-01 -1.263493895530700684e-01 -9.938183426856994629e-01
8.030883073806762695e-01 1.715952754020690918e+00 -1.906146258115768433e-01 3.552540540695190430e+00 4.291858196258544922e+00 2.691180944442749023e+00 4.105587482452392578e+00 1.706868410110473633e+00 -1.215969800949096680e+00 -1.732675075531005859e+00 3.776307582855224609e+00 1.799317717552185059e+00 -3.489628136157989502e-01 -5.861386060714721680e-01
6.937519907951354980e-01 3.197232484817504883e+00 -5.918900370597839355e-01 1.100789666175842285e+00 -9.176374971866607666e-02 4.960958003997802734e+00 3.488812208175659180e+00 -6.392904520034790039e-01 -1.322112083435058594e+00 7.081454992294311523e-01 -1.876332759857177734e+00 1.744731515645980835e-01 -3.796874880790710449e-01 2.474752664566040039e-01
-4.605155065655708313e-02 2.770367860794067383e+00 -1.620479673147201538e-01 -5.841879844665527344e-01 -4.239029809832572937e-02 -2.557258605957031250e+00 4.644860029220581055e-01 6.576189994812011719e-01 -9.955580830574035645e-01 -8.649665117263793945e-02 -4.011448621749877930e-01 -4.919226169586181641e-01 -3.467784225940704346e-01 -1.279896259307861328e+00
4.162862300872802734e-01 -3.322481811046600342e-01 5.077797770500183105e-01 5.801230669021606445e-01 -2.171531170606613159e-01 -7.529005408287048340e-01 1.308169364929199219e+00 -2.108732014894485474e-01 -8.640386909246444702e-02 2.737833261489868164e-01 -2.213571667671203613e-01 7.255890369415283203e-01 5.753188729286193848e-01 -1.678422093391418457e-01
-3.250926733016967773e-01 -8.098778724670410156e-01 -4.721271097660064697e-01 8.487308621406555176e-01 2.221808880567550659e-01 1.926254481077194214e-01 -2.220589071512222290e-01 -2.406410127878189087e-01 -2.371316403150558472e-01 -3.007264733314514160e-01 2.092066407203674316e-01 -1.109199404716491699e+00 -1.805247068405151367e-01 -1.387188583612442017e-01
-7.353727817535400391e-01 5.952872335910797119e-02 -7.948603630065917969e-01 -6.691593527793884277e-01 -2.288439273834228516e+00 -1.284351944923400879e+00 9.654992818832397461e-01 5.355304479598999023e-01 6.367709040641784668e-01 -3.448827192187309265e-02 -4.145393669605255127e-01 -1.657211899757385254e+00 -3.905439853668212891e+00 4.179229736328125000e+00
3.617613077163696289e+00 1.112568378448486328e+00 4.482912063598632812e+00 6.837453246116638184e-01 1.688524484634399414e+00 2.532147407531738281e+00 5.669702887535095215e-01 6.129804849624633789e-01 1.597099304199218750e+00 -3.343242406845092773e+00 8.883721828460693359e-01 -1.610756516456604004e+00 9.240445494651794434e-01 4.230801582336425781e+00
-2.923193454742431641e+00 -4.596341401338577271e-02 8.555232882499694824e-01 -3.127801656723022461e+00 -3.088586330413818359e+00 1.390548110008239746e+00 -2.740498065948486328e+00 5.127004384994506836e-01 -9.470702409744262695e-01 4.473702430725097656e+00 3.320963859558105469e+00 -1.073610544204711914e+00 -7.159967422485351562e-01 1.551123499870300293e+00
3.298361003398895264e-01 1.589898392558097839e-02 -4.835164248943328857e-01 5.999010205268859863e-01 5.218377590179443359e+00 -5.538685321807861328e-01 1.174329757690429688e+00 2.996022999286651611e-01 -7.697595357894897461e-01 8.288601040840148926e-02 9.109192490577697754e-01 -1.166329145431518555e+00 1.574107408523559570e+00 -3.762941062450408936e-01
-5.392170548439025879e-01 7.369170188903808594e-01 -3.927333056926727295e-01 -2.682398319244384766e+00 1.479643821716308594e+00 5.138963460922241211e-02 8.671783804893493652e-01 4.174793720245361328e+00 -2.591578364372253418e-01 2.173750162124633789e+00 7.640979886054992676e-01 -2.654359102249145508e+00 1.504086971282958984e+00 3.482314109802246094e+00
-9.410567283630371094e-01 -1.240523755550384521e-01 4.137988090515136719e+00 -3.664808511734008789e+00 1.112726092338562012e+00 5.868526101112365723e-01 -2.094690084457397461e+00 2.904034137725830078e+00 -6.269684433937072754e-01 1.096633076667785645e+00 1.306385278701782227e+00 -2.485407114028930664e+00 1.554045438766479492e+00 4.171703815460205078e+00
-4.516119480133056641e+00 5.681310892105102539e-01 -7.694151401519775391e-01 -1.161446571350097656e+00 1.723758578300476074e+00 -1.645620912313461304e-01 -2.931816503405570984e-02 -8.954278379678726196e-02 -1.429527044296264648e+00 2.182511538267135620e-01 4.937536239624023438e+00 6.120211482048034668e-01 -1.248229026794433594e+00 2.532246112823486328e-01
-6.977612972259521484e-01 -6.444739699363708496e-01 -1.324113726615905762e+00 3.044613361358642578e+00 -1.474993109703063965e+00 -3.557625532150268555e+00 -1.971303299069404602e-02 -1.056538462638854980e+00 -7.505214214324951172e-01 -3.143942356109619141e-01 -4.598741531372070312e+00 7.170822024345397949e-01 1.357392787933349609e+00 -1.409300327301025391e+00
2.179337739944458008e+00 -1.109740614891052246e+00 7.701379060745239258e-01 2.261186122894287109e+00 3.261201083660125732e-01 -2.065394878387451172e+00 2.289048954844474792e-02 -2.938578605651855469e+00 -2.854616343975067139e-01 3.878676652908325195e+00 3.865943670272827148e+00 -1.081798434257507324e+00 -3.303541421890258789e+00 -2.124385595321655273e+00
1.774252764880657196e-02 -8.197508454322814941e-01 -5.340439081192016602e-01 5.337464809417724609e+00 8.227209448814392090e-01 5.770374536514282227e-01 1.178994774818420410e+00 -1.675711631774902344e+00 -1.580611109733581543e+00 1.775370091199874878e-01 1.394800186157226562e+00 -9.601731300354003906e-01 -3.620520234107971191e-01 4.466648027300834656e-02
1.661452412605285645e+00 4.503919124603271484e+00 9.425645470619201660e-01 -6.148214936256408691e-01 -3.681447729468345642e-02 1.268692493438720703e+00 -4.595876693725585938e+00 -6.806032359600067139e-02 1.921700835227966309e-01 2.508376836776733398e+00 4.443572461605072021e-02 -1.671258807182312012e+00 -2.831959426403045654e-01 -8.727675676345825195e-01
1.176189064979553223e+00 -8.236062526702880859e-01 3.952317237854003906e-01 3.640810251235961914e+00 7.681040167808532715e-01 -2.182335615158081055e+00 3.359661340713500977e+00 3.569838404655456543e-01 2.765515327453613281e+00 1.196161866188049316e+00 -7.694639563560485840e-01 1.562946796417236328e+00 3.888831615447998047e+00 -3.338063955307006836e+00
-6.671105027198791504e-01 -5.976645946502685547e-01 1.436906605958938599e-01 9.321479797363281250e-01 -9.134289026260375977e-01 -8.642879128456115723e-01 4.542366862297058105e-01 3.683386147022247314e-01 -3.035720586776733398e-01 -1.122166588902473450e-01 1.216621026396751404e-01 -9.007499366998672485e-02 5.457712411880493164e-01 -6.288245320320129395e-01
-1.153048396110534668e+00 -8.213795423507690430e-01 -5.029227733612060547e-01 -5.435866713523864746e-01 1.133468985557556152e+00 3.769433200359344482e-01 -1.798933267593383789e+00 -1.263743519783020020e+00 -4.763070940971374512e-01 -3.426844626665115356e-02 -5.415979623794555664e-01 9.977356791496276855e-01 -1.770571708679199219e+00 -6.758491396903991699e-01
-4.644884765148162842e-01 -1.052379727363586426e+00 6.265702843666076660e-02 1.403649210929870605e+00 -1.001386165618896484e+00 -5.569258928298950195e-01 -3.454171895980834961e+00 -4.071427583694458008e-01 -8.641721606254577637e-01 1.375862240791320801e+00 5.090110898017883301e-01 1.659092307090759277e+00 -2.148637920618057251e-01 6.177573204040527344e-01
3.170994281768798828e+00 -5.245059132575988770e-01 4.141898155212402344e+00 1.594148635864257812e+00 -1.299232006072998047e+00 2.009038209915161133e+00 -1.933341175317764282e-01 9.237998127937316895e-01 -7.849443554878234863e-01 2.262989997863769531e+00 8.914962410926818848e-01 3.117063760757446289e+00 -1.055747747421264648e+00 9.063768982887268066e-01
3.933349847793579102e+00 -7.099536061286926270e-01 -7.778472900390625000e-01 -8.462391495704650879e-01 1.802524805068969727e+00 1.650092244148254395e+00 1.970201730728149414e+00 3.510057687759399414e+00 9.920999407768249512e-01 -9.394362568855285645e-01 -4.188132882118225098e-01 -1.172143936157226562e+00 6.574631333351135254e-01 5.046737194061279297e-01
1.950312107801437378e-01 -1.135569572448730469e+00 -5.254281684756278992e-02 4.803813397884368896e-01 -3.289307117462158203e+00 -2.309273242950439453e+00 1.343351006507873535e-01 8.047076463699340820e-01 9.523299336433410645e-02 3.028089404106140137e-01 4.201344400644302368e-02 7.157370448112487793e-02 2.636542618274688721e-01 -7.869237065315246582e-01
2.966063499450683594e+00 -9.563336372375488281e-01 -1.179370999336242676e+00 -1.149546056985855103e-01 3.810992240905761719e+00 -2.571949720382690430e+00 -3.234044790267944336e+00 4.102880954742431641e+00 -3.255065083503723145e-01 -2.898541450500488281e+00 4.269115626811981201e-01 -7.904473543167114258e-01 -8.622156381607055664e-01 -4.147069752216339111e-01
1.635668873786926270e-01 4.319573640823364258e-01 -1.587207168340682983e-01 -5.243076086044311523e-01 -1.700036972761154175e-01 -1.232606649398803711e+00 4.343992471694946289e-01 -2.452632427215576172e+00 3.316822350025177002e-01 -6.313462257385253906e-01 2.557593286037445068e-01 2.890268266201019287e-01 7.098218202590942383e-01 1.099162027239799500e-01
4.780175089836120605e-01 -5.772452950477600098e-01 -4.913527667522430420e-01 1.760875880718231201e-01 1.165234297513961792e-01 7.279371619224548340e-01 3.354321122169494629e-01 -2.757632732391357422e-01 -6.249046698212623596e-02 6.517250537872314453e-01 1.674589514732360840e-01 2.292132750153541565e-02 3.572553098201751709e-01 1.218186989426612854e-01
4.314486026763916016e+00 3.656557321548461914e+00 -2.069361358880996704e-01 -5.770970582962036133e-01 -1.080994009971618652e+00 2.211488723754882812e+00 -1.243882440030574799e-02 2.691501379013061523e-01 3.204816341400146484e+00 -4.499524593353271484e+00 1.788811802864074707e+00 1.517954349517822266e+00 1.088528037071228027e+00 5.751031041145324707e-01
2.918271064758300781e+00 -1.182427287101745605e+00 -1.453493088483810425e-01 -2.074740231037139893e-01 -7.954664230346679688e-01 -9.048185348510742188e-01 9.044647812843322754e-01 2.839819669723510742e+00 -2.238103896379470825e-01 -1.350182175636291504e+00 2.646404743194580078e+00 2.332981586456298828e+00 1.058180570602416992e+00 -6.333115696907043457e-01
5.664899349212646484e-01 -2.145697593688964844e+00 -3.590391874313354492e+00 -2.029505372047424316e-01 2.154245853424072266e+00 -8.146392107009887695e-01 8.072701841592788696e-02 -3.902665078639984131e-01 -4.958992958068847656e+00 1.159070491790771484e+00 -4.504314661026000977e-01 -1.889969855546951294e-01 -1.115371227264404297e+00 -1.221700236201286316e-01
1.176666975021362305e+00 1.088119626045227051e+00 -9.098533987998962402e-01 -7.580029219388961792e-02 4.589676558971405029e-01 -1.572636365890502930e+00 -1.297898292541503906e-01 3.770795822143554688e+00 -8.594260811805725098e-01 -7.557060718536376953e-01 -1.208390668034553528e-01 -7.768151164054870605e-01 -6.943383216857910156e-01 -1.062042951583862305e+00
3.359774827957153320e+00 1.820490121841430664e+00 -8.444420993328094482e-02 8.856967836618423462e-02 -4.037149250507354736e-02 3.315049111843109131e-01 -9.556275606155395508e-02 -3.092494010925292969e+00 1.419847726821899414e+00 -3.205123662948608398e+00 4.250508248805999756e-01 2.201512604951858521e-01 3.403843641281127930e-01 2.149574279785156250e+00
-1.209175467491149902e+00 -1.113859653472900391e+00 -4.787009656429290771e-01 9.178761243820190430e-01 -5.131675601005554199e-01 -5.807852149009704590e-01 -5.674926638603210449e-01 -5.348895549774169922e+00 6.960754394531250000e-01 -3.273632004857063293e-02 1.496030330657958984e+00 -6.035971641540527344e-01 4.811418056488037109e+00 -1.538375616073608398e+00
3.089302778244018555e-02 7.742833495140075684e-01 1.253512978553771973e+00 4.865847527980804443e-01 3.047715425491333008e+00 -3.772737026214599609e+00 3.425672650337219238e-01 -1.945400595664978027e+00 4.481610774993896484e+00 4.060500562191009521e-01 -1.342864990234375000e+00 2.163826465606689453e+00 2.330995321273803711e+00 -3.895269393920898438e+00
1.118428349494934082e+00 -1.451789855957031250e+00 -9.187765717506408691e-01 6.561388969421386719e-01 -4.081352651119232178e-01 6.950219273567199707e-01 -4.601998805999755859e+00 9.356169104576110840e-01 3.210670948028564453e-01 -3.431601047515869141e+00 -7.082488536834716797e-01 9.782937765121459961e-01 1.230780005455017090e+00 -1.356038749217987061e-01
2.912626981735229492e+00 8.121288567781448364e-02 -2.090504646301269531e+00 -6.003527641296386719e-01 4.216914176940917969e+00 4.550217390060424805e-01 -1.574823111295700073e-01 -1.469314813613891602e+00 1.115297246724367142e-02 6.699543595314025879e-01 -2.578546047210693359e+00 1.751258969306945801e+00 4.559257924556732178e-01 9.804483056068420410e-01
-2.367496728897094727e+00 -2.540425539016723633e+00 -5.938633084297180176e-01 4.210019588470458984e+00 -1.562675833702087402e-01 7.697507739067077637e-01 5.315559506416320801e-01 3.450995206832885742e+00 1.305192470550537109e+00 4.709621518850326538e-02 -3.943055629730224609e+00 -2.868155837059020996e-01 9.932659566402435303e-02 3.799561977386474609e+00
-4.032545566558837891e+00 2.476854801177978516e+00 3.730948209762573242e+00 -9.934665560722351074e-01 3.593341410160064697e-01 4.466662406921386719e+00 -2.997772693634033203e-01 -6.551696062088012695e-01 -7.527410387992858887e-01 -1.567711710929870605e+00 -4.159410476684570312e+00 -8.921231627464294434e-01 2.341081619262695312e+00 -4.960853159427642822e-01
-2.759278379380702972e-02 -1.350291848182678223e+00 1.173897266387939453e+00 -4.579773902893066406e+00 2.795817136764526367e+00 -4.626345634460449219e-01 -2.174332857131958008e+00 -3.143427371978759766e+00 -2.030955404043197632e-01 -6.720113009214401245e-02 -4.267137050628662109e+00 3.264057636260986328e-02 -8.752803802490234375e-01 4.989412307739257812e+00
1.108638793230056763e-01 4.546918869018554688e+00 -1.096288561820983887e+00 2.511452674865722656e+00 3.950988531112670898e+00 5.228183746337890625e+00 1.426554769277572632e-01 -4.159718990325927734e+00 6.091997027397155762e-01 -1.695557311177253723e-02 1.318189501762390137e+00 -4.306733131408691406e+00 4.470240116119384766e+00 8.656359910964965820e-01
6.981790065765380859e-01 5.249214768409729004e-01 8.687909841537475586e-01 3.379097878932952881e-01 4.033243954181671143e-01 -3.691094815731048584e-01 -7.183524966239929199e-01 3.313543796539306641e-01 -2.968060672283172607e-01 3.499731793999671936e-02 -1.717162132263183594e-01 5.002365112304687500e-01 1.998545527458190918e+00 6.089227199554443359e-01
-8.070869445800781250e-01 3.112204968929290771e-01 -1.873580813407897949e-01 -7.177780270576477051e-01 -3.088309049606323242e+00 -4.171135425567626953e-01 -1.314377784729003906e+00 -1.088568806648254395e+00 -1.717777371406555176e+00 8.344333767890930176e-01 1.743270456790924072e-01 7.109648585319519043e-01 -1.947482705116271973e+00 -4.009771347045898438e-01
1.207659542560577393e-01 2.501960992813110352e-01 -7.477452158927917480e-01 1.013870984315872192e-01 6.272471696138381958e-02 5.588123947381973267e-02 2.047341018915176392e-01 1.864745616912841797e-01 -2.013076543807983398e-01 6.630666255950927734e-01 1.036836579442024231e-01 -4.185087978839874268e-02 -8.522962778806686401e-02 -1.468319725245237350e-02
4.118928015232086182e-01 -2.365746349096298218e-01 -1.767314791679382324e+00 -1.707098931074142456e-01 1.194326877593994141e+00 -6.853334307670593262e-01 -3.322943150997161865e-01 -3.383205413818359375e+00 -2.320381164550781250e+00 6.740157008171081543e-01 -7.126854062080383301e-01 2.057984471321105957e-01 -4.254180908203125000e+00 5.772219598293304443e-02
-4.997647404670715332e-01 8.062277436256408691e-01 2.195701450109481812e-01 -1.504864811897277832e+00 3.522935628890991211e+00 1.867163777351379395e-01 2.561506628990173340e-01 5.933488607406616211e-01 -9.197577834129333496e-01 4.202013969421386719e+00 1.269304513931274414e+00 1.003540039062500000e+00 6.713798046112060547e-01 3.036544322967529297e-01
1.038398072123527527e-01 -3.173633813858032227e+00 4.163668632507324219e+00 -6.861940771341323853e-02 6.610541939735412598e-01 5.157337188720703125e+00 -3.894059062004089355e-01 -1.881192922592163086e+00 6.883919835090637207e-01 1.074906468391418457e+00 2.236956655979156494e-01 9.621679186820983887e-01 1.977835744619369507e-01 -8.360418677330017090e-02
-3.360740542411804199e-01 -8.683883547782897949e-01 -9.074510335922241211e-01 4.000128209590911865e-01 2.296235412359237671e-01 -9.562726616859436035e-01 -1.325578570365905762e+00 4.217449724674224854e-01 -1.897540986537933350e-01 -5.421289205551147461e-01 2.351661175489425659e-01 5.479966402053833008e-01 1.027632057666778564e-01 -1.945339292287826538e-01
-1.241086721420288086e+00 -2.027549982070922852e+00 -4.406949877738952637e-01 3.704022243618965149e-02 -1.027192547917366028e-01 -3.803656101226806641e-01 2.301834672689437866e-01 5.908047556877136230e-01 1.253641396760940552e-01 -3.019270002841949463e-01 -1.950457245111465454e-01 4.760803580284118652e-01 2.156068086624145508e-01 -4.637578725814819336e-01
7.664901763200759888e-02 1.382183074951171875e+00 6.997799873352050781e-01 7.971460819244384766e-01 -1.041427850723266602e+00 2.560466229915618896e-01 -2.664813399314880371e-01 1.724625825881958008e+00 -1.164837598800659180e+00 3.957330465316772461e+00 -1.754453331232070923e-01 1.854388862848281860e-01 -6.625942885875701904e-02 5.337361097335815430e-01
4.944714903831481934e-01 -4.279376506805419922e+00 -3.542118072509765625e+00 2.763646364212036133e+00 -2.726695775985717773e+00 1.474807977676391602e+00 3.740085601806640625e+00 -3.712354421615600586e+00 1.591221570968627930e+00 2.278464078903198242e+00 9.074559807777404785e-01 1.819850921630859375e+00 8.328387737274169922e-01 6.958799362182617188e-01
-8.767390847206115723e-01 1.123058676719665527e+00 -1.414956688880920410e+00 -1.525141239166259766e+00 1.009600043296813965e+00 3.098117351531982422e+00 -1.250468254089355469e+00 5.507836937904357910e-01 -7.478743195533752441e-01 9.473885893821716309e-01 -2.575100660324096680e+00 -3.808574676513671875e+00 2.901614606380462646e-01 -4.857177734375000000e+00
5.518909096717834473e-01 4.141875267028808594e+00 9.909678995609283447e-02 -2.592189908027648926e-01 -1.020439863204956055e-01 -3.572962760925292969e+00 1.313592672348022461e+00 5.519322678446769714e-02 -9.749154448509216309e-01 5.783009529113769531e-01 -1.258138298988342285e+00 -6.539454460144042969e-01 -3.720520138740539551e-01 1.266326069831848145e+00
2.747203350067138672e+00 5.132834911346435547e-01 4.910922050476074219e+00 1.478971362113952637e+00 2.653816699981689453e+00 4.101053476333618164e-01 -5.444108247756958008e-01 -4.140412509441375732e-01 2.362089633941650391e+00 -1.000646829605102539e+00 2.960897445678710938e+00 3.855348825454711914e+00 -5.704249739646911621e-01 2.075659751892089844e+00
-2.538100779056549072e-01 6.092048883438110352e-01 -3.519507408142089844e+00 -2.204120159149169922e+00 -5.258682370185852051e-01 1.411479562520980835e-01 -8.190334439277648926e-01 -7.445214986801147461e-01 3.268780469894409180e+00 -1.459411263465881348e+00 1.152099296450614929e-01 1.231866478919982910e+00 1.313492655754089355e-01 -4.065172672271728516e+00
1.472163647413253784e-01 8.352161943912506104e-02 6.004289984703063965e-01 1.776733398437500000e-01 -3.410776853561401367e-01 3.275954350829124451e-02 6.968173384666442871e-02 6.518260240554809570e-01 -3.309981226921081543e-01 1.391191333532333374e-01 -3.676017522811889648e-01 -8.862032890319824219e-01 -3.047519624233245850e-01 -7.074794769287109375e-01
1.469961762428283691e+00 1.684179157018661499e-01 8.769641518592834473e-01 4.423660278320312500e+00 -5.599236488342285156e-01 9.015589356422424316e-01 -1.295441240072250366e-01 1.417905688285827637e+00 -1.274332404136657715e+00 4.557127058506011963e-01 1.746972948312759399e-01 6.359142065048217773e-01 -1.478626728057861328e+00 2.239292263984680176e-01
1.684985309839248657e-02 5.012280344963073730e-01 -1.704608321189880371e+00 8.120678067207336426e-01 9.134193509817123413e-02 -3.246322274208068848e-01 -3.995893001556396484e+00 -2.009490966796875000e+00 -9.428300857543945312e-01 -1.291676044464111328e+00 -2.728678584098815918e-01 -1.176624894142150879e+00 6.687249541282653809e-01 3.103458285331726074e-01
-8.780674338340759277e-01 7.816516160964965820e-01 -4.800341129302978516e+00 3.348183035850524902e-01 -4.139029502868652344e+00 -1.400708794593811035e+00 -1.037101030349731445e+00 -9.723500013351440430e-01 -4.346268251538276672e-02 -9.663896560668945312e-01 2.438003867864608765e-01 -5.700784921646118164e-01 -9.841176867485046387e-01 -9.224967360496520996e-01
-1.466625809669494629e+00 -1.285979747772216797e-01 -9.574590325355529785e-01 2.042829513549804688e+00 1.295629858970642090e+00 -2.676975488662719727e+00 -9.997244477272033691e-01 2.540954947471618652e-01 5.125313282012939453e+00 1.170753359794616699e+00 -9.144717454910278320e-02 -1.384196758270263672e+00 3.545951545238494873e-01 6.113760471343994141e-01
3.272194862365722656e+00 -2.703775838017463684e-02 3.635707199573516846e-01 -1.692588448524475098e+00 7.048502564430236816e-01 -1.613268733024597168e+00 -7.562128305435180664e-01 -4.010725975036621094e+00 4.927070736885070801e-01 1.028742045164108276e-01 -4.904818534851074219e+00 -9.371797442436218262e-01 -2.597208023071289062e+00 -1.846727490425109863e+00
5.821444392204284668e-01 1.615367770195007324e+00 -1.423099189996719360e-01 6.735070347785949707e-01 -6.180253624916076660e-01 -5.208796858787536621e-01 1.057911872863769531e+00 4.708483695983886719e+00 2.837949037551879883e+00 1.613378763198852539e+00 -7.666015625000000000e-01 1.582701876759529114e-02 -1.434495329856872559e+00 -1.205975174903869629e+00
2.509921550750732422e+00 -3.799874782562255859e-01 -2.088070362806320190e-01 1.213073968887329102e+00 2.592031002044677734e+00 -8.410274237394332886e-02 -2.518166303634643555e+00 4.778843402862548828e+00 -8.326885849237442017e-02 -1.223033666610717773e+00 2.126069545745849609e+00 -1.249527558684349060e-01 -1.036799103021621704e-01 3.730045258998870850e-01
1.024528816342353821e-01 9.719189405441284180e-01 -9.553700685501098633e-02 -4.161965370178222656e+00 -1.472610473632812500e+00 8.608818650245666504e-01 1.477574825286865234e+00 -1.530430793762207031e+00 3.351534605026245117e+00 -4.825111925601959229e-01 2.111264318227767944e-01 4.947897195816040039e-01 -1.422401666641235352e+00 4.474292755126953125e+00
-5.453400313854217529e-02 4.701317250728607178e-01 -3.135699629783630371e-01 6.293893456459045410e-01 1.138360857963562012e+00 -1.406519114971160889e-01 1.359524488449096680e+00 1.032766342163085938e+00 9.021949172019958496e-01 9.149439334869384766e-01 1.478614937514066696e-02 -9.608524292707443237e-02 2.344281673431396484e-01 4.648831784725189209e-01
-3.189719676971435547e+00 6.452417373657226562e-01 4.106889247894287109e+00 9.607501626014709473e-01 -1.643225364387035370e-02 -4.499687850475311279e-01 -3.772522687911987305e+00 2.445002555847167969e+00 -4.061162844300270081e-02 3.317058801651000977e+00 -2.902044951915740967e-01 1.533417105674743652e+00 -2.496793270111083984e+00 -1.148175716400146484e+00
-5.145953036844730377e-04 -1.152714729309082031e+00 6.937898397445678711e-01 2.268774032592773438e+00 -1.914669871330261230e-01 1.854283571243286133e+00 -8.342657685279846191e-01 -9.355641603469848633e-01 1.389148712158203125e+00 6.606891751289367676e-01 1.939660429954528809e+00 1.912955641746520996e+00 1.153988122940063477e+00 2.397661209106445312e+00
3.993393182754516602e-01 -7.533467561006546021e-02 4.919118583202362061e-01 -1.045850515365600586e+00 -1.661101460456848145e+00 4.656522274017333984e+00 2.099228948354721069e-01 -4.206305444240570068e-01 -1.921027064323425293e+00 1.249729514122009277e+00 3.326080560684204102e+00 -1.202715039253234863e+00 3.856936931610107422e+00 4.415792226791381836e-01
3.316630601882934570e+00 2.617842257022857666e-01 -8.819581270217895508e-01 2.300111055374145508e+00 -3.477309942245483398e-01 -5.629039406776428223e-01 -2.640482664108276367e+00 -4.116738796234130859e+00 -3.537668585777282715e-01 4.626348495483398438e+00 2.216184139251708984e+00 1.713084459304809570e+00 2.274350404739379883e+00 1.142917513847351074e+00
-1.682718992233276367e+00 9.565225243568420410e-02 -1.151572316884994507e-01 2.311054021120071411e-01 -3.091274797916412354e-01 -1.473419904708862305e+00 1.401566386222839355e+00 9.797782301902770996e-01 -5.064893960952758789e-01 -2.327564239501953125e+00 -2.195193469524383545e-01 -8.107389211654663086e-01 -6.641424894332885742e-01 3.194131135940551758e+00
-3.153613507747650146e-01 -4.676855564117431641e+00 1.100645899772644043e+00 -1.238420605659484863e+00 3.123662769794464111e-01 3.471795558929443359e+00 -9.634510874748229980e-01 -6.771203279495239258e-01 -1.025727748870849609e+00 -3.496201336383819580e-01 -1.420823097229003906e+00 -8.014387488365173340e-01 -1.873211860656738281e+00 -1.700884699821472168e+00
-1.468303680419921875e+00 1.621764421463012695e+00 1.841803550720214844e+00 -5.086510181427001953e-01 2.065495014190673828e+00 -2.114525079727172852e+00 1.026229619979858398e+00 2.449821233749389648e+00 -7.847242951393127441e-01 -4.235673427581787109e+00 4.178796410560607910e-01 1.544699549674987793e+00 -2.495305836200714111e-01 1.943996906280517578e+00
-7.646761536598205566e-01 8.045557141304016113e-01 -4.391191005706787109e+00 -2.664794027805328369e-01 -8.027935028076171875e-01 4.294342517852783203e+00 2.326350688934326172e+00 -2.994052171707153320e+00 4.251426458358764648e-01 1.249246716499328613e+00 -6.507504582405090332e-01 4.132211208343505859e+00 2.287205457687377930e+00 3.275414466857910156e+00
6.258025169372558594e-01 4.803762212395668030e-02 -4.233957290649414062e+00 4.653025269508361816e-01 -9.362471699714660645e-01 -2.463050365447998047e+00 5.867413282394409180e-01 -1.014379739761352539e+00 -2.389523983001708984e+00 -9.449469447135925293e-01 -1.779141426086425781e-01 2.267693430185317993e-01 -3.407360911369323730e-01 1.514538228511810303e-01
-4.476181030273437500e+00 -3.620573505759239197e-02 -9.519857764244079590e-01 -9.935050606727600098e-01 -8.398159742355346680e-01 3.140310049057006836e+00 -1.379022449254989624e-01 -4.318157196044921875e+00 -2.730650603771209717e-01 -5.110770463943481445e-01 -3.502968072891235352e+00 6.822956353425979614e-02 1.010685443878173828e+00 -7.199657559394836426e-01
-2.137286901473999023e+00 -4.707311093807220459e-01 -1.784623742103576660e+00 4.119139671325683594e+00 -1.974933594465255737e-01 -2.178520709276199341e-01 1.157454967498779297e+00 1.272044777870178223e+00 -1.221544861793518066e+00 -1.881975531578063965e+00 -4.720138609409332275e-01 2.651401281356811523e+00 8.645707964897155762e-01 -4.563449382781982422e+00
-3.830569982528686523e-01 1.769775032997131348e+00 -3.236434698104858398e+00 7.909306138753890991e-02 -3.057089567184448242e+00 7.326992750167846680e-01 4.190049171447753906e+00 -4.843602776527404785e-01 1.384109258651733398e+00 1.752338647842407227e+00 -4.183050692081451416e-01 -4.035614490509033203e+00 -1.539133310317993164e+00 2.869107723236083984e+00
1.301625490188598633e+00 -2.590698301792144775e-01 3.262729644775390625e+00 7.632189989089965820e-01 -1.785399675369262695e+00 1.209235787391662598e+00 6.660184860229492188e-01 1.425696313381195068e-01 1.019834518432617188e+00 1.916279435157775879e+00 1.147250771522521973e+00 2.665833234786987305e+00 5.214148759841918945e-02 1.322519779205322266e+00
-3.230285406112670898e+00 8.790517449378967285e-01 -8.377380371093750000e-01 -1.113603338599205017e-01 1.547775864601135254e-01 -8.798806667327880859e-01 -2.422445774078369141e+00 7.716543972492218018e-02 4.010573923587799072e-01 -2.041558027267456055e+00 6.172612309455871582e-01 -1.315892636775970459e-01 2.557173371315002441e-01 -5.289835333824157715e-01
3.294977545738220215e-01 5.932393074035644531e-01 -1.092947959899902344e+00 -9.763782024383544922e-01 -2.516630411148071289e+00 3.733417093753814697e-01 2.755359709262847900e-01 -2.726837061345577240e-02 -3.313980579376220703e+00 -1.477277278900146484e-01 -1.490440368652343750e+00 -1.511779189109802246e+00 7.419214248657226562e-01 -9.686083793640136719e-01
-2.339166402816772461e-01 -4.563763737678527832e-01 2.846430242061614990e-01 1.643572896718978882e-01 4.292271733283996582e-01 -5.375888347625732422e-01 2.124350965023040771e-01 1.167580336332321167e-01 5.627381801605224609e-02 1.156999111175537109e+00 8.869445323944091797e-02 -5.145586729049682617e-01 -6.568363904953002930e-01 -1.924801468849182129e-01
1.379816770553588867e+00 -5.275696516036987305e-01 -7.968384623527526855e-01 -7.952191233634948730e-01 1.497631222009658813e-01 -4.239451587200164795e-01 1.817738652229309082e+00 -7.954757809638977051e-01 2.569434642791748047e-01 1.154299139976501465e+00 -1.141007184982299805e+00 1.595472693443298340e+00 8.034340739250183105e-01 -1.802454739809036255e-01
-4.370012283325195312e-01 -3.642234206199645996e-01 -2.695896625518798828e+00 4.706398487091064453e+00 4.634431838989257812e+00 -1.414670646190643311e-01 -3.952527642250061035e-01 1.478657007217407227e+00 9.158153533935546875e-01 -2.057598352432250977e+00 -7.320438027381896973e-01 -4.415507316589355469e+00 -2.921051740646362305e+00 -8.323330879211425781e-01
2.737640030682086945e-02 3.447315990924835205e-01 -2.704612016677856445e-01 -1.604846864938735962e-02 1.264115869998931885e-01 -5.816225409507751465e-01 3.512329161167144775e-01 4.877918660640716553e-01 -1.594042927026748657e-01 4.636387526988983154e-01 -8.095044642686843872e-02 2.245240807533264160e-01 -2.692498564720153809e-01 2.110526710748672485e-01
3.357790708541870117e+00 -1.034801483154296875e+00 -2.355510473251342773e+00 -8.419637084007263184e-01 5.301100611686706543e-01 -3.684461593627929688e+00 -6.782835125923156738e-01 -3.746373653411865234e+00 -8.221824169158935547e-01 -3.961606502532958984e+00 1.093716263771057129e+00 2.099942684173583984e+00 1.674759268760681152e+00 7.029613852500915527e-01
1.256212234497070312e+00 5.488353222608566284e-02 -7.998399138450622559e-01 1.294610977172851562e+00 6.235334873199462891e-01 7.528237104415893555e-01 -8.510566353797912598e-01 -1.820587873458862305e+00 4.293941020965576172e+00 2.263355731964111328e+00 4.796660423278808594e+00 -1.384560346603393555e+00 1.235848426818847656e+00 1.223688721656799316e+00
-5.340369343757629395e-01 1.336660504341125488e+00 1.331279277801513672e+00 -7.944937348365783691e-01 -4.507534980773925781e+00 2.179139852523803711e+00 8.164956569671630859e-01 1.966097593307495117e+00 2.751323461532592773e+00 -1.477803111076354980e+00 -4.051167488098144531e+00 1.187950491905212402e+00 7.621888518333435059e-01 -2.267136722803115845e-01
8.112640380859375000e-01 9.994977116584777832e-01 -8.999699950218200684e-01 3.745422959327697754e-01 -9.703150391578674316e-01 -1.685481145977973938e-02 5.344264984130859375e+00 -3.769771456718444824e-01 -9.967617392539978027e-01 1.146991401910781860e-01 -1.179948374629020691e-01 1.190463542938232422e+00 -1.534828066825866699e+00 -3.393932878971099854e-01
-3.776719868183135986e-01 -2.798260450363159180e+00 -1.243958353996276855e+00 1.201548695564270020e+00 -1.035670489072799683e-01 9.143714904785156250e-01 -3.454770565032958984e+00 1.657757401466369629e+00 4.005399644374847412e-01 -4.440843105316162109e+00 5.426512360572814941e-01 -5.057254433631896973e-01 -3.916861414909362793e-01 -1.701004147529602051e+00
1.064530849456787109e+00 1.034650564193725586e+00 -6.283067911863327026e-02 -3.203559160232543945e+00 3.472586870193481445e-01 -1.620873928070068359e+00 -9.303994178771972656e-01 -2.659855969250202179e-02 1.562855094671249390e-01 7.071441411972045898e-01 -2.196494489908218384e-01 -9.066575765609741211e-01 -3.016965091228485107e-01 -3.017752885818481445e+00
-7.207539081573486328e-01 5.468558073043823242e-01 6.595068573951721191e-01 6.669626235961914062e-01 -2.526881456375122070e+00 -4.649946689605712891e-01 -4.735188484191894531e-01 -2.134782791137695312e+00 1.407613396644592285e+00 1.189563035964965820e+00 6.369202733039855957e-01 1.623380303382873535e+00 -1.142020344734191895e+00 -3.527330458164215088e-01
2.921340703964233398e+00 3.951561212539672852e+00 -9.773091077804565430e-01 -2.692393064498901367e+00 1.189542293548583984e+00 -2.731652498245239258e+00 7.419652938842773438e-01 8.813008069992065430e-01 -1.035047769546508789e+00 -1.093790411949157715e+00 1.151038527488708496e+00 1.752868533134460449e+00 2.640264511108398438e+00 7.482563257217407227e-01
-4.533513545989990234e+00 -7.231627106666564941e-01 -9.491100311279296875e-01 5.300501823425292969e+00 4.047807455062866211e-01 -2.545304059982299805e+00 -2.145660877227783203e+00 8.281868696212768555e-01 2.028388738632202148e+00 9.721757769584655762e-01 2.094381004571914673e-01 -1.269172668457031250e+00 3.133985027670860291e-02 3.643884897232055664e+00
2.081672191619873047e+00 -1.556440711021423340e+00 -3.055626749992370605e-01 -1.885141730308532715e+00 6.529432535171508789e-01 -2.553801536560058594e+00 -4.015513420104980469e+00 -4.270076751708984375e-01 2.593409419059753418e-01 2.101649343967437744e-02 4.386104941368103027e-01 7.637332677841186523e-01 1.828095078468322754e+00 -1.304999142885208130e-01
-3.727302789688110352e+00 7.088331580162048340e-01 3.255942463874816895e-02 -1.859668850898742676e+00 2.271439582109451294e-01 -2.950095236301422119e-01 3.408212184906005859e+00 4.175682663917541504e-01 -6.711918115615844727e-01 2.086288928985595703e+00 2.814897537231445312e+00 -4.329022407531738281e+00 1.569665789604187012e+00 -1.595047831535339355e+00
1.662295125424861908e-02 3.144344568252563477e+00 -3.203362226486206055e-01 -1.957398176193237305e+00 -1.277697324752807617e+00 3.541695475578308105e-01 8.971381783485412598e-01 3.179123997688293457e-01 -7.791115045547485352e-01 -7.332404255867004395e-01 6.515671610832214355e-01 3.141649484634399414e+00 7.501189708709716797e-01 4.453265666961669922e+00
7.926173806190490723e-01 4.918932542204856873e-02 -3.092966675758361816e-01 5.448045581579208374e-02 -5.045724511146545410e-01 -8.912331610918045044e-02 3.958853781223297119e-01 2.605322301387786865e-01 4.931915104389190674e-01 2.440929561853408813e-01 2.798911035060882568e-01 -4.236673712730407715e-01 -5.871430039405822754e-02 7.743800431489944458e-02
-3.727247953414916992e+00 -8.873745203018188477e-01 -1.594533324241638184e-01 1.438340395689010620e-01 -1.147139072418212891e+00 -8.019026517868041992e-01 -1.334272474050521851e-01 -9.201940894126892090e-01 -4.991339743137359619e-01 -1.953821182250976562e+00 7.174677848815917969e-01 -3.067732334136962891e+00 -7.903134822845458984e-01 -1.121667861938476562e+00
-4.490159988403320312e+00 8.776200562715530396e-02 -1.138771414756774902e+00 9.858378171920776367e-01 -1.090843677520751953e+00 1.628633856773376465e+00 -6.584690809249877930e-01 -1.461671143770217896e-01 -2.912744879722595215e-01 6.602045893669128418e-01 -3.017886281013488770e-01 2.024325609207153320e+00 8.591959476470947266e-01 2.952169775962829590e-01
1.258350372314453125e+00 -1.531231641769409180e+00 -5.308772087097167969e+00 -1.638481855392456055e+00 -2.662546634674072266e-01 1.336271286010742188e+00 -1.108623147010803223e+00 3.935565054416656494e-01 1.751037120819091797e+00 -2.682035446166992188e+00 1.818600177764892578e+00 -2.911259174346923828e+00 1.745532304048538208e-01 -3.982558846473693848e-01
1.002816200256347656e+00 -6.981905102729797363e-01 5.094901919364929199e-01 -6.127004623413085938e-01 -3.186398148536682129e-01 6.770862340927124023e-01 6.862540841102600098e-01 -2.811904907226562500e+00 -2.462249994277954102e+00 1.100024342536926270e+00 -1.666003823280334473e+00 -1.164772640913724899e-02 -8.954636007547378540e-02 -2.801557064056396484e+00
1.825501203536987305e+00 4.332648813724517822e-01 -5.707993507385253906e-01 -3.779984712600708008e-01 2.230448089540004730e-02 5.360915184020996094e+00 -3.571417033672332764e-01 6.401523947715759277e-02 4.340172111988067627e-01 1.833206534385681152e+00 -4.334916472434997559e-01 4.215676784515380859e-01 1.270209074020385742e+00 1.728399395942687988e-01
-2.114362716674804688e+00 8.127046227455139160e-01 2.661101222038269043e-01 -1.274461597204208374e-01 -3.464576244354248047e+00 1.351562380790710449e+00 3.245419025421142578e+00 -7.544819712638854980e-01 -3.649922087788581848e-02 -6.211190819740295410e-01 1.661679863929748535e+00 -1.155557394027709961e+00 -3.225804090499877930e+00 5.992318391799926758e-01
-4.284259974956512451e-01 3.328617572784423828e+00 -2.172024726867675781e+00 3.238307535648345947e-01 -4.899254068732261658e-02 -9.472238421440124512e-01 -7.796214222908020020e-01 1.697802305221557617e+00 5.839264988899230957e-01 -4.202063560485839844e+00 7.698093354701995850e-02 6.541619300842285156e-01 -1.153398394584655762e+00 2.786080837249755859e+00
8.715370893478393555e-01 -1.188505530357360840e+00 -1.781509444117546082e-02 3.469013869762420654e-01 -1.701437830924987793e+00 2.859436273574829102e-01 -1.227275848388671875e+00 9.729847908020019531e-01 -6.322972774505615234e-01 6.211651861667633057e-02 4.195070639252662659e-02 -1.035996317863464355e+00 -4.770629882812500000e+00 -2.542556762695312500e+00
-3.767412304878234863e-01 -7.972531020641326904e-02 -1.505748867988586426e+00 3.607511818408966064e-01 -9.043897390365600586e-01 1.452316284179687500e+00 -3.504642486572265625e+00 6.322197318077087402e-01 5.745799541473388672e-01 1.249371170997619629e+00 -2.892093658447265625e+00 4.481898248195648193e-01 6.265924572944641113e-01 1.064662486314773560e-01
1.754679918289184570e+00 -1.750447511672973633e+00 -1.391021013259887695e+00 -4.499002933502197266e+00 3.196906745433807373e-01 2.760309278964996338e-01 -1.463997662067413330e-01 -6.800932884216308594e-01 1.245634436607360840e+00 -5.064865350723266602e-01 4.324440956115722656e-01 -7.419472336769104004e-01 -2.586536407470703125e+00 -4.490232467651367188e+00
2.520239591598510742e+00 -9.502348899841308594e-01 -4.963501691818237305e-01 3.874340295791625977e+00 3.369480371475219727e-02 -3.778456449508666992e-01 8.246535658836364746e-01 1.689669489860534668e+00 3.614415824413299561e-01 1.096310243010520935e-01 -9.361248016357421875e-01 9.418225884437561035e-01 4.388855099678039551e-01 -2.246846556663513184e-01
2.561172842979431152e-01 -5.429588317871093750e+00 -1.125708699226379395e+00 -4.500248432159423828e+00 -4.056988656520843506e-01 -7.408095598220825195e-01 1.244633078575134277e+00 -1.824588775634765625e+00 -1.787016034126281738e+00 -9.641723632812500000e-01 7.014998793601989746e-01 -4.522879600524902344e+00 1.442119330167770386e-01 5.208317041397094727e-01
-1.432274699211120605e+00 -3.924107789993286133e+00 4.986376762390136719e+00 -2.708269119262695312e+00 1.322819590568542480e+00 3.243398904800415039e+00 6.652905941009521484e-01 -3.728711903095245361e-01 -2.443377077579498291e-01 3.124855279922485352e+00 -9.577835798263549805e-01 -2.321314811706542969e+00 2.692654132843017578e+00 -3.559049129486083984e+00
-1.248627185821533203e+00 -6.931325197219848633e-01 -2.816926240921020508e+00 -2.607862234115600586e+00 -8.950931429862976074e-01 1.321892976760864258e+00 -4.014408588409423828e+00 1.698703467845916748e-01 -2.431152582168579102e+00 -1.675060629844665527e+00 -4.450119972229003906e+00 9.777090549468994141e-01 -3.141310214996337891e-01 5.612085461616516113e-01
-3.910586237907409668e-02 -3.049476146697998047e-01 -1.297649741172790527e+00 5.469954609870910645e-01 -5.207785964012145996e-01 3.374776244163513184e-01 3.527699410915374756e-01 3.817126512527465820e+00 1.250320374965667725e-01 -1.479519724845886230e+00 6.011122465133666992e-01 1.215509533882141113e+00 -3.974806547164916992e+00 8.036572337150573730e-01
-1.394231766462326050e-01 3.502982556819915771e-01 -2.684669792652130127e-01 6.177424788475036621e-01 7.193059921264648438e-01 -5.066047906875610352e-01 -8.780683875083923340e-01 9.679202437400817871e-01 -6.861621886491775513e-02 1.587549448013305664e-01 3.590269982814788818e-01 -4.176146686077117920e-01 7.764337062835693359e-01 2.316194176673889160e-01
-1.790085434913635254e+00 -6.679631471633911133e-01 -2.645274996757507324e-01 -4.189663827419281006e-01 -5.663625597953796387e-01 1.230772256851196289e+00 -1.379080057144165039e+00 5.309295058250427246e-01 -7.738582491874694824e-01 -5.507694482803344727e-01 4.924626648426055908e-02 7.450704574584960938e-01 -8.859190940856933594e-01 -3.858737230300903320e+00
5.135559082031250000e+00 3.791176378726959229e-01 -1.597818851470947266e+00 -1.108805164694786072e-01 -8.724306821823120117e-01 2.470073461532592773e+00 1.404024958610534668e-01 1.372909426689147949e+00 4.383974075317382812e+00 1.412192821502685547e+00 -1.764796495437622070e+00 1.162936568260192871e+00 4.034594058990478516e+00 -3.742237329483032227e+00
-1.608076691627502441e+00 -1.107576012611389160e+00 -8.716765642166137695e-01 2.493388175964355469e+00 1.388140201568603516e+00 -1.537337779998779297e+00 1.978143215179443359e+00 4.723718762397766113e-01 -3.327437490224838257e-02 -2.275283336639404297e-01 -3.704131841659545898e-01 4.044413566589355469e+00 5.171998977661132812e+00 -2.573694288730621338e-01
1.320409655570983887e+00 -1.300908327102661133e-01 5.732701420783996582e-01 9.951313734054565430e-01 2.154224663972854614e-01 9.853277802467346191e-01 4.671776592731475830e-01 4.038200855255126953e+00 9.273998737335205078e-01 5.252528190612792969e-01 1.460243821144104004e+00 1.014112308621406555e-01 3.388777375221252441e-01 3.029710292816162109e+00
1.026084423065185547e+00 -1.025163292884826660e+00 -2.912038564682006836e-01 6.229399517178535461e-02 7.912598550319671631e-02 1.775425225496292114e-01 -2.155508100986480713e-01 4.397275745868682861e-01 7.570846006274223328e-03 5.070105660706758499e-03 1.484269499778747559e-01 5.551473498344421387e-01 5.232878923416137695e-01 4.285281300544738770e-01
-3.687407672405242920e-01 -3.350051343441009521e-01 -1.302836656570434570e+00 -4.766465425491333008e-01 -3.657644033432006836e+00 -1.888233065605163574e+00 6.894965171813964844e-01 -7.591773867607116699e-01 6.576914787292480469e-01 4.123767018318176270e-01 1.590228267014026642e-02 4.077435970306396484e+00 8.183898776769638062e-02 -1.160150170326232910e+00
-3.441423475742340088e-01 9.637263417243957520e-01 3.387792408466339111e-01 3.919356465339660645e-01 -2.867240905761718750e+00 7.467532157897949219e-01 1.849070310592651367e+00 -4.438028633594512939e-01 1.099635958671569824e+00 1.007379055023193359e+00 5.022967979311943054e-02 1.072940587997436523e+00 3.267465591430664062e+00 8.686398863792419434e-01
2.215766906738281250e+00 -4.506042957305908203e+00 3.996280670166015625e+00 -1.608310490846633911e-01 -1.705845236778259277e+00 6.129220724105834961e-01 -2.014578342437744141e+00 3.235298991203308105e-01 2.876174151897430420e-01 -1.031549334526062012e+00 2.583078622817993164e+00 -2.470032930374145508e+00 1.178041696548461914e+00 1.942432880401611328e+00
-4.151225090026855469e-02 -1.305559515953063965e+00 9.841874241828918457e-01 9.122506380081176758e-01 6.862819790840148926e-01 -7.080525904893875122e-02 -1.168856501579284668e+00 2.128835916519165039e+00 2.061962127685546875e+00 7.118146419525146484e-01 3.946051299571990967e-01 -9.524993896484375000e-01 5.430659651756286621e-01 1.738242983818054199e+00
2.761610969901084900e-02 -5.192531943321228027e-01 -2.311508655548095703e-01 1.002881646156311035e+00 -5.258814692497253418e-01 -2.255796939134597778e-01 -6.828935742378234863e-01 1.710424542427062988e+00 7.386909723281860352e-01 -8.946981430053710938e-01 6.470156908035278320e-01 -1.175202369689941406e+00 4.581070542335510254e-01 5.882268548011779785e-01
-3.202934563159942627e-01 -3.479759991168975830e-01 1.691436290740966797e+00 6.159061193466186523e-01 -2.041682720184326172e+00 6.557011604309082031e-01 -3.584588412195444107e-03 8.328966498374938965e-01 -5.335043907165527344e+00 -1.375523090362548828e+00 3.669254064559936523e+00 -3.623321056365966797e-01 2.925760984420776367e+00 -3.801088631153106689e-01
-2.716851472854614258e+00 2.592682361602783203e+00 -1.159634709358215332e+00 -1.106180548667907715e+00 2.571947276592254639e-01 -1.272576749324798584e-01 6.325486302375793457e-01 3.317247331142425537e-01 -4.996992349624633789e-01 4.046543538570404053e-01 -3.960369527339935303e-01 2.815529704093933105e-01 1.072362717241048813e-02 1.596409440040588379e+00
3.702378511428833008e+00 4.920791685581207275e-01 -4.572212219238281250e+00 3.366300463676452637e-01 8.684230446815490723e-01 -8.339669704437255859e-01 -3.478162288665771484e-01 3.375265121459960938e+00 -4.044193267822265625e+00 4.759913682937622070e-02 -1.211507543921470642e-01 -1.404308557510375977e+00 1.005534768104553223e+00 -1.487749457359313965e+00
-5.983803868293762207e-01 3.480513691902160645e-01 -9.369744062423706055e-01 -1.438260436058044434e+00 -1.421492397785186768e-01 2.482648372650146484e+00 8.539595007896423340e-01 4.822760581970214844e+00 1.210554003715515137e+00 8.417971134185791016e-01 -3.006818532943725586e+00 2.517990112304687500e+00 3.068868875503540039e+00 -8.317351341247558594e-01
4.328911900520324707e-01 4.234150409698486328e+00 3.851631879806518555e-01 -1.071880608797073364e-01 -3.764643073081970215e-01 -1.778578758239746094e-01 2.680685222148895264e-01 2.885445952415466309e-01 -1.794448196887969971e-01 -6.135113239288330078e-01 -6.260632872581481934e-01 -4.008934974670410156e+00 -1.307144999504089355e+00 -1.824518889188766479e-01
8.599399924278259277e-01 4.664058685302734375e-01 2.281802892684936523e+00 1.836344599723815918e-01 -2.806735932826995850e-01 3.813540935516357422e-01 1.651877045631408691e+00 -4.397238731384277344e+00 -4.527505397796630859e+00 -6.130762100219726562e-01 5.158200740814208984e+00 2.112748861312866211e+00 -7.010573148727416992e-01 8.147130608558654785e-01
3.408506393432617188e+00 -5.303385734558105469e+00 7.303349971771240234e-01 -1.834909319877624512e-01 -4.784272670745849609e+00 1.580462455749511719e-01 -9.682767987251281738e-01 2.692109346389770508e-01 -6.503857970237731934e-01 -2.436550140380859375e+00 6.074504852294921875e-01 2.894748449325561523e-01 6.503729224205017090e-01 -5.370132923126220703e-01
-3.127075433731079102e+00 2.412940740585327148e+00 1.418734788894653320e+00 -1.138301134109497070e+00 5.231674909591674805e-01 -1.242786645889282227e+00 3.368688225746154785e-01 -1.465808510780334473e+00 4.578022956848144531e-01 4.080878257751464844e+00 2.006967067718505859e+00 1.012836337089538574e+00 -1.994088590145111084e-01 1.628672361373901367e+00
1.827026009559631348e-01 2.944934181869029999e-02 1.344346880912780762e+00 5.071272253990173340e-01 1.378056555986404419e-01 -1.342761665582656860e-01 9.217454195022583008e-01 -5.063961744308471680e-01 1.159777760505676270e+00 5.845048427581787109e-01 -3.064026236534118652e-01 5.128160715103149414e-01 8.298326730728149414e-01 1.016245961189270020e+00
-2.152052521705627441e-01 -2.090129852294921875e+00 2.153520107269287109e+00 5.224176049232482910e-01 -2.267554283142089844e+00 -3.257493972778320312e+00 -3.124970793724060059e-01 -2.820836305618286133e+00 4.306752681732177734e-01 6.559656858444213867e-01 -1.646688222885131836e+00 1.446498274803161621e+00 -1.150750741362571716e-01 8.074116706848144531e-01
8.972415328025817871e-01 7.064270973205566406e-02 -8.449640870094299316e-01 -4.356966018676757812e-01 2.767086923122406006e-01 -3.490157127380371094e-01 -1.763142943382263184e+00 4.743125140666961670e-01 -9.469688683748245239e-02 -1.150779128074645996e-01 1.066836953163146973e+00 -3.727089762687683105e-01 1.188916444778442383e+00 -1.740907192230224609e+00
-9.283084422349929810e-02 5.170332193374633789e-01 3.002976775169372559e-01 1.494726985692977905e-01 9.521211385726928711e-01 4.120093584060668945e-01 3.415488481521606445e+00 4.006319999694824219e+00 1.330034375190734863e+00 5.077934741973876953e+00 -1.750931024551391602e+00 2.017830610275268555e-01 -1.328730225563049316e+00 -1.651958584785461426e+00
4.598352015018463135e-01 1.370007753372192383e+00 5.014449357986450195e-01 -2.073990553617477417e-01 -2.965422630310058594e+00 1.183970049023628235e-01 1.514812856912612915e-01 -9.662320613861083984e-01 -2.650077044963836670e-01 1.680530309677124023e+00 2.172081708908081055e+00 4.862284660339355469e+00 -1.169236183166503906e+00 3.144311308860778809e-01
4.955998361110687256e-01 -3.397106230258941650e-01 1.888056099414825439e-01 -5.024180412292480469e-01 1.646520376205444336e+00 -3.725341260433197021e-01 5.896365270018577576e-02 2.636209487915039062e+00 -1.020936012268066406e+00 8.485472202301025391e-01 1.501538991928100586e+00 -3.230537414550781250e+00 1.651088595390319824e+00 -4.055274963378906250e+00
-3.443416595458984375e+00 3.581571578979492188e-02 -1.760069876909255981e-01 -1.171637773513793945e+00 -2.284351825714111328e+00 -7.994869947433471680e-01 -9.979004412889480591e-02 1.337686777114868164e+00 -6.105204224586486816e-01 -1.204232096672058105e+00 1.719853281974792480e+00 -1.453002095222473145e+00 2.640020251274108887e-01 -3.419058561325073242e+00
4.712186157703399658e-01 -4.450829327106475830e-01 9.799503087997436523e-01 -4.159240722656250000e+00 4.862501621246337891e+00 -2.959054946899414062e+00 8.833700418472290039e-01 -3.445018529891967773e-01 -3.877321720123291016e+00 -2.511654615402221680e+00 -3.842525780200958252e-01 1.277500152587890625e+00 6.807803362607955933e-02 4.202908515930175781e+00
3.446093320846557617e+00 1.368062019348144531e+00 -3.751373767852783203e+00 5.360900163650512695e-01 1.609598517417907715e+00 2.083104372024536133e+00 1.314462065696716309e+00 9.740480780601501465e-01 -5.537198781967163086e-01 8.651022911071777344e-01 5.090520381927490234e+00 -1.125146031379699707e+00 -4.178534984588623047e+00 -6.575367450714111328e-01
-3.449393033981323242e+00 -1.622451841831207275e-01 1.274861097335815430e-01 6.655113697052001953e-01 6.254883408546447754e-01 -2.642272949218750000e+00 4.052086472511291504e-01 1.258739948272705078e+00 2.465324163436889648e+00 -5.333331823348999023e-01 8.085247278213500977e-01 -8.433559536933898926e-01 -3.087504506111145020e-01 1.177497029304504395e+00
-7.150101661682128906e-01 -7.142708301544189453e-01 3.503934442996978760e-01 -2.221689224243164062e+00 8.163501024246215820e-01 2.453998565673828125e+00 1.805465936660766602e+00 7.043161392211914062e-01 1.852147728204727173e-01 -3.807261213660240173e-02 -3.623711585998535156e+00 1.375885009765625000e-01 9.761537313461303711e-01 -7.626762390136718750e-01
1.720225572586059570e+00 -1.632493138313293457e-01 6.562984585762023926e-01 1.590757369995117188e-01 -9.079077839851379395e-02 -4.685009121894836426e-01 4.075089693069458008e-01 4.318533837795257568e-02 -1.369450055062770844e-02 7.911750078201293945e-01 -1.926694214344024658e-01 -7.289953231811523438e-01 6.535823941230773926e-01 4.386625587940216064e-01
3.088452339172363281e+00 2.872871160507202148e-01 1.445707321166992188e+00 6.513943076133728027e-01 1.281601041555404663e-01 -7.414383888244628906e-01 9.741779565811157227e-01 9.596316814422607422e-01 -3.455802440643310547e+00 1.261198401451110840e+00 -9.566758275032043457e-01 4.257625043392181396e-01 2.945570945739746094e+00 -5.042290687561035156e-02
1.856661140918731689e-01 -3.563514947891235352e-01 1.723917573690414429e-01 1.060501113533973694e-01 -6.109611988067626953e-01 1.831628978252410889e-01 -7.073069363832473755e-02 3.893671333789825439e-01 -2.570521533489227295e-01 5.758847594261169434e-01 -4.533325135707855225e-01 -4.123166799545288086e-01 -5.920061469078063965e-01 -3.342421650886535645e-01
-3.089884281158447266e+00 3.621200323104858398e-01 -2.195730924606323242e+00 -1.295233368873596191e+00 5.452764034271240234e-01 7.227237820625305176e-01 2.226201772689819336e+00 -3.983703851699829102e+00 -7.219375371932983398e-01 6.162502169609069824e-01 -7.681488394737243652e-01 -1.854048669338226318e-01 -2.632423639297485352e+00 -3.594386816024780273e+00
3.676087856292724609e-01 -1.306411862373352051e+00 -1.751919388771057129e-01 2.235091209411621094e+00 -1.225393652915954590e+00 1.217436790466308594e+00 -1.653630733489990234e+00 1.678407907485961914e+00 -1.201421380043029785e+00 4.040544629096984863e-01 -7.697711586952209473e-01 1.062122464179992676e+00 -2.953288145363330841e-02 -5.324252843856811523e-01
-8.319953829050064087e-02 -4.298762977123260498e-01 -3.942277431488037109e-01 1.463512420654296875e+00 4.635723114013671875e+00 1.741454482078552246e+00 3.331933319568634033e-01 1.071650743484497070e+00 1.684271544218063354e-01 7.702232897281646729e-02 -7.794097661972045898e-01 -4.119479954242706299e-01 5.173752903938293457e-01 3.415057063102722168e-01
-4.093907177448272705e-01 4.362777233123779297e+00 4.529922008514404297e+00 2.651207923889160156e+00 -4.856067299842834473e-01 1.494742512702941895e+00 -1.705590009689331055e+00 3.096221089363098145e-01 1.695622324943542480e+00 -1.401645421981811523e+00 8.739518523216247559e-01 1.959942221641540527e+00 -1.764138221740722656e+00 -2.843822002410888672e+00
-5.542126893997192383e-01 -6.396399736404418945e-01 -6.348186731338500977e-01 5.563854575157165527e-01 -1.247718572616577148e+00 8.144328370690345764e-03 -1.855495125055313110e-01 3.823632597923278809e-01 -2.321785539388656616e-01 -3.133052289485931396e-01 -5.490443110466003418e-01 -1.571001410484313965e-01 -2.493930757045745850e-01 -3.061775863170623779e-01
6.399965882301330566e-01 6.631363034248352051e-01 -1.751889288425445557e-01 -7.413642853498458862e-02 -4.012365937232971191e-01 -1.984607428312301636e-01 1.561774253845214844e+00 3.546009659767150879e-01 3.097146749496459961e-01 -3.453250825405120850e-01 9.557798504829406738e-02 9.921547770500183105e-01 -3.642962500452995300e-02 -3.807590723037719727e+00
-2.264249920845031738e-01 8.486306071281433105e-01 -1.476233959197998047e+00 -8.343858644366264343e-03 -1.213298439979553223e+00 2.513312101364135742e-01 2.393302917480468750e-01 3.575957059860229492e+00 -2.787113785743713379e-01 5.213974118232727051e-01 4.041508585214614868e-02 5.012631416320800781e-03 1.864949226379394531e+00 -1.637387394905090332e+00
-1.399296998977661133e+00 -4.072334766387939453e+00 -8.929467797279357910e-01 -3.746768474578857422e+00 5.274111032485961914e-01 1.437138676643371582e+00 2.738390684127807617e+00 2.036803245544433594e+00 4.651579856872558594e+00 3.112867116928100586e+00 2.796358764171600342e-01 -5.273470282554626465e-01 -2.981675267219543457e-01 4.535832881927490234e+00
1.548438668251037598e+00 3.884181261062622070e+00 1.002210140228271484e+00 2.501575231552124023e+00 8.172737956047058105e-01 -6.224157214164733887e-01 -7.730617523193359375e-01 -3.421964645385742188e-01 5.117145180702209473e-01 8.434490561485290527e-01 -9.462476968765258789e-01 -1.503370888531208038e-02 5.874562263488769531e-01 1.088435053825378418e+00
-1.149089813232421875e+00 4.827364534139633179e-02 5.547087788581848145e-01 -6.919313669204711914e-01 6.673560142517089844e-01 9.615728855133056641e-01 1.437061429023742676e+00 -6.098035573959350586e-01 -2.031934261322021484e-01 -6.328795105218887329e-02 -6.262437105178833008e-01 3.991947174072265625e-01 3.833181262016296387e-01 -5.154743790626525879e-01
8.630761504173278809e-01 -5.008367300033569336e-01 -1.199555873870849609e+00 -6.230531930923461914e-01 -2.542307972908020020e-01 3.004353642463684082e-01 1.108299374580383301e+00 2.121532559394836426e-01 2.173204161226749420e-02 5.168977752327919006e-02 1.752754747867584229e-01 -9.399896860122680664e-01 3.670943677425384521e-01 -7.093955874443054199e-01
6.917562484741210938e-01 -4.155960559844970703e+00 9.471566975116729736e-02 -5.085072517395019531e-01 -1.822391867637634277e+00 4.081650376319885254e-01 5.264588356018066406e+00 -2.530755400657653809e-01 4.155866205692291260e-01 -9.809014797210693359e-01 -1.970268845558166504e+00 3.423585891723632812e+00 -1.118790745735168457e+00 -3.719478607177734375e+00
2.324313402175903320e+00 -1.090326070785522461e+00 9.691810011863708496e-01 2.037071228027343750e+00 -1.529615402221679688e+00 -1.062956094741821289e+00 1.755024433135986328e+00 -3.169124841690063477e+00 -6.891042590141296387e-01 -5.508878454566001892e-02 -6.984716653823852539e-01 -4.237207412719726562e+00 -3.202707529067993164e+00 1.175097107887268066e+00
-5.297118425369262695e-01 2.011011093854904175e-01 -3.927488327026367188e-01 -2.787052869796752930e+00 -2.765867710113525391e-01 -4.254044532775878906e+00 2.966999076306819916e-02 3.521162271499633789e-01 -3.024643957614898682e-01 -7.606729865074157715e-01 -7.303264141082763672e-01 4.100112318992614746e-01 -3.954737424850463867e+00 -3.312682867050170898e+00
7.920978665351867676e-01 2.228566646575927734e+00 2.280143499374389648e+00 -4.049026370048522949e-01 1.299413442611694336e+00 3.065579414367675781e+00 3.208191692829132080e-01 -3.456785529851913452e-02 -4.940976142883300781e+00 -2.926416695117950439e-01 -3.298804461956024170e-01 3.304531812667846680e+00 -7.264218330383300781e-01 3.266200542449951172e+00
-1.297490000724792480e+00 -1.965098619461059570e+00 2.352326363325119019e-01 -3.484164476394653320e-01 7.731088995933532715e-01 -2.657190799713134766e+00 -2.629112005233764648e+00 -1.394265055656433105e+00 5.519884109497070312e+00 -3.042694568634033203e+00 1.236497044563293457e+00 -8.613970875740051270e-01 -1.420931577682495117e+00 4.601985514163970947e-01
-9.030343890190124512e-01 -3.787941932678222656e+00 -1.901312947273254395e+00 5.091363430023193359e+00 3.267480134963989258e+00 8.105976134538650513e-02 3.609766960144042969e+00 -2.177562952041625977e+00 2.044730074703693390e-02 -3.285272836685180664e+00 -3.578402996063232422e+00 4.399724483489990234e+00 -2.218254089355468750e+00 -4.410050213336944580e-01
9.516310691833496094e-01 -1.129289031028747559e+00 4.630922526121139526e-02 4.026157557964324951e-01 4.272925853729248047e+00 5.621114969253540039e-01 -3.149820268154144287e-01 -2.954148292541503906e+00 -1.984784364700317383e+00 2.835740566253662109e+00 -1.004923701286315918e+00 -3.454449892044067383e+00 -6.307259202003479004e-02 -8.729135394096374512e-01
8.938209414482116699e-01 4.561831951141357422e+00 -4.398825645446777344e+00 2.873148024082183838e-01 9.239572286605834961e-01 6.077672243118286133e-01 -4.003884315490722656e+00 -1.770451068878173828e+00 3.812781870365142822e-01 1.012123584747314453e+00 -2.859308004379272461e+00 -7.252963781356811523e-01 2.130829542875289917e-02 2.176284074783325195e+00
-7.814913988113403320e-05 -7.245997190475463867e-01 -1.402921378612518311e-01 -3.688292205333709717e-01 -3.773034214973449707e-01 -2.275176197290420532e-01 7.077421993017196655e-02 4.708051979541778564e-01 5.191998183727264404e-02 -8.028320968151092529e-02 -8.626919239759445190e-02 -6.121822595596313477e-01 6.910369545221328735e-02 -1.469819843769073486e-01
3.070278465747833252e-01 5.128381252288818359e-01 -2.937109470367431641e-01 -6.683650016784667969e-01 -9.246514439582824707e-01 -5.189502239227294922e-01 3.871789693832397461e+00 -3.057319164276123047e+00 -1.975339353084564209e-01 1.030757650732994080e-01 -2.738726139068603516e+00 -4.076995372772216797e+00 -8.144142627716064453e-01 -5.583403110504150391e-01
-7.940537929534912109e-01 -4.380898475646972656e-01 1.315036416053771973e-01 -1.059166550636291504e+00 8.346365690231323242e-01 2.723675370216369629e-01 1.293463468551635742e+00 -2.681206166744232178e-01 -4.465198040008544922e+00 -9.360288977622985840e-01 -6.568565964698791504e-01 -6.266953945159912109e-01 9.636095762252807617e-01 -7.378739118576049805e-01
-1.842787414789199829e-01 1.493805766105651855e+00 -8.857214450836181641e-01 3.054864168167114258e+00 -1.272637695074081421e-01 6.151471734046936035e-01 8.128877282142639160e-01 -9.716849923133850098e-01 1.155058383941650391e+00 4.486435890197753906e+00 -1.088602542877197266e+00 5.467500686645507812e-01 2.380903005599975586e+00 -2.718644440174102783e-01
-6.397923827171325684e-02 1.117653399705886841e-01 2.444883435964584351e-01 3.273418247699737549e-01 -2.114318013191223145e-01 8.130281567573547363e-01 -1.475185751914978027e-01 2.936324477195739746e-01 3.607443273067474365e-01 -4.380897060036659241e-02 4.785447418689727783e-01 3.916578888893127441e-01 -2.211773246526718140e-01 1.816830039024353027e-01
-7.294807434082031250e-01 1.288476228713989258e+00 -5.349799990653991699e-01 -4.033832073211669922e+00 -3.188402578234672546e-02 -2.726126015186309814e-01 -3.621158003807067871e-01 -4.025417864322662354e-01 4.541796207427978516e+00 2.353061884641647339e-01 6.814443469047546387e-01 1.703808426856994629e+00 3.709125816822052002e-01 -9.714538455009460449e-01
-4.413257598876953125e+00 6.246568560600280762e-01 4.571737721562385559e-02 -6.695276498794555664e-01 3.121822178363800049e-01 2.258894741535186768e-01 -2.494253516197204590e-01 -7.546008825302124023e-01 1.627875685691833496e+00 -8.811855316162109375e-01 9.475508928298950195e-01 -3.298124670982360840e-01 -1.451067805290222168e+00 -3.134230375289916992e+00
-1.345437169075012207e+00 -3.005401611328125000e+00 7.226418852806091309e-01 -2.159131467342376709e-01 3.091063499450683594e+00 -1.121101304888725281e-01 -1.852257370948791504e+00 -2.887769043445587158e-01 9.939145445823669434e-01 -6.141204237937927246e-01 1.453386187553405762e+00 -2.052620798349380493e-02 -2.568463802337646484e+00 1.126150131225585938e+00
-1.383226215839385986e-01 9.062710404396057129e-01 -8.260600566864013672e-01 -2.163465976715087891e+00 1.622191071510314941e+00 9.643670916557312012e-01 -3.350576400756835938e+00 -1.178990840911865234e+00 -1.535029292106628418e+00 -2.491413116455078125e+00 6.102190818637609482e-03 1.958766460418701172e+00 -6.935502290725708008e-01 -5.643892288208007812e-02
2.823189735412597656e+00 2.640611648559570312e+00 -1.570683240890502930e+00 1.005691766738891602e+00 -6.511133909225463867e-01 -1.771301150321960449e+00 -1.040153622627258301e+00 -2.738866806030273438e-01 -4.299961090087890625e+00 4.308684825897216797e+00 4.618618488311767578e+00 -2.155694007873535156e+00 2.997658252716064453e-01 -1.043920159339904785e+00
-1.981554508209228516e+00 -2.638112068176269531e+00 6.753224134445190430e-01 2.144842892885208130e-01 -4.490437805652618408e-01 -4.023201942443847656e+00 -2.220777124166488647e-01 -4.639047622680664062e+00 -4.348332405090332031e+00 -3.048058509826660156e+00 -2.069382190704345703e+00 -5.151883125305175781e+00 -2.281093358993530273e+00 3.321986675262451172e+00
-5.109366774559020996e-01 -3.448107957839965820e+00 -2.057833194732666016e+00 -4.319967329502105713e-01 -3.241530358791351318e-01 -1.323514342308044434e+00 -1.174835920333862305e+00 -3.385472893714904785e-01 -4.523796081542968750e+00 3.795818984508514404e-01 -4.315205574035644531e+00 -8.036998510360717773e-01 -5.515193343162536621e-01 -2.243514657020568848e-01
-1.188960790634155273e+00 3.169957995414733887e-01 -4.676968455314636230e-01 -2.687670469284057617e+00 -5.783188939094543457e-01 7.998633384704589844e-01 2.797205448150634766e-01 -1.509332656860351562e+00 1.571212112903594971e-01 1.364188671112060547e+00 -3.488766849040985107e-01 -7.814802527427673340e-01 8.913689255714416504e-01 -2.618201971054077148e+00
-2.636979222297668457e-01 -5.565271973609924316e-01 2.605461776256561279e-01 1.923935413360595703e+00 4.364772796630859375e+00 -8.408451080322265625e-02 -2.315463304519653320e+00 3.401445388793945312e+00 4.149042129516601562e+00 2.368889331817626953e+00 2.333303727209568024e-02 -1.202150344848632812e+00 1.571263670921325684e+00 -1.492996662855148315e-01
-2.054853141307830811e-01 -4.101476192474365234e+00 9.998923540115356445e-01 -9.326046109199523926e-01 6.486829519271850586e-01 1.526688933372497559e-01 -8.169610500335693359e-01 1.809604316949844360e-01 4.897336661815643311e-01 3.066240251064300537e-01 -2.513786315917968750e+00 -1.443735122680664062e+00 -8.609113693237304688e-01 -9.510986804962158203e-01
-1.677183359861373901e-01 4.113117754459381104e-01 1.337965726852416992e+00 7.974491268396377563e-02 2.106667995452880859e+00 -9.506876021623611450e-02 2.488970518112182617e+00 5.716434121131896973e-01 -6.143761277198791504e-01 -2.718828201293945312e+00 -2.911676466464996338e-01 -5.983051061630249023e-01 -7.890012115240097046e-02 6.046106219291687012e-01
-2.401770055294036865e-01 5.675026774406433105e-01 -4.895547628402709961e-01 -1.799647957086563110e-01 -1.150711774826049805e+00 -3.598587036132812500e+00 3.920280694961547852e+00 7.319265007972717285e-01 -1.045811653137207031e+00 3.058188557624816895e-01 1.183422327041625977e+00 -1.088913083076477051e+00 -2.563462018966674805e+00 -2.872616350650787354e-01
