2.501627802848815918e-01
2.501439452171325684e-01
2.501254975795745850e-01
2.501072287559509277e-01
2.500892579555511475e-01
2.500714957714080811e-01
2.500539720058441162e-01
2.500367760658264160e-01
2.500196397304534912e-01
2.500028908252716064e-01
2.499863207340240479e-01
2.499700188636779785e-01
2.499538511037826538e-01
2.499379366636276245e-01
2.499222904443740845e-01
2.499067932367324829e-01
2.498914748430252075e-01
2.498764097690582275e-01
2.498615682125091553e-01
2.498469054698944092e-01
2.498324215412139893e-01
2.498181611299514771e-01
2.498040050268173218e-01
2.497900873422622681e-01
2.497763931751251221e-01
2.497628480195999146e-01
2.497494071722030640e-01
2.497362792491912842e-01
2.497232109308242798e-01
2.497103214263916016e-01
2.496976256370544434e-01
2.496851086616516113e-01
2.496727257966995239e-01
2.496605515480041504e-01
2.496484816074371338e-01
2.496365755796432495e-01
2.496248036623001099e-01
2.496132105588912964e-01
2.496017515659332275e-01
2.495904117822647095e-01
2.495792955160140991e-01
2.495682388544082642e-01
2.495573312044143677e-01
2.495465278625488281e-01
2.495359182357788086e-01
2.495254129171371460e-01
2.495149970054626465e-01
2.495047897100448608e-01
2.494946569204330444e-01
2.494846433401107788e-01
2.494747042655944824e-01
2.494650185108184814e-01
2.494553476572036743e-01
2.494457960128784180e-01
2.494363039731979370e-01
2.494270205497741699e-01
2.494178265333175659e-01
2.494086921215057373e-01
2.493997067213058472e-01
2.493907958269119263e-01
2.493819594383239746e-01
2.493733465671539307e-01
2.493647038936614990e-01
2.493561804294586182e-01
2.493477761745452881e-01
2.493394464254379272e-01
2.493312507867813110e-01
2.493230998516082764e-01
2.493150383234024048e-01
2.493070513010025024e-01
2.492991983890533447e-01
2.492914050817489624e-01
2.492837458848953247e-01
2.492760568857192993e-01
2.492685616016387939e-01
2.492610812187194824e-01
2.492536604404449463e-01
2.492463439702987671e-01
2.492391318082809448e-01
2.492319792509078979e-01
2.492248564958572388e-01
2.492178678512573242e-01
2.492108941078186035e-01
2.492039799690246582e-01
2.491971850395202637e-01
2.491904497146606445e-01
2.491837888956069946e-01
2.491771429777145386e-01
2.491705566644668579e-01
2.491641044616699219e-01
2.491576671600341797e-01
2.491512894630432129e-01
2.491450160741806030e-01
2.491387426853179932e-01
2.491326183080673218e-01
2.491264343261718750e-01
2.491204142570495605e-01
2.491143494844436646e-01
2.491084039211273193e-01
2.491025179624557495e-01
2.490966618061065674e-01
2.490908503532409668e-01
2.490851134061813354e-01
2.490794211626052856e-01
2.490737289190292358e-01
2.490681409835815430e-01
2.490625977516174316e-01
2.490570992231369019e-01
2.490516155958175659e-01
2.490462213754653931e-01
2.490408718585968018e-01
2.490355223417282104e-01
2.490302920341491699e-01
2.490250766277313232e-01
2.490198463201522827e-01
2.490146756172180176e-01
2.490096241235733032e-01
2.490045726299285889e-01
2.489995360374450684e-01
2.489945590496063232e-01
2.489896267652511597e-01
2.489847093820571899e-01
2.489798814058303833e-01
2.489750236272811890e-01
2.489702850580215454e-01
2.489655315876007080e-01
2.489608228206634521e-01
2.489560991525650024e-01
2.489514946937561035e-01
2.489469200372695923e-01
2.489423304796218872e-01
2.489377856254577637e-01
2.489333003759384155e-01
2.489288300275802612e-01
2.489244192838668823e-01
2.489199638366699219e-01
2.489156723022460938e-01
2.489113062620162964e-01
2.489069998264312744e-01
2.489027380943298340e-01
2.488985359668731689e-01
2.488942891359329224e-01
2.488901168107986450e-01
2.488860040903091431e-01
2.488818913698196411e-01
2.488777786493301392e-01
2.488737255334854126e-01
2.488696724176406860e-01
2.488656789064407349e-01
2.488617002964019775e-01
2.488577663898468018e-01
2.488538324832916260e-01
2.488499581813812256e-01
2.488460689783096313e-01
2.488422393798828125e-01
2.488384246826171875e-01
2.488346397876739502e-01
2.488308548927307129e-01
2.488271445035934448e-01
2.488234341144561768e-01
2.488197535276412964e-01
2.488160133361816406e-01
2.488124072551727295e-01
2.488088309764862061e-01
2.488052546977996826e-01
2.488016635179519653e-01
2.487980723381042480e-01
2.487945854663848877e-01
2.487910687923431396e-01
2.487875968217849731e-01
2.487841993570327759e-01
2.487807124853134155e-01
2.487773448228836060e-01
2.487738579511642456e-01
2.487705349922180176e-01
2.487672418355941772e-01
2.487639188766479492e-01
2.487605661153793335e-01
2.487573176622390747e-01
2.487540245056152344e-01
2.487507611513137817e-01
2.487475275993347168e-01
2.487443834543228149e-01
2.487411648035049438e-01
2.487379908561706543e-01
2.487348616123199463e-01
2.487317174673080444e-01
2.487286180257797241e-01
2.487255185842514038e-01
2.487224787473678589e-01
2.487193346023559570e-01
2.487163543701171875e-01
2.487133294343948364e-01
2.487103492021560669e-01
2.487073540687561035e-01
2.487044185400009155e-01
2.487014681100845337e-01
2.486985176801681519e-01
2.486956268548965454e-01
2.486927211284637451e-01
2.486898452043533325e-01
2.486869394779205322e-01
2.486841529607772827e-01
2.486812919378280640e-01
2.486784905195236206e-01
2.486756891012191772e-01
2.486729174852371216e-01
2.486701458692550659e-01
2.486673891544342041e-01
2.486646771430969238e-01
2.486619204282760620e-01
2.486592233180999756e-01
2.486565858125686646e-01
2.486538887023925781e-01
2.486512213945388794e-01
2.486485391855239868e-01
2.486459761857986450e-01
2.486433535814285278e-01
2.486407160758972168e-01
2.486381381750106812e-01
2.486355751752853394e-01
2.486330121755599976e-01
2.486304640769958496e-01
2.486279606819152832e-01
2.486254423856735229e-01
2.486229240894317627e-01
2.486204653978347778e-01
2.486179620027542114e-01
2.486155033111572266e-01
2.486130297183990479e-01
2.486106455326080322e-01
2.486082017421722412e-01
2.486058175563812256e-01
2.486033886671066284e-01
2.486009746789932251e-01
2.485986799001693726e-01
2.485962957143783569e-01
2.485939264297485352e-01
2.485915720462799072e-01
2.485892623662948608e-01
2.485869377851486206e-01
2.485846728086471558e-01
2.485823780298233032e-01
2.485801279544830322e-01
2.485778033733367920e-01
2.485755831003189087e-01
2.485733628273010254e-01
2.485711723566055298e-01
2.485689520835876465e-01
2.485667169094085693e-01
2.485645264387130737e-01
2.485622763633728027e-01
2.485601752996444702e-01
2.485579848289489746e-01
2.485558092594146729e-01
2.485536932945251465e-01
2.485515624284744263e-01
2.485494911670684814e-01
2.485473603010177612e-01
2.485452592372894287e-01
2.485432177782058716e-01
2.485411167144775391e-01
2.485390454530715942e-01
2.485369890928268433e-01
2.485349327325820923e-01
2.485329657793045044e-01
2.485308796167373657e-01
2.485289126634597778e-01
2.485268563032150269e-01
2.485248744487762451e-01
2.485229074954986572e-01
2.485208958387374878e-01
2.485189884901046753e-01
2.485169917345046997e-01
2.485149949789047241e-01
2.485131174325942993e-01
2.485111802816390991e-01
2.485092729330062866e-01
2.485073804855346680e-01
2.485054731369018555e-01
2.485035359859466553e-01
2.485017031431198120e-01
2.484998255968093872e-01
2.484979182481765747e-01
2.484961003065109253e-01
2.484942823648452759e-01
2.484923899173736572e-01
2.484905719757080078e-01
2.484887391328811646e-01
2.484869360923767090e-01
2.484851032495498657e-01
2.484833449125289917e-01
2.484815865755081177e-01
2.484797835350036621e-01
2.484780251979827881e-01
2.484762221574783325e-01
2.484744936227798462e-01
2.484727501869201660e-01
2.484710514545440674e-01
2.484692633152008057e-01
2.484675794839859009e-01
2.484658211469650269e-01
2.484641671180725098e-01
2.484624236822128296e-01
2.484607398509979248e-01
2.484590262174606323e-01
2.484574019908905029e-01
2.484557330608367920e-01
2.484540492296218872e-01
2.484524399042129517e-01
2.484507560729980469e-01
2.484491020441055298e-01
2.484475374221801758e-01
2.484459280967712402e-01
2.484442442655563354e-01
2.484426796436309814e-01
2.484409958124160767e-01
2.484394460916519165e-01
2.484378963708877563e-01
2.484362572431564331e-01
2.484346926212310791e-01
2.484330981969833374e-01
2.484315484762191772e-01
2.484300285577774048e-01
2.484284639358520508e-01
2.484268993139266968e-01
2.484253942966461182e-01
2.484238743782043457e-01
2.484223395586013794e-01
2.484208047389984131e-01
2.484192848205566406e-01
2.484177798032760620e-01
2.484163343906402588e-01
2.484148740768432617e-01
2.484133094549179077e-01
2.484118640422821045e-01
2.484104037284851074e-01
2.484089285135269165e-01
2.484074681997299194e-01
2.484060078859329224e-01
2.484045624732971191e-01
2.484031021595001221e-01
2.484016567468643188e-01
2.484002262353897095e-01
2.483988106250762939e-01
2.483974099159240723e-01
2.483959645032882690e-01
2.483946084976196289e-01
2.483932077884674072e-01
2.483917921781539917e-01
2.483904361724853516e-01
2.483889907598495483e-01
2.483876496553421021e-01
2.483862787485122681e-01
2.483849078416824341e-01
2.483835518360137939e-01
2.483821511268615723e-01
2.483807802200317383e-01
2.483794987201690674e-01
2.483781278133392334e-01
2.483768016099929810e-01
2.483754456043243408e-01
2.483741194009780884e-01
2.483727782964706421e-01
2.483715116977691650e-01
2.483701854944229126e-01
2.483688741922378540e-01
2.483675777912139893e-01
2.483663111925125122e-01
2.483649700880050659e-01
2.483637183904647827e-01
2.483624219894409180e-01
2.483611553907394409e-01
2.483598589897155762e-01
2.483586370944976807e-01
2.483573555946350098e-01
2.483560740947723389e-01
2.483548521995544434e-01
2.483535856008529663e-01
2.483523190021514893e-01
2.483510971069335938e-01
2.483498752117156982e-01
2.483487129211425781e-01
2.483474165201187134e-01
2.483461946249008179e-01
2.483450025320053101e-01
2.483437210321426392e-01
2.483425587415695190e-01
2.483413517475128174e-01
2.483401298522949219e-01
2.483389675617218018e-01
2.483377754688262939e-01
2.483365684747695923e-01
2.483353465795516968e-01
2.483341991901397705e-01
2.483330518007278442e-01
2.483318895101547241e-01
2.483306825160980225e-01
2.483295351266860962e-01
2.483283877372741699e-01
2.483272403478622437e-01
2.483260184526443481e-01
2.483249306678771973e-01
2.483237832784652710e-01
2.483226358890533447e-01
2.483215630054473877e-01
2.483203560113906860e-01
2.483192682266235352e-01
2.483181208372116089e-01
2.483170181512832642e-01
2.483159005641937256e-01
2.483147680759429932e-01
2.483136206865310669e-01
2.483125478029251099e-01
2.483114749193191528e-01
2.483103275299072266e-01
2.483092844486236572e-01
2.483081519603729248e-01
2.483070790767669678e-01
2.483059763908386230e-01
2.483049035072326660e-01
2.483038604259490967e-01
2.483027279376983643e-01
2.483017295598983765e-01
2.483006417751312256e-01
2.482995539903640747e-01
2.482985109090805054e-01
2.482974678277969360e-01
2.482963800430297852e-01
2.482953071594238281e-01
2.482943087816238403e-01
2.482932060956954956e-01
2.482921928167343140e-01
2.482911646366119385e-01
2.482901662588119507e-01
2.482890933752059937e-01
2.482880055904388428e-01
2.482870668172836304e-01
2.482860386371612549e-01
2.482849806547164917e-01
2.482839822769165039e-01
2.482829540967941284e-01
2.482819557189941406e-01
2.482809871435165405e-01
2.482799291610717773e-01
2.482789307832717896e-01
2.482779026031494141e-01
2.482769340276718140e-01
2.482759207487106323e-01
2.482749223709106445e-01
2.482739537954330444e-01
2.482730001211166382e-01
2.482720464468002319e-01
2.482710182666778564e-01
2.482700198888778687e-01
2.482690960168838501e-01
2.482680678367614746e-01
2.482671439647674561e-01
2.482661157846450806e-01
2.482652068138122559e-01
2.482642084360122681e-01
2.482632547616958618e-01
2.482623010873794556e-01
2.482613772153854370e-01
2.482604235410690308e-01
2.482594698667526245e-01
2.482585161924362183e-01
2.482575625181198120e-01
2.482566386461257935e-01
2.482557594776153564e-01
2.482547610998153687e-01
2.482538521289825439e-01
2.482528984546661377e-01
2.482519745826721191e-01
2.482510507106781006e-01
2.482501268386840820e-01
2.482492178678512573e-01
2.482482492923736572e-01
2.482473403215408325e-01
2.482464313507080078e-01
2.482455521821975708e-01
2.482445836067199707e-01
2.482437044382095337e-01
2.482427954673767090e-01
2.482418715953826904e-01
2.482409477233886719e-01
2.482400834560394287e-01
2.482391893863677979e-01
2.482382804155349731e-01
2.482373714447021484e-01
2.482364773750305176e-01
2.482356131076812744e-01
2.482347637414932251e-01
2.482338696718215942e-01
2.482329607009887695e-01
2.482320815324783325e-01
2.482312023639678955e-01
2.482303231954574585e-01
2.482294738292694092e-01
2.482285350561141968e-01
