2.492364794015884399e-01
2.492337524890899658e-01
2.492309659719467163e-01
2.492282539606094360e-01
2.492254972457885742e-01
2.492228448390960693e-01
2.492201179265975952e-01
2.492174208164215088e-01
2.492147386074066162e-01
2.492120712995529175e-01
2.492093741893768311e-01
2.492066770792007446e-01
2.492040395736694336e-01
2.492014169692993164e-01
2.491987645626068115e-01
2.491961419582366943e-01
2.491934895515441895e-01
2.491908669471740723e-01
2.491882741451263428e-01
2.491856813430786133e-01
2.491830736398696899e-01
2.491804659366607666e-01
2.491779029369354248e-01
2.491752803325653076e-01
2.491727471351623535e-01
2.491701990365982056e-01
2.491676658391952515e-01
2.491651475429534912e-01
2.491625845432281494e-01
2.491600513458251953e-01
2.491575777530670166e-01
2.491550743579864502e-01
2.491525858640670776e-01
2.491501122713088989e-01
2.491476386785507202e-01
2.491451203823089600e-01
2.491426467895507812e-01
2.491402179002761841e-01
2.491377890110015869e-01
2.491352856159210205e-01
2.491328567266464233e-01
2.491303980350494385e-01
2.491279542446136475e-01
2.491255700588226318e-01
2.491231709718704224e-01
2.491207718849182129e-01
2.491183429956436157e-01
2.491159886121749878e-01
2.491136044263839722e-01
2.491112202405929565e-01
2.491088956594467163e-01
2.491065561771392822e-01
2.491041421890258789e-01
2.491018474102020264e-01
2.490994632244110107e-01
2.490971535444259644e-01
2.490948289632797241e-01
2.490924894809722900e-01
2.490901947021484375e-01
2.490878850221633911e-01
2.490855455398559570e-01
2.490832954645156860e-01
2.490809857845306396e-01
2.490787059068679810e-01
2.490764558315277100e-01
2.490741759538650513e-01
2.490719109773635864e-01
2.490696758031845093e-01
2.490674257278442383e-01
2.490652352571487427e-01
2.490630149841308594e-01
2.490607649087905884e-01
2.490585446357727051e-01
2.490562945604324341e-01
2.490541487932205200e-01
2.490519583225250244e-01
2.490497380495071411e-01
2.490475624799728394e-01
2.490454167127609253e-01
2.490431666374206543e-01
2.490410357713699341e-01
2.490388602018356323e-01
2.490366995334625244e-01
2.490345239639282227e-01
2.490323930978775024e-01
2.490302473306655884e-01
2.490281462669372559e-01
2.490260154008865356e-01
2.490238994359970093e-01
2.490218132734298706e-01
2.490196824073791504e-01
2.490175813436508179e-01
2.490154504776000977e-01
2.490133941173553467e-01
2.490112632513046265e-01
2.490092217922210693e-01
2.490071356296539307e-01
2.490050941705703735e-01
2.490030229091644287e-01
2.490009814500808716e-01
2.489988952875137329e-01
2.489968389272689819e-01
2.489948123693466187e-01
2.489927560091018677e-01
2.489907741546630859e-01
2.489887624979019165e-01
2.489867210388183594e-01
2.489846944808959961e-01
2.489826828241348267e-01
2.489807307720184326e-01
2.489787042140960693e-01
2.489767074584960938e-01
2.489747405052185059e-01
2.489727586507797241e-01
2.489708065986633301e-01
2.489688396453857422e-01
2.489668428897857666e-01
2.489649355411529541e-01
2.489629536867141724e-01
2.489609867334365845e-01
2.489590942859649658e-01
2.489571422338485718e-01
2.489551901817321777e-01
2.489532530307769775e-01
2.489513605833053589e-01
2.489494532346725464e-01
2.489475011825561523e-01
2.489456534385681152e-01
2.489437758922576904e-01
2.489418685436248779e-01
2.489399462938308716e-01
2.489380836486816406e-01
2.489361912012100220e-01
2.489343732595443726e-01
2.489324659109115601e-01
2.489306181669235229e-01
2.489287257194519043e-01
2.489269077777862549e-01
2.489250153303146362e-01
2.489231973886489868e-01
2.489213794469833374e-01
2.489195317029953003e-01
2.489177137613296509e-01
2.489158809185028076e-01
2.489140033721923828e-01
2.489122003316879272e-01
2.489104121923446655e-01
2.489085942506790161e-01
2.489067763090133667e-01
2.489049434661865234e-01
2.489031404256820679e-01
2.489013671875000000e-01
2.488995939493179321e-01
2.488978058099746704e-01
2.488960325717926025e-01
2.488942444324493408e-01
2.488924711942672729e-01
2.488907277584075928e-01
2.488889545202255249e-01
2.488872110843658447e-01
2.488854378461837769e-01
2.488837242126464844e-01
2.488819658756256104e-01
2.488802373409271240e-01
2.488785088062286377e-01
2.488767951726913452e-01
2.488750666379928589e-01
2.488733530044555664e-01
2.488716393709182739e-01
2.488699257373809814e-01
2.488682121038436890e-01
2.488665431737899780e-01
2.488647997379302979e-01
2.488631308078765869e-01
2.488614320755004883e-01
2.488597482442855835e-01
2.488580793142318726e-01
2.488563954830169678e-01
2.488547563552856445e-01
2.488530874252319336e-01
2.488514333963394165e-01
2.488497346639633179e-01
2.488480955362319946e-01
2.488464415073394775e-01
2.488447874784469604e-01
2.488431483507156372e-01
2.488415539264678955e-01
2.488398849964141846e-01
2.488382309675216675e-01
2.488366365432739258e-01
2.488349974155426025e-01
2.488333731889724731e-01
2.488317638635635376e-01
2.488301247358322144e-01
2.488285303115844727e-01
2.488269507884979248e-01
2.488253414630889893e-01
2.488237470388412476e-01
2.488221526145935059e-01
2.488205581903457642e-01
2.488189637660980225e-01
2.488173842430114746e-01
2.488158047199249268e-01
2.488142102956771851e-01
2.488126456737518311e-01
2.488110661506652832e-01
2.488095313310623169e-01
2.488079369068145752e-01
2.488063871860504150e-01
2.488048374652862549e-01
2.488033026456832886e-01
2.488017380237579346e-01
2.488002330064773560e-01
2.487986832857131958e-01
2.487971186637878418e-01
2.487956136465072632e-01
2.487940788269042969e-01
2.487925142049789429e-01
2.487910091876983643e-01
2.487895190715789795e-01
2.487879991531372070e-01
2.487864792346954346e-01
2.487849891185760498e-01
2.487834841012954712e-01
2.487820088863372803e-01
2.487805336713790894e-01
2.487789988517761230e-01
2.487775236368179321e-01
2.487760186195373535e-01
2.487745285034179688e-01
2.487730532884597778e-01
2.487715482711791992e-01
2.487701028585433960e-01
2.487685978412628174e-01
2.487671226263046265e-01
2.487656921148300171e-01
2.487642168998718262e-01
2.487627118825912476e-01
2.487613111734390259e-01
2.487598806619644165e-01
2.487583756446838379e-01
2.487569451332092285e-01
2.487555146217346191e-01
2.487540394067764282e-01
2.487526088953018188e-01
2.487511783838272095e-01
2.487497329711914062e-01
2.487483024597167969e-01
2.487469017505645752e-01
2.487454414367675781e-01
2.487440556287765503e-01
2.487426400184631348e-01
2.487412393093109131e-01
2.487398386001586914e-01
2.487384080886840820e-01
2.487370371818542480e-01
2.487356364727020264e-01
2.487342059612274170e-01
2.487328052520751953e-01
2.487314045429229736e-01
2.487300187349319458e-01
2.487286180257797241e-01
2.487272620201110840e-01
2.487258911132812500e-01
2.487245202064514160e-01
2.487231343984603882e-01
2.487217634916305542e-01
2.487204372882843018e-01
2.487190365791320801e-01
2.487176656723022461e-01
2.487163245677947998e-01
2.487149089574813843e-01
2.487135827541351318e-01
2.487122565507888794e-01
2.487109005451202393e-01
2.487095892429351807e-01
2.487081885337829590e-01
2.487068623304367065e-01
2.487055361270904541e-01
2.487042099237442017e-01
2.487028390169143677e-01
2.487015426158905029e-01
2.487002015113830566e-01
2.486988753080368042e-01
2.486975491046905518e-01
2.486962825059890747e-01
2.486949414014816284e-01
2.486936450004577637e-01
2.486923187971115112e-01
2.486910223960876465e-01
2.486897110939025879e-01
2.486883848905563354e-01
2.486870884895324707e-01
2.486858218908309937e-01
2.486845254898071289e-01
2.486832439899444580e-01
2.486819475889205933e-01
2.486806660890579224e-01
2.486793845891952515e-01
2.486780881881713867e-01
2.486768066883087158e-01
2.486755400896072388e-01
2.486742883920669556e-01
2.486730068922042847e-01
2.486717402935028076e-01
2.486705034971237183e-01
2.486692219972610474e-01
2.486679404973983765e-01
2.486666887998580933e-01
2.486654371023178101e-01
2.486641854047775269e-01
2.486629337072372437e-01
2.486617118120193481e-01
2.486604154109954834e-01
2.486592084169387817e-01
2.486579418182373047e-01
2.486567050218582153e-01
2.486554682254791260e-01
2.486542463302612305e-01
2.486530095338821411e-01
2.486517727375030518e-01
2.486505657434463501e-01
2.486493289470672607e-01
2.486481070518493652e-01
2.486468702554702759e-01
2.486456334590911865e-01
2.486444413661956787e-01
2.486432045698165894e-01
2.486420124769210815e-01
2.486408054828643799e-01
2.486396282911300659e-01
2.486384063959121704e-01
2.486371695995330811e-01
2.486360073089599609e-01
2.486347854137420654e-01
2.486335933208465576e-01
2.486323714256286621e-01
2.486311793327331543e-01
2.486299872398376465e-01
2.486287951469421387e-01
2.486276328563690186e-01
2.486264705657958984e-01
2.486252784729003906e-01
2.486240714788436890e-01
2.486228942871093750e-01
2.486217617988586426e-01
2.486205548048019409e-01
2.486193776130676270e-01
2.486182004213333130e-01
2.486170530319213867e-01
2.486159056425094604e-01
2.486147284507751465e-01
2.486135661602020264e-01
2.486124187707901001e-01
2.486112564802169800e-01
2.486101090908050537e-01
2.486089169979095459e-01
2.486077845096588135e-01
2.486066371202468872e-01
2.486054748296737671e-01
2.486043423414230347e-01
2.486031949520111084e-01
2.486021071672439575e-01
2.486009597778320312e-01
2.485997974872589111e-01
2.485986351966857910e-01
2.485975027084350586e-01
2.485963702201843262e-01
2.485952228307723999e-01
2.485941648483276367e-01
2.485929727554321289e-01
2.485918849706649780e-01
2.485907524824142456e-01
2.485896199941635132e-01
2.485884726047515869e-01
2.485873699188232422e-01
2.485862672328948975e-01
2.485851198434829712e-01
2.485840022563934326e-01
2.485828995704650879e-01
2.485818117856979370e-01
2.485806792974472046e-01
2.485795766115188599e-01
2.485784888267517090e-01
2.485773861408233643e-01
2.485762983560562134e-01
2.485751956701278687e-01
2.485740631818771362e-01
2.485730051994323730e-01
2.485719621181488037e-01
2.485708296298980713e-01
2.485697418451309204e-01
2.485686391592025757e-01
2.485675364732742310e-01
2.485664933919906616e-01
2.485654056072235107e-01
2.485643178224563599e-01
2.485632598400115967e-01
2.485621720552444458e-01
2.485610842704772949e-01
2.485600262880325317e-01
2.485589385032653809e-01
2.485578954219818115e-01
2.485567927360534668e-01
2.485557496547698975e-01
2.485547065734863281e-01
2.485536038875579834e-01
2.485525459051132202e-01
2.485515028238296509e-01
2.485504597425460815e-01
2.485493868589401245e-01
2.485483288764953613e-01
2.485472857952117920e-01
2.485462427139282227e-01
2.485451996326446533e-01
2.485441565513610840e-01
2.485430836677551270e-01
2.485420554876327515e-01
2.485410422086715698e-01
2.485399544239044189e-01
2.485389113426208496e-01
2.485378980636596680e-01
2.485368698835372925e-01
2.485358268022537231e-01
2.485348135232925415e-01
2.485337853431701660e-01
2.485326975584030151e-01
2.485316842794418335e-01
2.485306710004806519e-01
2.485296279191970825e-01
2.485286295413970947e-01
2.485275864601135254e-01
2.485265582799911499e-01
2.485255599021911621e-01
2.485245168209075928e-01
2.485235035419464111e-01
2.485224604606628418e-01
2.485214620828628540e-01
2.485204488039016724e-01
2.485194504261016846e-01
2.485184520483016968e-01
2.485174089670181274e-01
2.485164254903793335e-01
2.485154122114181519e-01
2.485144138336181641e-01
2.485134154558181763e-01
2.485124170780181885e-01
2.485114187002182007e-01
2.485103905200958252e-01
2.485093772411346436e-01
2.485083937644958496e-01
2.485073953866958618e-01
2.485064268112182617e-01
2.485054433345794678e-01
2.485044449567794800e-01
2.485034465789794922e-01
2.485024929046630859e-01
2.485014945268630981e-01
2.485005259513854980e-01
2.484995275735855103e-01
2.484985291957855225e-01
2.484975308179855347e-01
2.484965920448303223e-01
2.484955787658691406e-01
2.484946399927139282e-01
2.484936416149139404e-01
2.484926581382751465e-01
2.484916895627975464e-01
2.484906911849975586e-01
2.484897077083587646e-01
2.484887540340423584e-01
2.484877854585647583e-01
2.484867870807647705e-01
2.484858781099319458e-01
2.484848946332931519e-01
2.484839260578155518e-01
2.484829872846603394e-01
2.484820485115051270e-01
2.484810799360275269e-01
2.484801411628723145e-01
2.484791725873947144e-01
2.484782189130783081e-01
2.484772801399230957e-01
2.484763264656066895e-01
2.484753876924514771e-01
2.484744340181350708e-01
2.484734952449798584e-01
2.484725266695022583e-01
2.484715878963470459e-01
2.484706342220306396e-01
2.484697103500366211e-01
2.484687566757202148e-01
2.484678179025650024e-01
2.484668642282485962e-01
2.484659552574157715e-01
2.484650015830993652e-01
2.484640628099441528e-01
2.484630793333053589e-01
2.484621703624725342e-01
2.484612166881561279e-01
