5.723027884960174561e-02
5.722923576831817627e-02
5.722819268703460693e-02
5.722716078162193298e-02
5.722611024975776672e-02
5.722505971789360046e-02
5.722403526306152344e-02
5.722298473119735718e-02
5.722194164991378784e-02
5.722090601921081543e-02
5.721985921263694763e-02
5.721882358193397522e-02
5.721776559948921204e-02
5.721674114465713501e-02
5.721569806337356567e-02
5.721464753150939941e-02
5.721361190080642700e-02
5.721256881952285767e-02
5.721152201294898987e-02
5.721049010753631592e-02
5.720945447683334351e-02
5.720840021967887878e-02
5.720736086368560791e-02
5.720631033182144165e-02
5.720526725053787231e-02
5.720422789454460144e-02
5.720318481326103210e-02
5.720214173197746277e-02
5.720109865069389343e-02
5.720007419586181641e-02
5.719903111457824707e-02
5.719798430800437927e-02
5.719694867730140686e-02
5.719590932130813599e-02
5.719487369060516357e-02
5.719383433461189270e-02
5.719278380274772644e-02
5.719175562262535095e-02
5.719071626663208008e-02
5.718967318534851074e-02
5.718863382935523987e-02
5.718760192394256592e-02
5.718655884265899658e-02
5.718552693724632263e-02
5.718448385596275330e-02
5.718344077467918396e-02
5.718239769339561462e-02
5.718136578798294067e-02
5.718033015727996826e-02
5.717929080128669739e-02
5.717826634645462036e-02
5.717722326517105103e-02
5.717617273330688477e-02
5.717514082789421082e-02
5.717410147190093994e-02
5.717306956648826599e-02
5.717201530933380127e-02
5.717099085450172424e-02
5.716995149850845337e-02
5.716891586780548096e-02
5.716787651181221008e-02
5.716684460639953613e-02
5.716579034924507141e-02
5.716476961970329285e-02
5.716372653841972351e-02
5.716269090771675110e-02
5.716164410114288330e-02
5.716061964631080627e-02
5.715958401560783386e-02
5.715854465961456299e-02
5.715751275420188904e-02
5.715647712349891663e-02
5.715543776750564575e-02
5.715440586209297180e-02
5.715337023138999939e-02
5.715234205126762390e-02
5.715129896998405457e-02
5.715024843811988831e-02
5.714922398328781128e-02
5.714819207787513733e-02
5.714714899659156799e-02
5.714613199234008789e-02
5.714509263634681702e-02
5.714404955506324768e-02
5.714300647377967834e-02
5.714198574423789978e-02
5.714095011353492737e-02
5.713990330696105957e-02
5.713888630270957947e-02
5.713784322142601013e-02
5.713680386543273926e-02
5.713579058647155762e-02
5.713474750518798828e-02
5.713370442390441895e-02
5.713267251849174500e-02
5.713164061307907104e-02
5.713060125708580017e-02
5.712957680225372314e-02
5.712854117155075073e-02
5.712750181555747986e-02
5.712647736072540283e-02
5.712543800473213196e-02
5.712440237402915955e-02
5.712337791919708252e-02
5.712233111262321472e-02
5.712130293250083923e-02
5.712027102708816528e-02
5.711923167109489441e-02
5.711820721626281738e-02
5.711717531085014343e-02
5.711613595485687256e-02
5.711511150002479553e-02
5.711406841874122620e-02
5.711304396390914917e-02
5.711201205849647522e-02
5.711098015308380127e-02
5.710995569825172424e-02
5.710891261696815491e-02
5.710788443684577942e-02
5.710685253143310547e-02
5.710582807660102844e-02
5.710479617118835449e-02
5.710377171635627747e-02
5.710273981094360352e-02
5.710169672966003418e-02
5.710067227482795715e-02
5.709964036941528320e-02
5.709860846400260925e-02
5.709756910800933838e-02
5.709654092788696289e-02
5.709552019834518433e-02
5.709448084235191345e-02
5.709346383810043335e-02
5.709242448210716248e-02
5.709140747785568237e-02
5.709037557244300842e-02
5.708933621644973755e-02
5.708831921219825745e-02
5.708727985620498657e-02
5.708625540137290955e-02
5.708522349596023560e-02
5.708419904112815857e-02
5.708315968513488770e-02
5.708213523030281067e-02
5.708110332489013672e-02
5.708007141947746277e-02
5.707905441522598267e-02
5.707802250981330872e-02
5.707698315382003784e-02
5.707596987485885620e-02
5.707493424415588379e-02
5.707390606403350830e-02
5.707287415862083435e-02
5.707184597849845886e-02
5.707082524895668030e-02
5.706979334354400635e-02
5.706875771284103394e-02
5.706772953271865845e-02
5.706671625375747681e-02
5.706568434834480286e-02
5.706465616822242737e-02
5.706362798810005188e-02
5.706259608268737793e-02
5.706157162785530090e-02
5.706055462360382080e-02
5.705951526761054993e-02
5.705849453806877136e-02
5.705747008323669434e-02
5.705643817782402039e-02
5.705540627241134644e-02
5.705438926815986633e-02
5.705335736274719238e-02
5.705233290791511536e-02
5.705131217837333679e-02
5.705028027296066284e-02
5.704925581812858582e-02
5.704823508858680725e-02
5.704719945788383484e-02
5.704617872834205627e-02
5.704516172409057617e-02
5.704412981867790222e-02
5.704309791326522827e-02
5.704207718372344971e-02
5.704106017947196960e-02
5.704003199934959412e-02
5.703900009393692017e-02
5.703798308968544006e-02
5.703695863485336304e-02
5.703593790531158447e-02
5.703491717576980591e-02
5.703388527035713196e-02
5.703286081552505493e-02
5.703182518482208252e-02
5.703079700469970703e-02
5.702978000044822693e-02
5.702875182032585144e-02
5.702773481607437134e-02
5.702671036124229431e-02
5.702568963170051575e-02
5.702465772628784180e-02
5.702364072203636169e-02
5.702260881662368774e-02
5.702159553766250610e-02
5.702056735754013062e-02
5.701955035328865051e-02
5.701852962374687195e-02
5.701750516891479492e-02
5.701646581292152405e-02
5.701545253396034241e-02
5.701443552970886230e-02
5.701341107487678528e-02
5.701239034533500671e-02
5.701136961579322815e-02
5.701033771038055420e-02
5.700932443141937256e-02
5.700829997658729553e-02
5.700728669762611389e-02
5.700626969337463379e-02
5.700523033738136292e-02
5.700421705842018127e-02
5.700319260358810425e-02
5.700217187404632568e-02
5.700115486979484558e-02
5.700013414025306702e-02
5.699911341071128845e-02
5.699809640645980835e-02
5.699706450104713440e-02
5.699604004621505737e-02
5.699503049254417419e-02
5.699399858713150024e-02
5.699298158288002014e-02
5.699196830391883850e-02
5.699094757437705994e-02
5.698991566896438599e-02
5.698890984058380127e-02
5.698787793517112732e-02
5.698685348033905029e-02
5.698583275079727173e-02
5.698481574654579163e-02
5.698378756642341614e-02
5.698277428746223450e-02
5.698175728321075439e-02
5.698073282837867737e-02
5.697971954941749573e-02
5.697870627045631409e-02
5.697767809033393860e-02
5.697666108608245850e-02
5.697563290596008301e-02
5.697462335228919983e-02
5.697360262274742126e-02
5.697258189320564270e-02
5.697156861424446106e-02
5.697054415941238403e-02
5.696952342987060547e-02
5.696851015090942383e-02
5.696749314665794373e-02
5.696648731827735901e-02
5.696546658873558044e-02
5.696444585919380188e-02
5.696342140436172485e-02
5.696241557598114014e-02
5.696138739585876465e-02
5.696036294102668762e-02
5.695935711264610291e-02
5.695833265781402588e-02
5.695732310414314270e-02
5.695630982518196106e-02
5.695527791976928711e-02
5.695427954196929932e-02
5.695325136184692383e-02
5.695224180817604065e-02
5.695122852921485901e-02
5.695020779967308044e-02
5.694918334484100342e-02
5.694817006587982178e-02
5.694714933633804321e-02
5.694612860679626465e-02
5.694511532783508301e-02
5.694409832358360291e-02
5.694307759404182434e-02
5.694206431508064270e-02
5.694105848670005798e-02
5.694003403186798096e-02
5.693902075290679932e-02
5.693800747394561768e-02
5.693698674440383911e-02
5.693597346544265747e-02
5.693496763706207275e-02
5.693395435810089111e-02
5.693292990326881409e-02
5.693191662430763245e-02
5.693090707063674927e-02
5.692989006638526917e-02
5.692886933684349060e-02
5.692786723375320435e-02
5.692684277892112732e-02
5.692582949995994568e-02
5.692482367157936096e-02
5.692380294203758240e-02
5.692278966307640076e-02
5.692177638411521912e-02
5.692075937986373901e-02
5.691974610090255737e-02
5.691873282194137573e-02
5.691772326827049255e-02
5.691670998930931091e-02
5.691567808389663696e-02
5.691467970609664917e-02
5.691367760300636292e-02
5.691265314817428589e-02
5.691165104508399963e-02
5.691063404083251953e-02
5.690961331129074097e-02
5.690861865878105164e-02
5.690758675336837769e-02
5.690658092498779297e-02
5.690556019544601440e-02
5.690454691648483276e-02
5.690353363752365112e-02
5.690251290798187256e-02
5.690151453018188477e-02
5.690050125122070312e-02
5.689948797225952148e-02
5.689847841858863831e-02
5.689747259020805359e-02
5.689645558595657349e-02
5.689544230699539185e-02
5.689444020390510559e-02
5.689342692494392395e-02
5.689240619540214539e-02
5.689140781760215759e-02
5.689039826393127441e-02
5.688938125967979431e-02
5.688837170600891113e-02
5.688735842704772949e-02
5.688634514808654785e-02
5.688533931970596313e-02
5.688431859016418457e-02
5.688332393765449524e-02
5.688230693340301514e-02
5.688129737973213196e-02
5.688029155135154724e-02
5.687927082180976868e-02
5.687826499342918396e-02
5.687725916504859924e-02
5.687624588608741760e-02
5.687523260712623596e-02
5.687423050403594971e-02
5.687321722507476807e-02
5.687221512198448181e-02
5.687119811773300171e-02
5.687019228935241699e-02
5.686917901039123535e-02
5.686816945672035217e-02
5.686716735363006592e-02
5.686615779995918274e-02
5.686513707041740417e-02
5.686413124203681946e-02
5.686313658952713013e-02
5.686211585998535156e-02
5.686111375689506531e-02
5.686010047793388367e-02
5.685909464955329895e-02
5.685808882117271423e-02
5.685707554221153259e-02
5.685608088970184326e-02
5.685506761074066162e-02
5.685405805706977844e-02
5.685305967926979065e-02
5.685203894972801208e-02
5.685103684663772583e-02
5.685003101825714111e-02
5.684902518987655640e-02
5.684801563620567322e-02
5.684701353311538696e-02
5.684600397944450378e-02
5.684499442577362061e-02
5.684398859739303589e-02
5.684298276901245117e-02
5.684197321534156799e-02
5.684096738696098328e-02
5.683996528387069702e-02
5.683895200490951538e-02
5.683794617652893066e-02
5.683693662285804749e-02
5.683593079447746277e-02
5.683492869138717651e-02
5.683392286300659180e-02
5.683292075991630554e-02
5.683190748095512390e-02
5.683090910315513611e-02
5.682989954948425293e-02
5.682889372110366821e-02
5.682789906859397888e-02
5.682689324021339417e-02
5.682587996125221252e-02
5.682487040758132935e-02
5.682387202978134155e-02
5.682286247611045837e-02
5.682185664772987366e-02
5.682085081934928894e-02
5.681984871625900269e-02
5.681884288787841797e-02
5.681785196065902710e-02
5.681683868169784546e-02
5.681583285331726074e-02
5.681483075022697449e-02
5.681382492184638977e-02
5.681281909346580505e-02
5.681181699037551880e-02
5.681081116199493408e-02
5.680980905890464783e-02
5.680880695581436157e-02
5.680780112743377686e-02
5.680680647492408752e-02
5.680579319596290588e-02
5.680480226874351501e-02
5.680380389094352722e-02
5.680279061198234558e-02
5.680178105831146240e-02
5.680078640580177307e-02
5.679978802800178528e-02
5.679878592491149902e-02
5.679778382182121277e-02
5.679677054286003113e-02
5.679577589035034180e-02
5.679477006196975708e-02
5.679377540946006775e-02
5.679277330636978149e-02
5.679176747798919678e-02
5.679077282547950745e-02
5.678976327180862427e-02
5.678876489400863647e-02
5.678775534033775330e-02
5.678676068782806396e-02
5.678576231002807617e-02
5.678475275635719299e-02
5.678374692797660828e-02
5.678275227546691895e-02
5.678175762295722961e-02
5.678074434399604797e-02
5.677975341677665710e-02
5.677875503897666931e-02
5.677775293588638306e-02
5.677675083279609680e-02
5.677575245499610901e-02
5.677475035190582275e-02
5.677374452352523804e-02
5.677274242043495178e-02
5.677174031734466553e-02
5.677074566483497620e-02
5.676973238587379456e-02
5.676874890923500061e-02
5.676773563027381897e-02
5.676675587892532349e-02
5.676575377583503723e-02
5.676474049687385559e-02
5.676374956965446472e-02
5.676275119185447693e-02
5.676174908876419067e-02
5.676075443625450134e-02
5.675975233316421509e-02
5.675875768065452576e-02
5.675776302814483643e-02
5.675676092505455017e-02
5.675575509667396545e-02
5.675476044416427612e-02
5.675375834107398987e-02
5.675277113914489746e-02
5.675176903605461121e-02
5.675076320767402649e-02
5.674977973103523254e-02
5.674877762794494629e-02
5.674778297543525696e-02
5.674678459763526917e-02
5.674578249454498291e-02
5.674478784203529358e-02
5.674378201365470886e-02
5.674277991056442261e-02
5.674178898334503174e-02
5.674079060554504395e-02
5.673979595303535461e-02
5.673880130052566528e-02
5.673779919743537903e-02
5.673681199550628662e-02
5.673580244183540344e-02
5.673481896519660950e-02
5.673380568623542786e-02
5.673281848430633545e-02
5.673182383179664612e-02
5.673082172870635986e-02
5.672983452677726746e-02
5.672883242368698120e-02
5.672783032059669495e-02
5.672685056924819946e-02
5.672584846615791321e-02
5.672484636306762695e-02
5.672385916113853455e-02
5.672285705804824829e-02
5.672186240553855896e-02
