5.866986699402332306e-03
5.865690764039754868e-03
5.864394363015890121e-03
5.863099358975887299e-03
5.861804354935884476e-03
5.860510747879743576e-03
5.859217606484889984e-03
5.857925862073898315e-03
5.856633652001619339e-03
5.855343770235776901e-03
5.854053888469934464e-03
5.852763541042804718e-03
5.851475521922111511e-03
5.850190296769142151e-03
5.848902743309736252e-03
5.847617052495479584e-03
5.846329499036073685e-03
5.845047533512115479e-03
5.843763705343008041e-03
5.842479877173900604e-03
5.841198842972517014e-03
5.839916411787271500e-03
5.838637705892324448e-03
5.837358068674802780e-03
5.836077965795993805e-03
5.834799725562334061e-03
5.833523347973823547e-03
5.832246970385313034e-03
5.830971058458089828e-03
5.829696077853441238e-03
5.828422959893941879e-03
5.827148444950580597e-03
5.825876723974943161e-03
5.824605468660593033e-03
5.823332350701093674e-03
5.822062958031892776e-03
5.820793565362691879e-03
5.819525104016065598e-03
5.818256177008152008e-03
5.816990509629249573e-03
5.815722979605197906e-03
5.814457777887582779e-03
5.813193507492542267e-03
5.811928771436214447e-03
5.810665898025035858e-03
5.809402558952569962e-03
5.808142479509115219e-03
5.806880071759223938e-03
5.805619992315769196e-03
5.804360844194889069e-03
5.803101230412721634e-03
5.801845341920852661e-03
5.800586193799972534e-03
5.799330770969390869e-03
5.798075813800096512e-03
5.796819925308227539e-03
5.795565899461507797e-03
5.794313270598649979e-03
5.793059244751930237e-03
5.791808478534221649e-03
5.790556780993938446e-03
5.789306946098804474e-03
5.788056179881095886e-03
5.786808673292398453e-03
5.785561166703701019e-03
5.784313194453716278e-03
5.783066619187593460e-03
5.781821906566619873e-03
5.780575796961784363e-03
5.779330618679523468e-03
5.778088234364986420e-03
5.776845850050449371e-03
5.775602534413337708e-03
5.774361081421375275e-03
5.773121491074562073e-03
5.771881900727748871e-03
5.770641844719648361e-03
5.769403185695409775e-03
5.768165923655033112e-03
5.766929127275943756e-03
5.765692796558141708e-03
5.764457862824201584e-03
5.763225257396697998e-03
5.761989858001470566e-03
5.760756786912679672e-03
5.759524181485176086e-03
5.758292973041534424e-03
5.757062230259180069e-03
5.755832418799400330e-03
5.754602607339620590e-03
5.753374658524990082e-03
5.752146244049072266e-03
5.750919226557016373e-03
5.749693140387535095e-03
5.748467054218053818e-03
5.747241433709859848e-03
5.746017675846815109e-03
5.744795780628919601e-03
5.743572022765874863e-03
5.742349661886692047e-03
5.741128697991371155e-03
5.739907268434762955e-03
5.738689098507165909e-03
5.737469065934419632e-03
5.736250430345535278e-03
5.735034123063087463e-03
5.733816884458065033e-03
5.732599645853042603e-03
5.731384269893169403e-03
5.730170756578445435e-03
5.728956311941146851e-03
5.727742332965135574e-03
5.726530216634273529e-03
5.725319497287273407e-03
5.724107380956411362e-03
5.722896661609411240e-03
5.721687339246273041e-03
5.720479413866996765e-03
5.719269625842571259e-03
5.718063097447156906e-03
5.716856569051742554e-03
5.715650040656328201e-03
5.714443977922201157e-03
5.713240709155797958e-03
5.712036043405532837e-03
5.710834171622991562e-03
5.709629505872726440e-03
5.708428565412759781e-03
5.707227159291505814e-03
5.706027150154113770e-03
5.704828538000583649e-03
5.703628528863191605e-03
5.702430848032236099e-03
5.701233167201280594e-03
5.700037349015474319e-03
5.698841530829668045e-03
5.697645712643861771e-03
5.696450825780630112e-03
5.695257335901260376e-03
5.694063846021890640e-03
5.692872218787670135e-03
5.691680591553449631e-03
5.690488498657941818e-03
5.689297802746295929e-03
5.688109435141086578e-03
5.686919670552015305e-03
5.685731302946805954e-03
5.684543401002883911e-03
5.683356430381536484e-03
5.682170856744050980e-03
5.680986214429140091e-03
5.679800640791654587e-03
5.678617861121892929e-03
5.677433218806982040e-03
5.676251370459794998e-03
5.675069056451320648e-03
5.673887208104133606e-03
5.672706291079521179e-03
5.671527702361345291e-03
5.670348182320594788e-03
5.669169593602418900e-03
5.667992401868104935e-03
5.666816141456365585e-03
5.665638949722051620e-03
5.664464551955461502e-03
5.663288757205009460e-03
5.662114359438419342e-03
5.660940892994403839e-03
5.659767426550388336e-03
5.658594425767660141e-03
5.657423287630081177e-03
5.656253546476364136e-03
5.655083339661359787e-03
5.653913132846355438e-03
5.652744323015213013e-03
5.651576910167932510e-03
5.650410428643226624e-03
5.649242550134658813e-03
5.648076999932527542e-03
5.646911449730396271e-03
5.645746365189552307e-03
5.644582677632570267e-03
5.643420852720737457e-03
5.642256699502468109e-03
5.641094874590635300e-03
5.639933981001377106e-03
5.638773553073406219e-03
5.637613590806722641e-03
5.636455025523900986e-03
5.635296460241079330e-03
5.634138826280832291e-03
5.632981657981872559e-03
5.631824955344200134e-03
5.630668252706527710e-03
5.629512947052717209e-03
5.628358572721481323e-03
5.627205595374107361e-03
5.626053083688020706e-03
5.624900106340646744e-03
5.623748525977134705e-03
5.622598342597484589e-03
5.621447227895259857e-03
5.620298907160758972e-03
5.619147792458534241e-03
5.618000868707895279e-03
5.616852547973394394e-03
5.615705158561468124e-03
5.614559631794691086e-03
5.613414105027914047e-03
5.612269043922424316e-03
5.611122585833072662e-03
5.609979853034019470e-03
5.608837585896253586e-03
5.607694853097200394e-03
5.606553051620721817e-03
5.605411715805530548e-03
5.604271776974201202e-03
5.603132303804159164e-03
5.601993296295404434e-03
5.600854288786649704e-03
5.599717143923044205e-03
5.598580464720726013e-03
5.597442854195833206e-03
5.596307571977376938e-03
5.595173686742782593e-03
5.594038870185613632e-03
5.592904519289731979e-03
5.591771565377712250e-03
5.590638611465692520e-03
5.589507985860109329e-03
5.588375963270664215e-03
5.587245803326368332e-03
5.586116574704647064e-03
5.584986880421638489e-03
5.583858117461204529e-03
5.582730285823345184e-03
5.581603851169347763e-03
5.580476950854063034e-03
5.579350981861352921e-03
5.578225012868642807e-03
5.577100440859794617e-03
5.575976800173521042e-03
5.574854090809822083e-03
5.573729984462261200e-03
5.572609137743711472e-03
5.571487825363874435e-03
5.570367444306612015e-03
5.569247528910636902e-03
5.568127613514661789e-03
5.567009560763835907e-03
5.565890576690435410e-03
5.564773455262184143e-03
5.563655868172645569e-03
5.562539678066968918e-03
5.561424419283866882e-03
5.560310091823339462e-03
5.559195764362812042e-03
5.558082368224859238e-03
5.556968972086906433e-03
5.555856972932815552e-03
5.554746370762586594e-03
5.553634837269783020e-03
5.552523769438266754e-03
5.551413167268037796e-03
5.550305359065532684e-03
5.549197550863027573e-03
5.548089276999235153e-03
5.546981003135442734e-03
5.545874591916799545e-03
5.544769112020730972e-03
5.543664097785949707e-03
5.542558152228593826e-03
5.541455466300249100e-03
5.540351849049329758e-03
5.539248231798410416e-03
5.538146477192640305e-03
5.537045653909444809e-03
5.535943899303674698e-03
5.534844007343053818e-03
5.533743184059858322e-03
5.532645154744386673e-03
5.531546659767627716e-03
5.530449096113443375e-03
5.529351998120546341e-03
5.528255831450223923e-03
5.527160130441188812e-03
5.526063963770866394e-03
5.524970591068267822e-03
5.523875821381807327e-03
5.522782448679208755e-03
5.521690472960472107e-03
5.520598031580448151e-03
5.519506987184286118e-03
5.518415477126836777e-03
5.517325364053249359e-03
5.516236647963523865e-03
5.515146534889936447e-03
5.514057353138923645e-03
5.512970965355634689e-03
5.511883646249771118e-03
5.510797724127769470e-03
5.509710870683193207e-03
5.508625414222478867e-03
5.507541354745626450e-03
5.506457295268774033e-03
5.505373701453208923e-03
5.504291504621505737e-03
5.503208842128515244e-03
5.502127576619386673e-03
5.501047242432832718e-03
5.499966908246278763e-03
5.498886108398437500e-03
5.497808102518320084e-03
5.496728699654340744e-03
5.495651159435510635e-03
5.494572687894105911e-03
5.493496544659137726e-03
5.492420867085456848e-03
5.491345189511775970e-03
5.490270443260669708e-03
5.489196628332138062e-03
5.488122347742319107e-03
5.487049929797649384e-03
5.485977046191692352e-03
5.484906025230884552e-03
5.483834072947502136e-03
5.482763517647981644e-03
5.481693428009748459e-03
5.480624269694089890e-03
5.479555577039718628e-03
5.478487350046634674e-03
5.477419588714838028e-03
5.476353224366903305e-03
5.475286860018968582e-03
5.474220961332321167e-03
5.473155528306961060e-03
5.472091957926750183e-03
5.471028387546539307e-03
5.469964351505041122e-03
5.468901246786117554e-03
5.467839073389768600e-03
5.466778762638568878e-03
5.465717054903507233e-03
5.464656278491020203e-03
5.463596433401107788e-03
5.462537985295057297e-03
5.461478605866432190e-03
5.460421554744243622e-03
5.459364503622055054e-03
5.458306986838579178e-03
5.457250401377677917e-03
5.456195212900638580e-03
5.455140490084886551e-03
5.454085767269134521e-03
5.453031510114669800e-03
5.451979115605354309e-03
5.450926721096038818e-03
5.449874792248010635e-03
5.448823329061269760e-03
5.447772797197103500e-03
5.446722730994224548e-03
5.445672199130058289e-03
5.444622598588466644e-03
5.443574395030736923e-03
5.442527122795581818e-03
5.441479850560426712e-03
5.440432578325271606e-03
5.439386237412691116e-03
5.438341293483972549e-03
5.437296349555253983e-03
5.436251405626535416e-03
5.435208324342966080e-03
5.434164777398109436e-03
5.433122627437114716e-03
5.432080943137407303e-03
5.431039258837699890e-03
5.429997574537992477e-03
5.428958218544721603e-03
5.427918396890163422e-03
5.426878575235605240e-03
5.425840150564908981e-03
5.424802657216787338e-03
5.423764698207378387e-03
5.422728136181831360e-03
5.421692505478858948e-03
5.420656874775886536e-03
5.419621709734201431e-03
5.418586544692516327e-03
5.417552776634693146e-03
5.416519939899444580e-03
5.415487103164196014e-03
5.414455663412809372e-03
5.413422826677560806e-03
5.412391852587461472e-03
5.411362275481224060e-03
5.410331767052412033e-03
5.409302189946174622e-03
5.408273544162511826e-03
5.407244898378849030e-03
5.406218580901622772e-03
5.405191797763109207e-03
5.404164083302021027e-03
5.403139162808656693e-03
5.402112379670143127e-03
5.401088856160640717e-03
5.400064866989850998e-03
5.399040412157773972e-03
5.398017819970846176e-03
5.396995693445205688e-03
5.395973101258277893e-03
5.394951440393924713e-03
5.393931176513433456e-03
5.392910912632942200e-03
5.391891114413738251e-03
5.390872247517108917e-03
5.389853380620479584e-03
5.388836376368999481e-03
5.387818440794944763e-03
5.386800970882177353e-03
5.385785829275846481e-03
5.384769756346940994e-03
5.383754149079322815e-03
5.382740404456853867e-03
5.381726659834384918e-03
5.380712449550628662e-03
5.379700101912021637e-03
5.378688219934701920e-03
5.377675872296094894e-03
5.376663990318775177e-03
5.375654436647891998e-03
5.374643485993146896e-03
5.373635329306125641e-03
5.372624844312667847e-03
5.371616221964359283e-03
5.370608530938625336e-03
5.369600839912891388e-03
5.368594545871019363e-03
5.367589183151721954e-03
5.366583354771137238e-03
5.365578457713127136e-03
5.364574957638978958e-03
5.363569594919681549e-03
5.362566560506820679e-03
5.361563526093959808e-03
5.360560957342386246e-03
5.359559785574674606e-03
5.358558148145675659e-03
5.357556976377964020e-03
5.356557667255401611e-03
5.355557426810264587e-03
5.354558583348989487e-03
5.353561136871576309e-03
5.352563224732875824e-03
5.351565312594175339e-03
5.350568331778049469e-03
5.349571816623210907e-03
5.348577164113521576e-03
5.347581114619970322e-03
5.346585530787706375e-03
5.345592275261878967e-03
5.344599019736051559e-03
5.343605298548936844e-03
5.342612974345684052e-03
5.341621115803718567e-03
5.340630188584327698e-03
5.339639727026224136e-03
5.338649265468120575e-03
5.337658338248729706e-03
5.336669739335775375e-03
5.335680674761533737e-03
5.334693472832441330e-03
5.333705339580774307e-03
5.332717671990394592e-03
5.331732332706451416e-03
5.330745130777359009e-03
5.329761654138565063e-03
5.328775383532047272e-03
5.327790975570678711e-03
5.326807033270597458e-03
5.325824487954378128e-03
5.324841476976871490e-03
5.323858931660652161e-03
5.322877783328294754e-03
5.321896634995937347e-03
5.320915952324867249e-03
5.319935735315084457e-03
5.318955983966588974e-03
5.317977629601955414e-03
5.316998809576034546e-03
5.316019989550113678e-03
5.315043032169342041e-03
5.314066074788570404e-03
5.313089583069086075e-03
5.312114022672176361e-03
5.311137996613979340e-03
5.310164298862218857e-03
5.309190135449171066e-03
5.308216437697410583e-03
5.307242274284362793e-03
5.306270439177751541e-03
