3.191813528537750244e-01
3.165122270584106445e-01
3.139760196208953857e-01
3.115862011909484863e-01
3.093478977680206299e-01
3.072588145732879639e-01
3.053117394447326660e-01
3.034955263137817383e-01
3.017977774143218994e-01
3.002054989337921143e-01
2.987062931060791016e-01
2.972889542579650879e-01
2.959431111812591553e-01
2.946603894233703613e-01
2.934329211711883545e-01
2.922548055648803711e-01
2.911202907562255859e-01
2.900249958038330078e-01
2.889652550220489502e-01
2.879378795623779297e-01
2.869401872158050537e-01
2.859699130058288574e-01
2.850252091884613037e-01
2.841044962406158447e-01
2.832064330577850342e-01
2.823298573493957520e-01
2.814736962318420410e-01
2.806371450424194336e-01
2.798194289207458496e-01
2.790198922157287598e-01
2.782379686832427979e-01
2.774730324745178223e-01
2.767247259616851807e-01
2.759926617145538330e-01
2.752763032913208008e-01
2.745752930641174316e-01
2.738894522190093994e-01
2.732183337211608887e-01
2.725616991519927979e-01
2.719192504882812500e-01
2.712905704975128174e-01
2.706757783889770508e-01
2.700741291046142578e-01
2.694858014583587646e-01
2.689102888107299805e-01
2.683475017547607422e-01
2.677970826625823975e-01
2.672590017318725586e-01
2.667328119277954102e-01
2.662184536457061768e-01
2.657157480716705322e-01
2.652242481708526611e-01
2.647440135478973389e-01
2.642747461795806885e-01
2.638161480426788330e-01
2.633680999279022217e-01
2.629303634166717529e-01
2.625028789043426514e-01
2.620853185653686523e-01
2.616773843765258789e-01
2.612790167331695557e-01
2.608900666236877441e-01
2.605103254318237305e-01
2.601394951343536377e-01
2.597775161266326904e-01
2.594241201877593994e-01
2.590791583061218262e-01
2.587424218654632568e-01
2.584138810634613037e-01
2.580931186676025391e-01
2.577802240848541260e-01
2.574748098850250244e-01
2.571768462657928467e-01
2.568860948085784912e-01
2.566025257110595703e-01
2.563258111476898193e-01
2.560560107231140137e-01
2.557927370071411133e-01
2.555360496044158936e-01
2.552856802940368652e-01
2.550416886806488037e-01
2.548037469387054443e-01
2.545717656612396240e-01
2.543457150459289551e-01
2.541254162788391113e-01
2.539107799530029297e-01
2.537016570568084717e-01
2.534979879856109619e-01
2.532997131347656250e-01
2.531066238880157471e-01
2.529186010360717773e-01
2.527357041835784912e-01
2.525577545166015625e-01
2.523847222328186035e-01
2.522164881229400635e-01
2.520528435707092285e-01
2.518937885761260986e-01
2.517393827438354492e-01
2.515894174575805664e-01
2.514437437057495117e-01
2.513023316860198975e-01
2.511652708053588867e-01
2.510321438312530518e-01
2.509031593799591064e-01
2.507781684398651123e-01
2.506569921970367432e-01
2.505396604537963867e-01
2.504260838031768799e-01
2.503161132335662842e-01
2.502096891403198242e-01
2.501068115234375000e-01
2.500073015689849854e-01
2.499110847711563110e-01
2.498182356357574463e-01
2.497285157442092896e-01
2.496417462825775146e-01
2.495580762624740601e-01
2.494773417711257935e-01
2.493995130062103271e-01
2.493243962526321411e-01
2.492520064115524292e-01
2.491820752620697021e-01
2.491149604320526123e-01
2.490500658750534058e-01
2.489877194166183472e-01
2.489275336265563965e-01
2.488696277141571045e-01
2.488140314817428589e-01
2.487603574991226196e-01
2.487088590860366821e-01
2.486591488122940063e-01
2.486115247011184692e-01
2.485657036304473877e-01
2.485216110944747925e-01
2.484792023897171021e-01
2.484384477138519287e-01
2.483993470668792725e-01
2.483616918325424194e-01
2.483256161212921143e-01
2.482909113168716431e-01
2.482575923204421997e-01
2.482255846261978149e-01
2.481947690248489380e-01
2.481653094291687012e-01
2.481369674205780029e-01
2.481097728013992310e-01
2.480835914611816406e-01
2.480585277080535889e-01
2.480344474315643311e-01
2.480114549398422241e-01
2.479892373085021973e-01
2.479679882526397705e-01
2.479475140571594238e-01
2.479279786348342896e-01
2.479090839624404907e-01
2.478910386562347412e-01
2.478737235069274902e-01
2.478570491075515747e-01
2.478411644697189331e-01
2.478258013725280762e-01
2.478111088275909424e-01
2.477969676256179810e-01
2.477833777666091919e-01
2.477704584598541260e-01
2.477579563856124878e-01
2.477459162473678589e-01
2.477343976497650146e-01
2.477232962846755981e-01
2.477127015590667725e-01
2.477023899555206299e-01
2.476925998926162720e-01
2.476831972599029541e-01
2.476740777492523193e-01
2.476653605699539185e-01
2.476569563150405884e-01
2.476488947868347168e-01
2.476411312818527222e-01
2.476336359977722168e-01
2.476264387369155884e-01
2.476195245981216431e-01
2.476129084825515747e-01
2.476065158843994141e-01
2.476002871990203857e-01
2.475942820310592651e-01
2.475885450839996338e-01
2.475831061601638794e-01
2.475777566432952881e-01
2.475725114345550537e-01
2.475676536560058594e-01
2.475627958774566650e-01
2.475582063198089600e-01
2.475536912679672241e-01
2.475493401288986206e-01
2.475451380014419556e-01
2.475410699844360352e-01
2.475371807813644409e-01
2.475334405899047852e-01
2.475297898054122925e-01
2.475261539220809937e-01
2.475227713584899902e-01
2.475194036960601807e-01
2.475161552429199219e-01
2.475130110979080200e-01
2.475100606679916382e-01
2.475070357322692871e-01
2.475041747093200684e-01
2.475013434886932373e-01
2.474986016750335693e-01
2.474959939718246460e-01
2.474933862686157227e-01
2.474908381700515747e-01
2.474884539842605591e-01
2.474860101938247681e-01
2.474837154150009155e-01
2.474814653396606445e-01
2.474791705608367920e-01
2.474770992994308472e-01
2.474749684333801270e-01
2.474729269742965698e-01
2.474708706140518188e-01
2.474689483642578125e-01
2.474669665098190308e-01
2.474650144577026367e-01
2.474631518125534058e-01
2.474613040685653687e-01
2.474595904350280762e-01
2.474578619003295898e-01
2.474561333656311035e-01
2.474544495344161987e-01
2.474527359008789062e-01
2.474512159824371338e-01
2.474495321512222290e-01
2.474480271339416504e-01
2.474464327096939087e-01
2.474448978900909424e-01
2.474434077739715576e-01
2.474418431520462036e-01
2.474404573440551758e-01
2.474389821290969849e-01
2.474375516176223755e-01
2.474361807107925415e-01
2.474348396062850952e-01
2.474334686994552612e-01
2.474321275949478149e-01
2.474307864904403687e-01
2.474294155836105347e-01
2.474281191825866699e-01
2.474268823862075806e-01
2.474255859851837158e-01
2.474242895841598511e-01
2.474230229854583740e-01
2.474218010902404785e-01
2.474205791950225830e-01
2.474193871021270752e-01
2.474182099103927612e-01
2.474169731140136719e-01
2.474157661199569702e-01
2.474146038293838501e-01
2.474133968353271484e-01
2.474123239517211914e-01
2.474112063646316528e-01
2.474099546670913696e-01
2.474089413881301880e-01
2.474078685045242310e-01
2.474066615104675293e-01
2.474055886268615723e-01
2.474045157432556152e-01
2.474034428596496582e-01
2.474023401737213135e-01
2.474012970924377441e-01
2.474002242088317871e-01
2.473991513252258301e-01
2.473981380462646484e-01
2.473970651626586914e-01
2.473960667848587036e-01
2.473949640989303589e-01
2.473938912153244019e-01
2.473929226398468018e-01
2.473918199539184570e-01
2.473908662796020508e-01
2.473898679018020630e-01
2.473887950181961060e-01
2.473878413438796997e-01
2.473867982625961304e-01
2.473858147859573364e-01
2.473848164081573486e-01
2.473837882280349731e-01
2.473827898502349854e-01
2.473818361759185791e-01
2.473808079957962036e-01
2.473798841238021851e-01
2.473788857460021973e-01
2.473779022693634033e-01
2.473769336938858032e-01
2.473759949207305908e-01
2.473750710487365723e-01
2.473741173744201660e-01
2.473731487989425659e-01
2.473721504211425781e-01
2.473712414503097534e-01
2.473702877759933472e-01
2.473692595958709717e-01
2.473683357238769531e-01
2.473673820495605469e-01
2.473665028810501099e-01
2.473655790090560913e-01
2.473645955324172974e-01
2.473637014627456665e-01
2.473627626895904541e-01
2.473617941141128540e-01
2.473608851432800293e-01
2.473599910736083984e-01
2.473590523004531860e-01
2.473580986261367798e-01
2.473571747541427612e-01
2.473562508821487427e-01
2.473554015159606934e-01
2.473544180393218994e-01
2.473534941673278809e-01
2.473525702953338623e-01
2.473516166210174561e-01
2.473507821559906006e-01
2.473498731851577759e-01
2.473489940166473389e-01
2.473480403423309326e-01
2.473471164703369141e-01
2.473462224006652832e-01
2.473453134298324585e-01
2.473444342613220215e-01
2.473435103893280029e-01
2.473426461219787598e-01
2.473417222499847412e-01
2.473407983779907227e-01
2.473399341106414795e-01
2.473390400409698486e-01
2.473381161689758301e-01
2.473372071981430054e-01
2.473363727331161499e-01
2.473354488611221313e-01
2.473345398902893066e-01
2.473336607217788696e-01
2.473327368497848511e-01
2.473318576812744141e-01
2.473309785127639771e-01
2.473300546407699585e-01
2.473292201757431030e-01
2.473282665014266968e-01
