1.567464321851730347e-02
1.567347720265388489e-02
1.567231304943561554e-02
1.567115075886249542e-02
1.566998660564422607e-02
1.566882617771625519e-02
1.566766388714313507e-02
1.566650159657001495e-02
1.566534116864204407e-02
1.566418074071407318e-02
1.566302403807640076e-02
1.566185988485813141e-02
1.566070318222045898e-02
1.565954275429248810e-02
1.565838232636451721e-02
1.565722748637199402e-02
1.565606705844402313e-02
1.565491221845149994e-02
1.565374992787837982e-02
1.565259695053100586e-02
1.565144397318363190e-02
1.565028540790081024e-02
1.564912684261798859e-02
1.564797759056091309e-02
1.564681716263294220e-02
1.564566418528556824e-02
1.564451307058334351e-02
1.564336009323596954e-02
1.564220525324344635e-02
1.564105041325092316e-02
1.563990302383899689e-02
1.563874818384647369e-02
1.563759893178939819e-02
1.563644781708717346e-02
1.563530042767524719e-02
1.563414558768272400e-02
1.563299819827079773e-02
1.563184708356857300e-02
1.563069783151149750e-02
1.562955230474472046e-02
1.562840119004249573e-02
1.562725566327571869e-02
1.562611013650894165e-02
1.562496181577444077e-02
1.562381722033023834e-02
1.562266889959573746e-02
1.562152057886123657e-02
1.562037784606218338e-02
1.561922952532768250e-02
1.561808958649635315e-02
1.561694219708442688e-02
1.561580225825309753e-02
1.561465766280889511e-02
1.561351306736469269e-02
1.561237219721078873e-02
1.561122853308916092e-02
1.561009045690298080e-02
1.560894586145877838e-02
1.560780685395002365e-02
1.560666691511869431e-02
1.560552325099706650e-02
1.560438703745603561e-02
1.560324709862470627e-02
1.560210715979337692e-02
1.560096908360719681e-02
1.559982914477586746e-02
1.559869199991226196e-02
1.559756044298410416e-02
1.559642050415277481e-02
1.559528335928916931e-02
1.559414342045783997e-02
1.559301000088453293e-02
1.559187471866607666e-02
1.559073757380247116e-02
1.558960601687431335e-02
1.558847166597843170e-02
1.558733824640512466e-02
1.558620575815439224e-02
1.558507420122623444e-02
1.558393705636262894e-02
1.558280363678932190e-02
1.558167580515146255e-02
1.558054238557815552e-02
1.557940989732742310e-02
1.557828020304441452e-02
1.557715330272912979e-02
1.557601895183324814e-02
1.557489018887281418e-02
1.557376142591238022e-02
1.557263452559709549e-02
1.557150576263666153e-02
1.557037699967622757e-02
1.556925196200609207e-02
1.556811854243278503e-02
1.556699536740779877e-02
1.556586939841508865e-02
1.556474156677722931e-02
1.556361652910709381e-02
1.556249428540468216e-02
1.556137111037969589e-02
1.556024327874183655e-02
1.555912010371685028e-02
1.555799413472414017e-02
1.555687282234430313e-02
1.555575057864189148e-02
1.555462647229433060e-02
1.555350609123706818e-02
1.555238384753465652e-02
1.555126160383224487e-02
1.555014308542013168e-02
1.554902363568544388e-02
1.554790046066045761e-02
1.554678007960319519e-02
1.554566062986850739e-02
1.554453931748867035e-02
1.554342359304428101e-02
1.554230507463216782e-02
1.554118841886520386e-02
1.554007083177566528e-02
1.553895231336355209e-02
1.553783379495143890e-02
1.553671527653932571e-02
1.553560141474008560e-02
1.553448941558599472e-02
1.553337275981903076e-02
1.553225517272949219e-02
1.553114131093025208e-02
1.553002931177616119e-02
1.552891544997692108e-02
1.552780158817768097e-02
1.552669331431388855e-02
1.552557852119207382e-02
1.552446559071540833e-02
1.552335359156131744e-02
1.552224252372980118e-02
1.552113145589828491e-02
1.552001945674419403e-02
1.551891025155782700e-02
1.551780104637145996e-02
1.551668811589479446e-02
1.551558263599872589e-02
1.551447156816720963e-02
1.551336515694856644e-02
1.551225781440734863e-02
1.551114954054355621e-02
1.551004312932491302e-02
1.550893578678369522e-02
1.550782937556505203e-02
1.550672296434640884e-02
1.550561841577291489e-02
1.550451200455427170e-02
1.550340745598077774e-02
1.550230383872985840e-02
1.550120115280151367e-02
1.550009567290544510e-02
1.549899298697710037e-02
1.549788843840360641e-02
1.549678761512041092e-02
1.549568306654691696e-02
1.549458131194114685e-02
1.549347955733537674e-02
1.549237780272960663e-02
1.549127791076898575e-02
1.549017988145351410e-02
1.548907905817031860e-02
1.548797730356454849e-02
1.548687741160392761e-02
1.548578031361103058e-02
1.548468507826328278e-02
1.548358425498008728e-02
1.548248715698719025e-02
1.548138726502656937e-02
1.548029202967882156e-02
1.547919493168592453e-02
1.547809876501560211e-02
1.547700632363557816e-02
1.547590643167495728e-02
1.547481399029493332e-02
1.547371782362461090e-02
1.547262538224458694e-02
1.547153294086456299e-02
1.547043956816196442e-02
1.546934340149164200e-02
1.546824816614389420e-02
1.546715572476387024e-02
1.546606607735157013e-02
1.546497363597154617e-02
1.546388212591409683e-02
1.546279340982437134e-02
1.546170003712177277e-02
1.546061225235462189e-02
1.545952167361974716e-02
1.545843202620744705e-02
1.545734144747257233e-02
1.545625180006027222e-02
1.545516774058341980e-02
1.545407436788082123e-02
1.545298937708139420e-02
1.545189972966909409e-02
1.545081660151481628e-02
1.544972509145736694e-02
1.544864382594823837e-02
1.544755417853593826e-02
1.544647198170423508e-02
1.544538605958223343e-02
1.544429920613765717e-02
1.544321887195110321e-02
1.544213108718395233e-02
1.544104889035224915e-02
1.543996762484312057e-02
1.543888263404369354e-02
1.543779764324426651e-02
1.543671917170286179e-02
1.543563883751630783e-02
1.543455477803945541e-02
1.543347630649805069e-02
1.543239317834377289e-02
1.543131098151206970e-02
1.543023250997066498e-02
1.542915031313896179e-02
1.542807277292013168e-02
1.542699430137872696e-02
1.542591396719217300e-02
1.542484015226364136e-02
1.542376074939966202e-02
1.542268507182598114e-02
1.542160473763942719e-02
1.542052906006574631e-02
1.541945058852434158e-02
1.541837491095066071e-02
1.541730202734470367e-02
1.541622728109359741e-02
1.541515160351991653e-02
1.541407592594623566e-02
1.541300211101770401e-02
1.541193109005689621e-02
1.541085541248321533e-02
1.540978066623210907e-02
1.540870964527130127e-02
1.540764048695564270e-02
1.540656853467226028e-02
1.540549471974372864e-02
1.540442183613777161e-02
1.540334802120923996e-02
1.540227979421615601e-02
1.540120970457792282e-02
1.540014147758483887e-02
1.539907231926918030e-02
1.539800222963094711e-02
1.539693307131528854e-02
1.539586670696735382e-02
1.539479847997426987e-02
1.539373211562633514e-02
1.539266388863325119e-02
1.539159845560789108e-02
1.539053022861480713e-02
1.538946386426687241e-02
1.538839749991893768e-02
1.538733206689357758e-02
1.538626849651336670e-02
1.538520492613315582e-02
1.538414135575294495e-02
1.538307778537273407e-02
1.538200862705707550e-02
1.538094785064458847e-02
1.537988241761922836e-02
1.537882257252931595e-02
1.537775993347167969e-02
1.537669822573661804e-02
1.537563651800155640e-02
1.537457574158906937e-02
1.537350937724113464e-02
1.537245139479637146e-02
1.537139434367418289e-02
1.537033542990684509e-02
1.536927372217178345e-02
1.536821573972702026e-02
1.536715961992740631e-02
1.536609604954719543e-02
1.536504179239273071e-02
1.536398287862539291e-02
1.536292769014835358e-02
1.536186970770359039e-02
1.536081358790397644e-02
1.535975467413663864e-02
1.535870041698217392e-02
1.535764336585998535e-02
1.535658910870552063e-02
1.535553392022848129e-02
1.535447686910629272e-02
1.535342540591955185e-02
1.535237301141023636e-02
1.535132247954607010e-02
1.535026729106903076e-02
1.534921303391456604e-02
1.534816157072782516e-02
1.534711197018623352e-02
1.534605678170919418e-02
1.534500718116760254e-02
1.534395944327116013e-02
1.534290425479412079e-02
1.534185465425252914e-02
1.534080039709806442e-02
1.533975638449192047e-02
1.533870957791805267e-02
1.533765718340873718e-02
1.533660851418972015e-02
1.533556170761585236e-02
1.533451396971940994e-02
1.533346902579069138e-02
1.533241756260395050e-02
1.533137168735265732e-02
1.533032488077878952e-02
1.532927714288234711e-02
1.532823499292135239e-02
1.532718818634748459e-02
1.532614324241876602e-02
1.532509736716747284e-02
1.532405894249677658e-02
1.532301213592290878e-02
1.532196626067161560e-02
1.532092597335577011e-02
1.531988382339477539e-02
1.531883981078863144e-02
1.531779766082763672e-02
1.531675457954406738e-02
1.531571615487337112e-02
1.531467400491237640e-02
1.531363185495138168e-02
1.531259156763553619e-02
1.531155593693256378e-02
1.531051192432641983e-02
1.530947536230087280e-02
1.530843321233987808e-02
1.530739571899175644e-02
1.530635543167591095e-02
1.530531607568264008e-02
1.530428323894739151e-02
1.530324574559926987e-02
1.530220825225114822e-02
1.530117355287075043e-02
1.530013419687747955e-02
1.529909949749708176e-02
1.529806479811668396e-02
1.529703103005886078e-02
1.529599167406558990e-02
1.529495883733034134e-02
1.529392413794994354e-02
1.529289130121469498e-02
1.529185939580202103e-02
1.529082469642162323e-02
1.528978720307350159e-02
1.528875902295112610e-02
1.528773084282875061e-02
1.528669428080320358e-02
1.528566330671310425e-02
1.528463326394557953e-02
1.528359949588775635e-02
1.528256945312023163e-02
1.528154127299785614e-02
1.528051123023033142e-02
1.527947839349508286e-02
1.527845300734043121e-02
1.527742296457290649e-02
1.527639292180538177e-02
1.527537032961845398e-02
1.527433935552835464e-02
1.527331396937370300e-02
1.527228672057390213e-02
1.527125854045152664e-02
1.527023501694202423e-02
1.526920497417449951e-02
1.526818238198757172e-02
1.526715513318777084e-02
1.526612974703311920e-02
1.526510808616876602e-02
1.526408270001411438e-02
1.526306197047233582e-02
1.526203285902738571e-02
1.526101212948560715e-02
1.525998953729867935e-02
1.525896601378917694e-02
1.525794062763452530e-02
1.525692269206047058e-02
1.525590196251869202e-02
1.525487843900918961e-02
1.525385770946741104e-02
1.525283977389335632e-02
1.525181718170642853e-02
1.525079645216464996e-02
1.524977385997772217e-02
1.524875964969396591e-02
1.524774171411991119e-02
1.524672284722328186e-02
1.524570118635892868e-02
1.524468418210744858e-02
1.524366904050111771e-02
1.524265017360448837e-02
1.524163223803043365e-02
1.524061709642410278e-02
1.523960102349519730e-02
1.523858495056629181e-02
1.523756515234708786e-02
1.523655094206333160e-02
1.523554045706987381e-02
1.523452438414096832e-02
1.523351017385721207e-02
1.523249689489603043e-02
1.523148361593484879e-02
1.523047033697366714e-02
1.522945705801248550e-02
1.522844284772872925e-02
1.522743236273527145e-02
1.522642187774181366e-02
1.522541046142578125e-02
1.522439904510974884e-02
1.522338856011629105e-02
1.522237714380025864e-02
1.522136572748422623e-02
1.522035803645849228e-02
1.521934848278760910e-02
1.521834265440702438e-02
1.521732937544584274e-02
1.521631889045238495e-02
1.521531213074922562e-02
1.521431002765893936e-02
1.521329768002033234e-02
1.521229371428489685e-02
1.521128229796886444e-02
1.521027833223342896e-02
1.520926970988512039e-02
1.520826295018196106e-02
1.520725991576910019e-02
1.520625315606594086e-02
1.520525012165307999e-02
1.520424149930477142e-02
1.520324125885963440e-02
1.520223729312419891e-02
1.520123332738876343e-02
1.520022843033075333e-02
1.519922818988561630e-02
1.519822422415018082e-02
1.519722025841474533e-02
1.519621908664703369e-02
1.519522070884704590e-02
1.519421581178903580e-02
1.519321464002132416e-02
1.519221533089876175e-02
1.519121509045362473e-02
1.519021578133106232e-02
1.518921647220849991e-02
1.518821902573108673e-02
1.518721878528594971e-02
1.518621854484081268e-02
1.518522016704082489e-02
1.518422272056341171e-02
1.518322620540857315e-02
1.518222782760858536e-02
1.518123131245374680e-02
1.518023386597633362e-02
1.517923548817634583e-02
1.517824269831180573e-02
1.517724338918924332e-02
1.517624966800212860e-02
1.517525780946016312e-02
1.517426036298274994e-02
1.517326477915048599e-02
1.517227292060852051e-02
1.517128013074398041e-02
1.517028547823429108e-02
1.516929361969232559e-02
1.516829989850521088e-02
1.516730617731809616e-02
1.516631338745355606e-02
1.516532246023416519e-02
1.516433060169219971e-02
1.516334246844053268e-02
1.516235060989856720e-02
1.516135875135660172e-02
1.516036503016948700e-02
1.515937969088554382e-02
1.515838783234357834e-02
1.515739876776933670e-02
1.515640877187252045e-02
1.515542156994342804e-02
1.515443902462720871e-02
1.515344716608524323e-02
1.515245623886585236e-02
1.515147089958190918e-02
1.515048369765281677e-02
1.514949835836887360e-02
1.514850929379463196e-02
1.514752767980098724e-02
1.514653768390417099e-02
1.514555513858795166e-02
1.514457073062658310e-02
1.514358259737491608e-02
1.514260098338127136e-02
1.514161657541990280e-02
1.514063216745853424e-02
