2.514353096485137939e-01
2.514042258262634277e-01
2.513734102249145508e-01
2.513430714607238770e-01
2.513129115104675293e-01
2.512831687927246094e-01
2.512536942958831787e-01
2.512245178222656250e-01
2.511957287788391113e-01
2.511671781539916992e-01
2.511389553546905518e-01
2.511110603809356689e-01
2.510834634304046631e-01
2.510561645030975342e-01
2.510291635990142822e-01
2.510024309158325195e-01
2.509760856628417969e-01
2.509498894214630127e-01
2.509239614009857178e-01
2.508984208106994629e-01
2.508731782436370850e-01
2.508481442928314209e-01
2.508233785629272461e-01
2.507989406585693359e-01
2.507747411727905273e-01
2.507508695125579834e-01
2.507271766662597656e-01
2.507037222385406494e-01
2.506806850433349609e-01
2.506577670574188232e-01
2.506352663040161133e-01
2.506128847599029541e-01
2.505908012390136719e-01
2.505689561367034912e-01
2.505473494529724121e-01
2.505260109901428223e-01
2.505049407482147217e-01
2.504840791225433350e-01
2.504635155200958252e-01
2.504431605339050293e-01
2.504231035709381104e-01
2.504031956195831299e-01
2.503835558891296387e-01
2.503642141819000244e-01
2.503449916839599609e-01
2.503260374069213867e-01
2.503073513507843018e-01
2.502888739109039307e-01
2.502706348896026611e-01
2.502525746822357178e-01
2.502347528934478760e-01
2.502171993255615234e-01
2.501997649669647217e-01
2.501826286315917969e-01
2.501656711101531982e-01
2.501490116119384766e-01
2.501324415206909180e-01
2.501161396503448486e-01
2.501000463962554932e-01
2.500841915607452393e-01
2.500684559345245361e-01
2.500528991222381592e-01
2.500376403331756592e-01
2.500225305557250977e-01
2.500076293945312500e-01
2.499929219484329224e-01
2.499783933162689209e-01
2.499640434980392456e-01
2.499499320983886719e-01
2.499359399080276489e-01
2.499221414327621460e-01
2.499085962772369385e-01
2.498951107263565063e-01
2.498818337917327881e-01
2.498687803745269775e-01
2.498558908700942993e-01
2.498431652784347534e-01
2.498305737972259521e-01
2.498182058334350586e-01
2.498059570789337158e-01
2.497939467430114746e-01
2.497819513082504272e-01
2.497702389955520630e-01
2.497586160898208618e-01
2.497472167015075684e-01
2.497359365224838257e-01
2.497248053550720215e-01
2.497137635946273804e-01
2.497029602527618408e-01
2.496922612190246582e-01
2.496816962957382202e-01
2.496712654829025269e-01
2.496610283851623535e-01
2.496509104967117310e-01
2.496408671140670776e-01
2.496309876441955566e-01
2.496212422847747803e-01
2.496116459369659424e-01
2.496021240949630737e-01
2.495927959680557251e-01
2.495835423469543457e-01
2.495744377374649048e-01
2.495654225349426270e-01
2.495565712451934814e-01
2.495476752519607544e-01
2.495391368865966797e-01
2.495305389165878296e-01
2.495221197605133057e-01
2.495138198137283325e-01
2.495055943727493286e-01
2.494975030422210693e-01
2.494894713163375854e-01
2.494815886020660400e-01
2.494737803936004639e-01
2.494660913944244385e-01
2.494585663080215454e-01
2.494509816169738770e-01
2.494435310363769531e-01
2.494362294673919678e-01
2.494290024042129517e-01
2.494218796491622925e-01
2.494148463010787964e-01
2.494078576564788818e-01
2.494009733200073242e-01
2.493941336870193481e-01
2.493874728679656982e-01
2.493808418512344360e-01
2.493742704391479492e-01
2.493677735328674316e-01
2.493613809347152710e-01
2.493551224470138550e-01
2.493488043546676636e-01
2.493425756692886353e-01
2.493364959955215454e-01
2.493304908275604248e-01
2.493244856595993042e-01
2.493185997009277344e-01
2.493127733469009399e-01
2.493069767951965332e-01
2.493013143539428711e-01
2.492956519126892090e-01
2.492900639772415161e-01
2.492845505475997925e-01
2.492790818214416504e-01
2.492737323045730591e-01
2.492683827877044678e-01
2.492630332708358765e-01
2.492578625679016113e-01
2.492526620626449585e-01
2.492475062608718872e-01
2.492424994707107544e-01
2.492374926805496216e-01
2.492325007915496826e-01
2.492276132106781006e-01
2.492227256298065186e-01
2.492179423570632935e-01
2.492131590843200684e-01
2.492084205150604248e-01
2.492037564516067505e-01
2.491991966962814331e-01
2.491945624351501465e-01
2.491900324821472168e-01
2.491855174303054810e-01
2.491810619831085205e-01
2.491766810417175293e-01
2.491723150014877319e-01
2.491679936647415161e-01
2.491637468338012695e-01
2.491594552993774414e-01
2.491552680730819702e-01
2.491510808467864990e-01
2.491469234228134155e-01
2.491428703069686890e-01
2.491387724876403809e-01
2.491347640752792358e-01
2.491308152675628662e-01
2.491268366575241089e-01
2.491228580474853516e-01
2.491189688444137573e-01
2.491151392459869385e-01
2.491112798452377319e-01
2.491074949502944946e-01
2.491037398576736450e-01
2.491000443696975708e-01
2.490963190793991089e-01
2.490926235914230347e-01
2.490889877080917358e-01
2.490853518247604370e-01
2.490817904472351074e-01
2.490782439708709717e-01
2.490747272968292236e-01
2.490712106227874756e-01
2.490677237510681152e-01
2.490642815828323364e-01
2.490608394145965576e-01
2.490574270486831665e-01
2.490540593862533569e-01
2.490507066249847412e-01
2.490473687648773193e-01
2.490440905094146729e-01
2.490407675504684448e-01
2.490375488996505737e-01
2.490343004465103149e-01
2.490310966968536377e-01
2.490279078483581543e-01
2.490247786045074463e-01
2.490215748548507690e-01
2.490184754133224487e-01
2.490153759717941284e-01
2.490123063325881958e-01
2.490092515945434570e-01
2.490062266588211060e-01
2.490032017230987549e-01
2.490001767873764038e-01
2.489972114562988281e-01
2.489942908287048340e-01
2.489913105964660645e-01
2.489883750677108765e-01
2.489855289459228516e-01
2.489826232194900513e-01
2.489797174930572510e-01
2.489768862724304199e-01
2.489740997552871704e-01
2.489712685346603394e-01
2.489684373140335083e-01
2.489656805992126465e-01
2.489629387855529785e-01
2.489602118730545044e-01
2.489574402570724487e-01
2.489547133445739746e-01
2.489520460367202759e-01
2.489493638277053833e-01
2.489466816186904907e-01
2.489440441131591797e-01
2.489413768053054810e-01
2.489387392997741699e-01
2.489361613988876343e-01
2.489336133003234863e-01
2.489310055971145630e-01
2.489284425973892212e-01
2.489259243011474609e-01
2.489233911037445068e-01
2.489208430051803589e-01
2.489183843135833740e-01
2.489158660173416138e-01
2.489134073257446289e-01
2.489109337329864502e-01
2.489084899425506592e-01
2.489061057567596436e-01
2.489036172628402710e-01
2.489012479782104492e-01
2.488988339900970459e-01
2.488964349031448364e-01
2.488940954208374023e-01
2.488916963338851929e-01
2.488894015550613403e-01
2.488870620727539062e-01
2.488847672939300537e-01
2.488824278116226196e-01
2.488801330327987671e-01
2.488778978586196899e-01
2.488756328821182251e-01
2.488733381032943726e-01
2.488710731267929077e-01
2.488688677549362183e-01
2.488666474819183350e-01
2.488643974065780640e-01
2.488622069358825684e-01
2.488600313663482666e-01
2.488578408956527710e-01
2.488556653261184692e-01
2.488535195589065552e-01
2.488513886928558350e-01
2.488492429256439209e-01
2.488471418619155884e-01
2.488450407981872559e-01
2.488429248332977295e-01
2.488408386707305908e-01
2.488387227058410645e-01
2.488366663455963135e-01
2.488345652818679810e-01
2.488325685262680054e-01
2.488304972648620605e-01
2.488284856081008911e-01
2.488264590501785278e-01
2.488244622945785522e-01
2.488224357366561890e-01
2.488204538822174072e-01
2.488184869289398193e-01
2.488165050745010376e-01
2.488145232200622559e-01
2.488126009702682495e-01
2.488106191158294678e-01
2.488086670637130737e-01
2.488067895174026489e-01
2.488048374652862549e-01
2.488029599189758301e-01
2.488010525703430176e-01
2.487991750240325928e-01
2.487973123788833618e-01
2.487954348325729370e-01
2.487936019897460938e-01
2.487916499376296997e-01
2.487898468971252441e-01
2.487880140542984009e-01
2.487861812114715576e-01
2.487843483686447144e-01
2.487825751304626465e-01
2.487807869911193848e-01
2.487789243459701538e-01
2.487771958112716675e-01
2.487754374742507935e-01
2.487736642360687256e-01
2.487718760967254639e-01
2.487701177597045898e-01
2.487684041261672974e-01
2.487666308879852295e-01
2.487648874521255493e-01
2.487631589174270630e-01
2.487614750862121582e-01
2.487597614526748657e-01
2.487580627202987671e-01
2.487563937902450562e-01
2.487547397613525391e-01
2.487529963254928589e-01
2.487513422966003418e-01
2.487497329711914062e-01
2.487480491399765015e-01
2.487463802099227905e-01
2.487448304891586304e-01
2.487431466579437256e-01
2.487415522336959839e-01
2.487398982048034668e-01
2.487382739782333374e-01
2.487366944551467896e-01
2.487351000308990479e-01
2.487335503101348877e-01
2.487319856882095337e-01
2.487303912639617920e-01
2.487288266420364380e-01
2.487272918224334717e-01
2.487257122993469238e-01
2.487241625785827637e-01
2.487226128578186035e-01
2.487210929393768311e-01
2.487195283174514771e-01
2.487180382013320923e-01
2.487166076898574829e-01
2.487150579690933228e-01
2.487135231494903564e-01
2.487120777368545532e-01
2.487105429172515869e-01
2.487091273069381714e-01
2.487076669931411743e-01
2.487061023712158203e-01
2.487047314643859863e-01
2.487033009529113770e-01
2.487018555402755737e-01
2.487003952264785767e-01
2.486989200115203857e-01
2.486975342035293579e-01
2.486960887908935547e-01
2.486946582794189453e-01
2.486932873725891113e-01
2.486919015645980835e-01
2.486905008554458618e-01
2.486890852451324463e-01
2.486877143383026123e-01
2.486862987279891968e-01
2.486849576234817505e-01
2.486836165189743042e-01
2.486822456121444702e-01
2.486808598041534424e-01
2.486795336008071899e-01
2.486782222986221313e-01
2.486768513917922974e-01
2.486755102872848511e-01
2.486742436885833740e-01
2.486729025840759277e-01
2.486715763807296753e-01
2.486703097820281982e-01
2.486689686775207520e-01
2.486676573753356934e-01
2.486664354801177979e-01
2.486650943756103516e-01
2.486638426780700684e-01
2.486625462770462036e-01
2.486612796783447266e-01
2.486600130796432495e-01
2.486587464809417725e-01
2.486575245857238770e-01
2.486562728881835938e-01
2.486550360918045044e-01
2.486537545919418335e-01
2.486525177955627441e-01
2.486513257026672363e-01
2.486501038074493408e-01
2.486488968133926392e-01
2.486476600170135498e-01
2.486464530229568481e-01
2.486452460289001465e-01
2.486440390348434448e-01
2.486428767442703247e-01
2.486416697502136230e-01
2.486404478549957275e-01
2.486392855644226074e-01
2.486381083726882935e-01
2.486369609832763672e-01
2.486358433961868286e-01
2.486346364021301270e-01
2.486334741115570068e-01
2.486323416233062744e-01
2.486311942338943481e-01
2.486300319433212280e-01
2.486288994550704956e-01
2.486278116703033447e-01
2.486266344785690308e-01
2.486255615949630737e-01
2.486244440078735352e-01
2.486232966184616089e-01
2.486221641302108765e-01
2.486211210489273071e-01
2.486200481653213501e-01
2.486189454793930054e-01
2.486177980899810791e-01
2.486167550086975098e-01
2.486156523227691650e-01
2.486145794391632080e-01
2.486135214567184448e-01
2.486124336719512939e-01
2.486113756895065308e-01
2.486102730035781860e-01
2.486092597246170044e-01
2.486082017421722412e-01
2.486071735620498657e-01
2.486060857772827148e-01
2.486050575971603394e-01
2.486040294170379639e-01
2.486029714345932007e-01
2.486019581556320190e-01
2.486009299755096436e-01
2.485999464988708496e-01
2.485988587141036987e-01
2.485979050397872925e-01
2.485969215631484985e-01
2.485958784818649292e-01
2.485948950052261353e-01
2.485938966274261475e-01
2.485929131507873535e-01
2.485919445753097534e-01
2.485909163951873779e-01
2.485899478197097778e-01
2.485889345407485962e-01
2.485880404710769653e-01
2.485869675874710083e-01
2.485860586166381836e-01
2.485850602388381958e-01
2.485841065645217896e-01
2.485831528902053833e-01
2.485821992158889771e-01
2.485812455415725708e-01
2.485803514719009399e-01
2.485793977975845337e-01
2.485784143209457397e-01
2.485775202512741089e-01
2.485765665769577026e-01
2.485756576061248779e-01
2.485747039318084717e-01
2.485738098621368408e-01
2.485728561878204346e-01
2.485719919204711914e-01
2.485710382461547852e-01
2.485701888799667358e-01
2.485692352056503296e-01
2.485683113336563110e-01
2.485674321651458740e-01
2.485665529966354370e-01
2.485656440258026123e-01
2.485647499561309814e-01
2.485638409852981567e-01
2.485629916191101074e-01
2.485621124505996704e-01
2.485612332820892334e-01
2.485603690147399902e-01
2.485595196485519409e-01
2.485586404800415039e-01
2.485577911138534546e-01
2.485569119453430176e-01
2.485560476779937744e-01
2.485551983118057251e-01
2.485543191432952881e-01
2.485535144805908203e-01
2.485526353120803833e-01
2.485518008470535278e-01
2.485509514808654785e-01
2.485501170158386230e-01
2.485492676496505737e-01
2.485484629869461060e-01
2.485476136207580566e-01
2.485467791557312012e-01
