2.923741638660430908e-01
2.915541827678680420e-01
2.907758653163909912e-01
2.900352180004119873e-01
2.893283069133758545e-01
2.886517941951751709e-01
2.880026400089263916e-01
2.873779535293579102e-01
2.867753505706787109e-01
2.861926853656768799e-01
2.856281697750091553e-01
2.850802242755889893e-01
2.845472991466522217e-01
2.840280532836914062e-01
2.835216224193572998e-01
2.830268740653991699e-01
2.825430631637573242e-01
2.820693850517272949e-01
2.816052138805389404e-01
2.811501026153564453e-01
2.807033061981201172e-01
2.802644968032836914e-01
2.798333168029785156e-01
2.794093787670135498e-01
2.789922952651977539e-01
2.785819172859191895e-01
2.781778872013092041e-01
2.777800858020782471e-01
2.773880958557128906e-01
2.770019173622131348e-01
2.766213119029998779e-01
2.762462198734283447e-01
2.758763730525970459e-01
2.755117118358612061e-01
2.751519978046417236e-01
2.747973501682281494e-01
2.744474411010742188e-01
2.741023004055023193e-01
2.737618088722229004e-01
2.734258472919464111e-01
2.730944454669952393e-01
2.727673351764678955e-01
2.724446654319763184e-01
2.721262276172637939e-01
2.718119919300079346e-01
2.715018987655639648e-01
2.711958587169647217e-01
2.708939015865325928e-01
2.705959081649780273e-01
2.703018486499786377e-01
2.700115740299224854e-01
2.697252929210662842e-01
2.694426774978637695e-01
2.691637873649597168e-01
2.688885927200317383e-01
2.686170041561126709e-01
2.683491110801696777e-01
2.680846750736236572e-01
2.678238153457641602e-01
2.675663530826568604e-01
2.673123776912689209e-01
2.670617401599884033e-01
2.668144404888153076e-01
2.665704190731048584e-01
2.663297057151794434e-01
2.660922408103942871e-01
2.658578753471374512e-01
2.656267285346984863e-01
2.653987109661102295e-01
2.651736438274383545e-01
2.649517357349395752e-01
2.647327482700347900e-01
2.645167112350463867e-01
2.643036246299743652e-01
2.640934884548187256e-01
2.638860940933227539e-01
2.636816203594207764e-01
2.634798288345336914e-01
2.632807493209838867e-01
2.630844712257385254e-01
2.628908157348632812e-01
2.626998424530029297e-01
2.625114619731903076e-01
2.623256444931030273e-01
2.621423304080963135e-01
2.619616091251373291e-01
2.617832422256469727e-01
2.616073787212371826e-01
2.614338994026184082e-01
2.612627744674682617e-01
2.610940039157867432e-01
2.609275877475738525e-01
2.607633471488952637e-01
2.606014013290405273e-01
2.604417204856872559e-01
2.602841258049011230e-01
2.601287364959716797e-01
2.599754035472869873e-01
2.598242163658142090e-01
2.596750855445861816e-01
2.595280110836029053e-01
2.593829631805419922e-01
2.592397928237915039e-01
2.590986192226409912e-01
2.589593827724456787e-01
2.588219344615936279e-01
2.586864233016967773e-01
2.585527896881103516e-01
2.584208846092224121e-01
2.582908272743225098e-01
2.581624984741210938e-01
2.580358982086181641e-01
2.579109966754913330e-01
2.577878236770629883e-01
2.576662600040435791e-01
2.575463056564331055e-01
2.574279904365539551e-01
2.573112547397613525e-01
2.571960985660552979e-01
2.570824921131134033e-01
2.569703757762908936e-01
2.568597495555877686e-01
2.567506134510040283e-01
2.566428780555725098e-01
2.565366327762603760e-01
2.564317584037780762e-01
2.563282847404479980e-01
2.562262117862701416e-01
2.561254203319549561e-01
2.560260295867919922e-01
2.559279203414916992e-01
2.558310925960540771e-01
2.557355761528015137e-01
2.556412518024444580e-01
2.555481791496276855e-01
2.554563879966735840e-01
2.553657591342926025e-01
2.552762627601623535e-01
2.551880478858947754e-01
2.551009058952331543e-01
2.550149559974670410e-01
2.549300789833068848e-01
2.548463344573974609e-01
2.547636330127716064e-01
2.546820938587188721e-01
2.546015679836273193e-01
2.545221447944641113e-01
2.544436752796173096e-01
2.543662786483764648e-01
2.542898058891296387e-01
2.542144060134887695e-01
2.541400492191314697e-01
2.540664672851562500e-01
2.539939582347869873e-01
2.539223730564117432e-01
2.538517713546752930e-01
2.537820637226104736e-01
2.537132501602172852e-01
2.536453008651733398e-01
2.535783350467681885e-01
2.535121440887451172e-01
2.534468770027160645e-01
2.533823847770690918e-01
2.533187866210937500e-01
2.532559931278228760e-01
2.531940042972564697e-01
2.531328797340393066e-01
2.530725002288818359e-01
2.530129551887512207e-01
2.529541552066802979e-01
2.528961300849914551e-01
2.528389096260070801e-01
2.527824044227600098e-01
2.527266144752502441e-01
2.526715695858001709e-01
2.526172697544097900e-01
2.525636851787567139e-01
2.525107562541961670e-01
2.524586319923400879e-01
2.524070441722869873e-01
2.523562014102935791e-01
2.523061335086822510e-01
2.522566020488739014e-01
2.522077262401580811e-01
2.521595358848571777e-01
2.521120011806488037e-01
2.520651221275329590e-01
2.520187795162200928e-01
2.519730925559997559e-01
2.519280910491943359e-01
2.518835961818695068e-01
2.518397271633148193e-01
2.517964243888854980e-01
2.517537176609039307e-01
2.517115473747253418e-01
2.516699731349945068e-01
2.516289651393890381e-01
2.515885233879089355e-01
2.515485584735870361e-01
2.515091598033905029e-01
2.514703273773193359e-01
2.514319717884063721e-01
2.513941228389739990e-01
2.513568103313446045e-01
2.513200342655181885e-01
2.512837648391723633e-01
2.512479126453399658e-01
2.512125670909881592e-01
2.511776983737945557e-01
2.511433660984039307e-01
2.511094212532043457e-01
2.510759234428405762e-01
2.510429322719573975e-01
2.510104179382324219e-01
2.509782612323760986e-01
2.509465813636779785e-01
2.509153187274932861e-01
2.508845329284667969e-01
2.508540749549865723e-01
2.508241236209869385e-01
2.507945001125335693e-01
2.507652938365936279e-01
2.507365345954895020e-01
2.507081925868988037e-01
2.506800889968872070e-01
2.506525218486785889e-01
2.506253123283386230e-01
2.505984008312225342e-01
2.505719363689422607e-01
2.505457103252410889e-01
2.505199909210205078e-01
2.504945695400238037e-01
2.504694461822509766e-01
2.504446804523468018e-01
2.504203021526336670e-01
2.503962516784667969e-01
2.503725290298461914e-01
2.503490746021270752e-01
2.503259778022766113e-01
2.503031790256500244e-01
2.502807378768920898e-01
2.502585947513580322e-01
2.502367198467254639e-01
2.502151727676391602e-01
2.501938939094543457e-01
2.501729428768157959e-01
2.501522600650787354e-01
2.501319348812103271e-01
2.501117587089538574e-01
2.500918805599212646e-01
2.500723302364349365e-01
2.500530779361724854e-01
2.500340342521667480e-01
2.500152885913848877e-01
2.499967515468597412e-01
2.499784976243972778e-01
2.499604672193527222e-01
2.499427795410156250e-01
2.499252706766128540e-01
2.499080598354339600e-01
2.498910129070281982e-01
2.498741745948791504e-01
2.498576343059539795e-01
2.498413324356079102e-01
2.498252391815185547e-01
2.498093694448471069e-01
2.497937232255935669e-01
2.497783005237579346e-01
2.497630417346954346e-01
2.497481256723403931e-01
2.497332692146301270e-01
2.497186809778213501e-01
2.497043162584304810e-01
2.496901601552963257e-01
2.496761679649353027e-01
2.496623545885086060e-01
2.496487796306610107e-01
2.496353983879089355e-01
2.496222108602523804e-01
2.496092319488525391e-01
2.495963126420974731e-01
2.495837211608886719e-01
2.495711892843246460e-01
2.495589405298233032e-01
2.495467960834503174e-01
2.495348155498504639e-01
2.495231181383132935e-01
2.495114952325820923e-01
2.495000213384628296e-01
2.494888007640838623e-01
2.494777143001556396e-01
2.494667917490005493e-01
2.494559586048126221e-01
2.494453191757202148e-01
2.494348883628845215e-01
2.494245171546936035e-01
2.494143545627593994e-01
2.494043260812759399e-01
2.493944615125656128e-01
2.493847161531448364e-01
2.493751496076583862e-01
2.493657022714614868e-01
2.493563890457153320e-01
2.493472397327423096e-01
2.493382543325424194e-01
2.493293434381484985e-01
2.493205368518829346e-01
2.493119090795516968e-01
2.493034601211547852e-01
2.492950707674026489e-01
2.492868453264236450e-01
2.492787092924118042e-01
2.492707520723342896e-01
2.492628693580627441e-01
2.492551207542419434e-01
2.492474913597106934e-01
2.492399364709854126e-01
2.492326200008392334e-01
2.492252886295318604e-01
2.492181658744812012e-01
2.492110580205917358e-01
2.492041289806365967e-01
2.491972893476486206e-01
2.491905689239501953e-01
2.491839081048965454e-01
2.491774111986160278e-01
2.491709887981414795e-01
2.491646707057952881e-01
2.491584718227386475e-01
2.491523474454879761e-01
2.491463422775268555e-01
2.491404265165328979e-01
2.491345703601837158e-01
2.491288781166076660e-01
2.491232454776763916e-01
2.491176724433898926e-01
2.491122037172317505e-01
2.491068542003631592e-01
2.491015642881393433e-01
2.490963339805603027e-01
2.490912079811096191e-01
2.490862011909484863e-01
2.490812689065933228e-01
2.490763962268829346e-01
2.490716725587844849e-01
2.490669190883636475e-01
2.490622550249099731e-01
2.490577399730682373e-01
2.490532398223876953e-01
2.490488588809967041e-01
2.490445375442504883e-01
2.490402758121490479e-01
2.490361034870147705e-01
2.490319758653640747e-01
2.490278780460357666e-01
2.490239292383193970e-01
2.490199953317642212e-01
2.490161657333374023e-01
2.490123808383941650e-01
2.490086406469345093e-01
2.490050047636032104e-01
2.490014135837554932e-01
2.489978522062301636e-01
2.489943802356719971e-01
2.489909678697586060e-01
2.489876002073287964e-01
2.489842772483825684e-01
2.489809989929199219e-01
2.489778548479080200e-01
2.489747107028961182e-01
2.489716261625289917e-01
2.489685565233230591e-01
2.489655762910842896e-01
2.489626705646514893e-01
2.489597648382186890e-01
2.489568889141082764e-01
2.489541918039321899e-01
2.489514201879501343e-01
2.489486783742904663e-01
2.489461004734039307e-01
2.489434629678726196e-01
2.489408701658248901e-01
2.489383369684219360e-01
2.489358633756637573e-01
2.489334493875503540e-01
2.489310503005981445e-01
2.489286661148071289e-01
2.489264160394668579e-01
2.489241212606430054e-01
2.489218711853027344e-01
2.489196360111236572e-01
2.489174604415893555e-01
2.489153295755386353e-01
2.489132285118103027e-01
2.489111572504043579e-01
2.489091306924819946e-01
2.489071339368820190e-01
2.489051818847656250e-01
2.489032447338104248e-01
2.489013224840164185e-01
2.488994896411895752e-01
2.488976120948791504e-01
2.488958537578582764e-01
2.488940358161926270e-01
2.488923072814941406e-01
2.488905489444732666e-01
2.488888502120971680e-01
2.488872110843658447e-01
2.488855421543121338e-01
2.488839179277420044e-01
2.488823235034942627e-01
2.488807439804077148e-01
2.488792240619659424e-01
2.488776892423629761e-01
2.488762140274047852e-01
2.488747537136077881e-01
2.488733083009719849e-01
2.488718926906585693e-01
2.488704621791839600e-01
2.488690614700317383e-01
2.488677203655242920e-01
2.488664090633392334e-01
2.488650381565093994e-01
2.488637715578079224e-01
2.488624751567840576e-01
2.488612234592437744e-01
2.488599419593811035e-01
2.488587647676467896e-01
2.488575875759124756e-01
2.488563656806945801e-01
2.488552033901214600e-01
2.488540261983871460e-01
2.488528788089752197e-01
2.488518059253692627e-01
2.488506883382797241e-01
2.488496154546737671e-01
2.488485425710678101e-01
2.488474547863006592e-01
2.488464415073394775e-01
2.488453686237335205e-01
2.488443851470947266e-01
2.488434016704559326e-01
2.488424032926559448e-01
2.488414347171783447e-01
2.488404512405395508e-01
2.488394975662231445e-01
2.488385736942291260e-01
2.488376498222351074e-01
2.488367408514022827e-01
2.488358467817306519e-01
2.488349676132202148e-01
2.488341331481933594e-01
2.488332539796829224e-01
2.488323748111724854e-01
2.488315403461456299e-01
2.488307356834411621e-01
2.488299310207366943e-01
2.488290965557098389e-01
2.488283216953277588e-01
2.488275319337844849e-01
2.488267570734024048e-01
2.488259971141815186e-01
2.488251924514770508e-01
2.488244920969009399e-01
2.488237321376800537e-01
2.488230168819427490e-01
2.488223165273666382e-01
2.488215863704681396e-01
2.488208562135696411e-01
2.488201856613159180e-01
2.488195002079010010e-01
2.488187700510025024e-01
2.488181442022323608e-01
2.488175034523010254e-01
2.488168478012084961e-01
2.488162070512771606e-01
2.488155812025070190e-01
2.488148957490921021e-01
2.488142997026443481e-01
2.488136440515518188e-01
2.488130331039428711e-01
2.488124519586563110e-01
2.488118708133697510e-01
2.488112747669219971e-01
2.488106489181518555e-01
2.488101124763488770e-01
2.488095164299011230e-01
2.488090097904205322e-01
2.488084286451339722e-01
2.488078624010086060e-01
2.488072812557220459e-01
2.488067150115966797e-01
2.488062232732772827e-01
2.488056868314743042e-01
2.488051801919937134e-01
2.488046139478683472e-01
2.488041222095489502e-01
2.488036155700683594e-01
2.488030493259429932e-01
2.488026320934295654e-01
