3.959251195192337036e-02
3.959145396947860718e-02
3.959038853645324707e-02
3.958931937813758850e-02
3.958825394511222839e-02
3.958719596266746521e-02
3.958613798022270203e-02
3.958506882190704346e-02
3.958400711417198181e-02
3.958293423056602478e-02
3.958189114928245544e-02
3.958082199096679688e-02
3.957976028323173523e-02
3.957869857549667358e-02
3.957763686776161194e-02
3.957657888531684875e-02
3.957551345229148865e-02
3.957444801926612854e-02
3.957338258624076843e-02
3.957233205437660217e-02
3.957126289606094360e-02
3.957020118832588196e-02
3.956913575530052185e-02
3.956807404756546021e-02
3.956701233983039856e-02
3.956595435738563538e-02
3.956488892436027527e-02
3.956383466720581055e-02
3.956277295947074890e-02
3.956171125173568726e-02
3.956063836812973022e-02
3.955958411097526550e-02
3.955851867794990540e-02
3.955745697021484375e-02
3.955641016364097595e-02
3.955533728003501892e-02
3.955428674817085266e-02
3.955322131514549255e-02
3.955216333270072937e-02
3.955110535025596619e-02
3.955004736781120300e-02
3.954897820949554443e-02
3.954792767763137817e-02
3.954685851931571960e-02
3.954581171274185181e-02
3.954474255442619324e-02
3.954368457198143005e-02
3.954262658953666687e-02
3.954156115651130676e-02
3.954051062464714050e-02
3.953944519162178040e-02
3.953839465975761414e-02
3.953733667731285095e-02
3.953627496957778931e-02
3.953520953655242920e-02
3.953415155410766602e-02
3.953309729695320129e-02
3.953203558921813965e-02
3.953097760677337646e-02
3.952991589903831482e-02
3.952886536717414856e-02
3.952780738472938538e-02
3.952674940228462219e-02
3.952569141983985901e-02
3.952463343739509583e-02
3.952358290553092957e-02
3.952251374721527100e-02
3.952145949006080627e-02
3.952040895819664001e-02
3.951934725046157837e-02
3.951828554272651672e-02
3.951723501086235046e-02
3.951617702841758728e-02
3.951512277126312256e-02
3.951406478881835938e-02
3.951300680637359619e-02
3.951195999979972839e-02
3.951090201735496521e-02
3.950985148549079895e-02
3.950877860188484192e-02
3.950773552060127258e-02
3.950667753815650940e-02
3.950562328100204468e-02
3.950456529855728149e-02
3.950351849198341370e-02
3.950245305895805359e-02
3.950140625238418579e-02
3.950034826993942261e-02
3.949929401278495789e-02
3.949824720621109009e-02
3.949718177318572998e-02
3.949612751603126526e-02
3.949507325887680054e-02
3.949401900172233582e-02
3.949297592043876648e-02
3.949191048741340637e-02
3.949085995554924011e-02
3.948981314897537231e-02
3.948876634240150452e-02
3.948770090937614441e-02
3.948665037751197815e-02
3.948559984564781189e-02
3.948453813791275024e-02
3.948347643017768860e-02
3.948242962360382080e-02
3.948137536644935608e-02
3.948033228516578674e-02
3.947928175330162048e-02
3.947822749614715576e-02
3.947717323899269104e-02
3.947612270712852478e-02
3.947506844997406006e-02
3.947401791810989380e-02
3.947297483682632446e-02
3.947192057967185974e-02
3.947086632251739502e-02
3.946981951594352722e-02
3.946876898407936096e-02
3.946771845221519470e-02
3.946666419506072998e-02
3.946560993790626526e-02
3.946456685662269592e-02
3.946351632475852966e-02
3.946245834231376648e-02
3.946141526103019714e-02
3.946036845445632935e-02
3.945932164788246155e-02
3.945826739072799683e-02
3.945721313357353210e-02
3.945616260170936584e-02
3.945511579513549805e-02
3.945407271385192871e-02
3.945301473140716553e-02
3.945198655128479004e-02
3.945092484354972839e-02
3.944988176226615906e-02
3.944883495569229126e-02
3.944777697324752808e-02
3.944673016667366028e-02
3.944568336009979248e-02
3.944463282823562622e-02
3.944358602166175842e-02
3.944253921508789062e-02
3.944149613380432129e-02
3.944044932723045349e-02
3.943940624594688416e-02
3.943835571408271790e-02
3.943731263279914856e-02
3.943626582622528076e-02
3.943520784378051758e-02
3.943416848778724670e-02
3.943312913179397583e-02
3.943208232522010803e-02
3.943103179335594177e-02
3.942998871207237244e-02
3.942893818020820618e-02
3.942790254950523376e-02
3.942685574293136597e-02
3.942581266164779663e-02
3.942476585507392883e-02
3.942372277379035950e-02
3.942268341779708862e-02
3.942163288593292236e-02
3.942058607935905457e-02
3.941953927278518677e-02
3.941849991679191589e-02
3.941746056079864502e-02
3.941641747951507568e-02
3.941536694765090942e-02
3.941432759165763855e-02
3.941328078508377075e-02
3.941224142909049988e-02
3.941119834780693054e-02
3.941015154123306274e-02
3.940911963582038879e-02
3.940807282924652100e-02
3.940702974796295166e-02
3.940598294138908386e-02
3.940494731068611145e-02
3.940390422940254211e-02
3.940286487340927124e-02
3.940181806683540344e-02
3.940078243613243103e-02
3.939974308013916016e-02
3.939870372414588928e-02
3.939765691757202148e-02
3.939661756157875061e-02
3.939556702971458435e-02
3.939452767372131348e-02
3.939349204301834106e-02
3.939246013760566711e-02
3.939141705632209778e-02
3.939037397503852844e-02
3.938933834433555603e-02
3.938830271363258362e-02
3.938726335763931274e-02
3.938622027635574341e-02
3.938517719507217407e-02
3.938414156436920166e-02
3.938310593366622925e-02
3.938206657767295837e-02
3.938102722167968750e-02
3.937998786568641663e-02
3.937894478440284729e-02
3.937791287899017334e-02
3.937688097357749939e-02
3.937583789229393005e-02
3.937480598688125610e-02
3.937376663088798523e-02
3.937272727489471436e-02
3.937170282006263733e-02
3.937065973877906799e-02
3.936962038278579712e-02
3.936858102679252625e-02
3.936754912137985229e-02
3.936650976538658142e-02
3.936547785997390747e-02
3.936444222927093506e-02
3.936340659856796265e-02
3.936236724257469177e-02
3.936133906245231628e-02
3.936030343174934387e-02
3.935926407575607300e-02
3.935823217034339905e-02
3.935719653964042664e-02
3.935615345835685730e-02
3.935512900352478027e-02
3.935409709811210632e-02
3.935306519269943237e-02
3.935202211141586304e-02
3.935099020600318909e-02
3.934996202588081360e-02
3.934893012046813965e-02
3.934790194034576416e-02
3.934686258435249329e-02
3.934582695364952087e-02
3.934479132294654846e-02
3.934376314282417297e-02
3.934272751212120056e-02
3.934169560670852661e-02
3.934067115187644958e-02
3.933963924646377563e-02
3.933859989047050476e-02
3.933757171034812927e-02
3.933653607964515686e-02
3.933551162481307983e-02
3.933448344469070435e-02
3.933344408869743347e-02
3.933241963386535645e-02
3.933139517903327942e-02
3.933035954833030701e-02
3.932932764291763306e-02
3.932829946279525757e-02
3.932727500796318054e-02
3.932623565196990967e-02
3.932520374655723572e-02
3.932417556643486023e-02
3.932314738631248474e-02
3.932212293148040771e-02
3.932108730077743530e-02
3.932006284594535828e-02
3.931903094053268433e-02
3.931800648570060730e-02
3.931696712970733643e-02
3.931595012545585632e-02
3.931491822004318237e-02
3.931388631463050842e-02
3.931286185979843140e-02
3.931184113025665283e-02
3.931081667542457581e-02
3.930978477001190186e-02
3.930874541401863098e-02
3.930772840976715088e-02
3.930669277906417847e-02
3.930566832423210144e-02
3.930464386940002441e-02
3.930362686514854431e-02
3.930258750915527344e-02
3.930157423019409180e-02
3.930054232478141785e-02
3.929952532052993774e-02
3.929849341511726379e-02
3.929745778441429138e-02
3.929643705487251282e-02
3.929541632533073425e-02
3.929439559578895569e-02
3.929336741566658020e-02
3.929234668612480164e-02
3.929131850600242615e-02
3.929029777646064758e-02
3.928926959633827209e-02
3.928824886679649353e-02
3.928722441196441650e-02
3.928619995713233948e-02
3.928518295288085938e-02
3.928415849804878235e-02
3.928312659263610840e-02
3.928210958838462830e-02
3.928108885884284973e-02
3.928006440401077271e-02
3.927905112504959106e-02
3.927801921963691711e-02
3.927699476480484009e-02
3.927597776055335999e-02
3.927496075630187988e-02
3.927393257617950439e-02
3.927291557192802429e-02
3.927188739180564880e-02
3.927087411284446716e-02
3.926985338330268860e-02
3.926882892847061157e-02
3.926780819892883301e-02
3.926679119467735291e-02
3.926576673984527588e-02
3.926475346088409424e-02
3.926372900605201721e-02
3.926271200180053711e-02
3.926169127225875854e-02
3.926067054271697998e-02
3.925965353846549988e-02
3.925864025950431824e-02
3.925761207938194275e-02
3.925658389925956726e-02
3.925557807087898254e-02
3.925456106662750244e-02
3.925354406237602234e-02
3.925252705812454224e-02
3.925150632858276367e-02
3.925048559904098511e-02
3.924946114420890808e-02
3.924844413995742798e-02
3.924743086099624634e-02
3.924641385674476624e-02
3.924539312720298767e-02
3.924437984824180603e-02
3.924337029457092285e-02
3.924235329031944275e-02
3.924134373664855957e-02
3.924031928181648254e-02
3.923930600285530090e-02
3.923827782273292542e-02
3.923726081848144531e-02
3.923625499010086060e-02
3.923524543642997742e-02
3.923421725630760193e-02
3.923320397734642029e-02
3.923219442367553711e-02
3.923117741942405701e-02
3.923016414046287537e-02
3.922914713621139526e-02
3.922813758254051208e-02
3.922711685299873352e-02
3.922609984874725342e-02
3.922509029507637024e-02
3.922408074140548706e-02
3.922306373715400696e-02
3.922205045819282532e-02
3.922103717923164368e-02
3.922002017498016357e-02
3.921901062130928040e-02
3.921800106763839722e-02
3.921698406338691711e-02
3.921597078442573547e-02
3.921495378017425537e-02
3.921394050121307373e-02
3.921293094754219055e-02
3.921192139387130737e-02
3.921091929078102112e-02
3.920989856123924255e-02
3.920888528227806091e-02
3.920787945389747620e-02
3.920685872435569763e-02
3.920586034655570984e-02
3.920484706759452820e-02
3.920383751392364502e-02
3.920282423496246338e-02
3.920181840658187866e-02
3.920080140233039856e-02
3.919979557394981384e-02
3.919878229498863220e-02
3.919776901602745056e-02
3.919675573706626892e-02
3.919575363397598267e-02
3.919474035501480103e-02
3.919374197721481323e-02
3.919272869825363159e-02
3.919171541929244995e-02
3.919070586562156677e-02
3.918970376253128052e-02
3.918869420886039734e-02
3.918768465518951416e-02
3.918668255209922791e-02
3.918566927313804626e-02
3.918466717004776001e-02
3.918365389108657837e-02
3.918265178799629211e-02
3.918164223432540894e-02
3.918063268065452576e-02
3.917962685227394104e-02
3.917861729860305786e-02
3.917760774493217468e-02
3.917659819126129150e-02
3.917559981346130371e-02
3.917459025979042053e-02
3.917358815670013428e-02
3.917257860302925110e-02
3.917156904935836792e-02
3.917057067155838013e-02
3.916956111788749695e-02
3.916855901479721069e-02
3.916754946112632751e-02
3.916653990745544434e-02
3.916552662849426270e-02
3.916452452540397644e-02
3.916352242231369019e-02
3.916252776980400085e-02
3.916151821613311768e-02
3.916051238775253296e-02
3.915951028466224670e-02
3.915850073099136353e-02
3.915749862790107727e-02
3.915649279952049255e-02
3.915549069643020630e-02
3.915448859333992004e-02
3.915348276495933533e-02
3.915248066186904907e-02
3.915147855877876282e-02
3.915047645568847656e-02
3.914947435259819031e-02
3.914846852421760559e-02
3.914746269583702087e-02
3.914646431803703308e-02
3.914545848965644836e-02
3.914446383714675903e-02
3.914346173405647278e-02
3.914245963096618652e-02
3.914145380258560181e-02
3.914045169949531555e-02
3.913946077227592468e-02
3.913845121860504150e-02
3.913745284080505371e-02
3.913645073771476746e-02
3.913545608520507812e-02
3.913444653153419495e-02
3.913344070315361023e-02
3.913244232535362244e-02
3.913144394755363464e-02
3.913044556975364685e-02
3.912944346666336060e-02
3.912845253944396973e-02
3.912744671106338501e-02
3.912645205855369568e-02
3.912545368075370789e-02
3.912445902824401855e-02
3.912345319986343384e-02
3.912244737148284912e-02
3.912144899368286133e-02
3.912044689059257507e-02
3.911945596337318420e-02
3.911845013499259949e-02
3.911745920777320862e-02
3.911646082997322083e-02
3.911546245217323303e-02
3.911446407437324524e-02
3.911347314715385437e-02
3.911247849464416504e-02
3.911147639155387878e-02
3.911047056317329407e-02
3.910947963595390320e-02
3.910847753286361694e-02
3.910748660564422607e-02
3.910648822784423828e-02
3.910549357533454895e-02
3.910450264811515808e-02
3.910350054502487183e-02
3.910250216722488403e-02
3.910150751471519470e-02
3.910051286220550537e-02
3.909950703382492065e-02
3.909852355718612671e-02
3.909752517938613892e-02
3.909652307629585266e-02
3.909553959965705872e-02
3.909454122185707092e-02
3.909354656934738159e-02
3.909255191683769226e-02
3.909156471490859985e-02
3.909056261181831360e-02
3.908956423401832581e-02
3.908856958150863647e-02
3.908757492899894714e-02
3.908658772706985474e-02
3.908559307456016541e-02
3.908459469676017761e-02
3.908359631896018982e-02
3.908260539174079895e-02
3.908161818981170654e-02
3.908062353730201721e-02
3.907962515950202942e-02
3.907863050699234009e-02
