1.494037508964538574e-01
1.494027227163314819e-01
1.494016796350479126e-01
1.494006663560867310e-01
1.493996381759643555e-01
1.493986248970031738e-01
1.493975967168807983e-01
1.493965536355972290e-01
1.493955552577972412e-01
1.493945121765136719e-01
1.493934839963912964e-01
1.493924558162689209e-01
1.493914127349853516e-01
1.493904590606689453e-01
1.493893861770629883e-01
1.493883579969406128e-01
1.493873447179794312e-01
1.493863314390182495e-01
1.493852734565734863e-01
1.493842303752899170e-01
1.493832021951675415e-01
1.493822187185287476e-01
1.493811756372451782e-01
1.493801176548004150e-01
1.493791192770004272e-01
1.493781059980392456e-01
1.493770778179168701e-01
1.493760198354721069e-01
1.493750065565109253e-01
1.493740081787109375e-01
1.493729799985885620e-01
1.493719369173049927e-01
1.493709087371826172e-01
1.493698954582214355e-01
1.493688672780990601e-01
1.493678539991378784e-01
1.493668407201766968e-01
1.493658274412155151e-01
1.493647694587707520e-01
1.493637710809707642e-01
1.493627279996871948e-01
1.493616998195648193e-01
1.493606865406036377e-01
1.493596732616424561e-01
1.493586450815200806e-01
1.493576169013977051e-01
1.493566036224365234e-01
1.493555605411529541e-01
1.493545174598693848e-01
1.493534892797470093e-01
1.493524909019470215e-01
1.493514776229858398e-01
1.493504345417022705e-01
1.493494063615798950e-01
1.493484079837799072e-01
1.493473351001739502e-01
1.493463367223739624e-01
1.493453532457351685e-01
1.493442803621292114e-01
1.493432521820068359e-01
1.493422389030456543e-01
1.493411809206008911e-01
1.493401974439620972e-01
1.493391543626785278e-01
1.493381559848785400e-01
1.493371278047561646e-01
1.493360996246337891e-01
1.493350863456726074e-01
1.493340730667114258e-01
1.493330150842666626e-01
1.493320018053054810e-01
1.493310034275054932e-01
1.493299752473831177e-01
1.493289321660995483e-01
1.493279188871383667e-01
1.493268907070159912e-01
1.493259072303771973e-01
1.493248790502548218e-01
1.493238061666488647e-01
1.493227779865264893e-01
1.493217796087265015e-01
1.493207365274429321e-01
1.493197232484817505e-01
1.493187248706817627e-01
1.493177115917205811e-01
1.493166685104370117e-01
1.493156552314758301e-01
1.493145823478698730e-01
1.493135988712310791e-01
1.493125706911087036e-01
1.493116021156311035e-01
1.493105441331863403e-01
1.493095010519027710e-01
1.493085026741027832e-01
1.493074744939804077e-01
1.493064463138580322e-01
1.493054479360580444e-01
1.493043899536132812e-01
1.493033915758132935e-01
1.493023931980133057e-01
1.493013650178909302e-01
1.493003368377685547e-01
1.492993086576461792e-01
1.492982804775238037e-01
1.492972820997238159e-01
1.492962539196014404e-01
1.492952406406402588e-01
1.492941975593566895e-01
1.492931842803955078e-01
1.492921561002731323e-01
1.492911428213119507e-01
1.492901444435119629e-01
1.492891311645507812e-01
1.492880731821060181e-01
1.492870301008224487e-01
1.492860466241836548e-01
1.492850333452224731e-01
1.492840200662612915e-01
1.492829918861389160e-01
1.492820084095001221e-01
1.492809504270553589e-01
1.492799371480941772e-01
1.492789089679718018e-01
1.492779105901718140e-01
1.492768824100494385e-01
1.492758542299270630e-01
1.492748409509658813e-01
1.492737978696823120e-01
1.492728292942047119e-01
1.492718309164047241e-01
1.492707580327987671e-01
1.492697149515151978e-01
1.492687016725540161e-01
1.492676883935928345e-01
1.492666751146316528e-01
1.492656767368316650e-01
1.492646187543869019e-01
1.492636352777481079e-01
1.492625921964645386e-01
1.492615789175033569e-01
1.492605656385421753e-01
1.492595374584197998e-01
1.492585390806198120e-01
1.492574959993362427e-01
1.492565125226974487e-01
1.492554843425750732e-01
1.492544561624526978e-01
1.492534130811691284e-01
1.492523998022079468e-01
1.492514312267303467e-01
1.492503881454467773e-01
1.492493599653244019e-01
1.492483466863632202e-01
1.492473036050796509e-01
1.492463201284408569e-01
1.492452919483184814e-01
1.492442786693572998e-01
1.492432802915573120e-01
1.492422372102737427e-01
1.492412239313125610e-01
1.492402106523513794e-01
1.492391675710678101e-01
1.492381840944290161e-01
1.492371559143066406e-01
1.492361277341842651e-01
1.492351144552230835e-01
1.492341011762619019e-01
1.492330878973007202e-01
1.492320895195007324e-01
1.492310762405395508e-01
1.492300182580947876e-01
1.492290198802947998e-01
1.492279917001724243e-01
1.492269784212112427e-01
1.492259502410888672e-01
1.492249518632888794e-01
1.492239236831665039e-01
1.492229104042053223e-01
1.492218971252441406e-01
1.492208689451217651e-01
1.492198705673217773e-01
1.492188423871994019e-01
1.492178291082382202e-01
1.492168158292770386e-01
1.492158174514770508e-01
1.492147892713546753e-01
1.492137610912322998e-01
1.492127627134323120e-01
1.492117494344711304e-01
1.492107212543487549e-01
1.492097079753875732e-01
1.492086797952651978e-01
1.492076963186264038e-01
1.492066532373428345e-01
1.492056548595428467e-01
1.492046415805816650e-01
1.492036134004592896e-01
1.492026150226593018e-01
1.492016166448593140e-01
1.492005884647369385e-01
1.491995602846145630e-01
1.491985619068145752e-01
1.491975337266921997e-01
1.491964906454086304e-01
1.491954922676086426e-01
1.491944938898086548e-01
1.491934508085250854e-01
1.491924673318862915e-01
1.491914391517639160e-01
1.491904258728027344e-01
1.491894125938415527e-01
1.491883546113967896e-01
1.491873711347579956e-01
1.491863578557968140e-01
1.491853743791580200e-01
1.491843760013580322e-01
1.491833031177520752e-01
1.491823494434356689e-01
1.491812914609909058e-01
1.491802930831909180e-01
1.491792947053909302e-01
1.491782665252685547e-01
1.491772234439849854e-01
1.491762250661849976e-01
1.491752415895462036e-01
1.491741836071014404e-01
1.491731703281402588e-01
1.491721719503402710e-01
1.491711586713790894e-01
1.491701602935791016e-01
1.491691619157791138e-01
1.491681337356567383e-01
1.491670906543731689e-01
1.491661369800567627e-01
1.491651087999343872e-01
1.491640806198120117e-01
1.491630673408508301e-01
1.491620540618896484e-01
1.491610407829284668e-01
1.491600275039672852e-01
1.491590142250061035e-01
1.491580158472061157e-01
1.491570025682449341e-01
1.491559743881225586e-01
1.491549462080001831e-01
1.491539776325225830e-01
1.491529643535614014e-01
1.491519212722778320e-01
1.491509377956390381e-01
1.491499096155166626e-01
1.491488963365554810e-01
1.491478830575942993e-01
1.491468846797943115e-01
1.491458714008331299e-01
1.491448432207107544e-01
1.491438448429107666e-01
1.491428315639495850e-01
1.491417884826660156e-01
1.491408050060272217e-01
1.491397768259048462e-01
1.491387635469436646e-01
1.491377651691436768e-01
1.491367369890213013e-01
1.491357386112213135e-01
1.491347104310989380e-01
1.491337269544601440e-01
1.491327136754989624e-01
1.491316854953765869e-01
1.491306722164154053e-01
1.491296589374542236e-01
1.491286903619766235e-01
1.491276919841766357e-01
1.491266638040542603e-01
1.491256505250930786e-01
1.491245925426483154e-01
1.491236239671707153e-01
1.491225808858871460e-01
1.491215974092483521e-01
1.491205841302871704e-01
1.491195857524871826e-01
1.491185724735260010e-01
1.491175591945648193e-01
1.491165608167648315e-01
1.491155326366424561e-01
1.491145193576812744e-01
1.491135507822036743e-01
1.491125077009201050e-01
1.491114944219589233e-01
1.491104811429977417e-01
1.491094678640365601e-01
1.491084694862365723e-01
1.491074413061141968e-01
1.491064429283142090e-01
1.491054445505142212e-01
1.491044312715530396e-01
1.491034179925918579e-01
1.491024196147918701e-01
1.491014063358306885e-01
1.491003483533859253e-01
1.490993946790695190e-01
1.490983664989471436e-01
1.490973681211471558e-01
1.490963399410247803e-01
1.490953713655471802e-01
1.490943431854248047e-01
1.490933150053024292e-01
1.490923166275024414e-01
1.490913033485412598e-01
1.490902900695800781e-01
1.490893363952636719e-01
1.490882784128189087e-01
1.490872949361801147e-01
1.490862816572189331e-01
1.490852832794189453e-01
1.490842700004577637e-01
1.490832716226577759e-01
1.490822583436965942e-01
1.490812152624130249e-01
1.490802317857742310e-01
1.490792334079742432e-01
1.490782201290130615e-01
1.490771919488906860e-01
1.490762233734130859e-01
1.490751951932907104e-01
1.490741670131683350e-01
1.490731388330459595e-01
1.490721404552459717e-01
1.490711718797683716e-01
1.490701436996459961e-01
1.490691155195236206e-01
1.490681618452072144e-01
1.490671187639236450e-01
1.490661054849624634e-01
1.490651220083236694e-01
1.490641087293624878e-01
1.490631103515625000e-01
1.490620672702789307e-01
1.490610837936401367e-01
1.490600854158401489e-01
1.490590721368789673e-01
1.490580588579177856e-01
1.490570604801177979e-01
1.490560472011566162e-01
1.490550339221954346e-01
1.490540355443954468e-01
1.490530222654342651e-01
1.490520238876342773e-01
1.490510106086730957e-01
1.490500122308731079e-01
1.490489989519119263e-01
1.490480005741119385e-01
1.490469723939895630e-01
1.490459889173507690e-01
1.490449756383895874e-01
1.490439921617507935e-01
1.490429639816284180e-01
1.490419954061508179e-01
1.490409672260284424e-01
1.490399837493896484e-01
1.490389406681060791e-01
1.490379422903060913e-01
1.490369439125061035e-01
1.490359306335449219e-01
1.490349322557449341e-01
1.490339189767837524e-01
1.490329355001449585e-01
1.490319222211837769e-01
1.490309387445449829e-01
1.490299254655838013e-01
1.490288972854614258e-01
1.490278840065002441e-01
1.490269005298614502e-01
1.490258872509002686e-01
1.490248590707778931e-01
1.490238755941390991e-01
1.490228623151779175e-01
1.490218788385391235e-01
1.490208506584167480e-01
1.490198522806167603e-01
1.490188986063003540e-01
1.490178704261779785e-01
1.490168422460556030e-01
1.490158438682556152e-01
1.490148454904556274e-01
1.490138173103332520e-01
1.490128338336944580e-01
1.490118354558944702e-01
1.490108221769332886e-01
1.490098237991333008e-01
1.490088403224945068e-01
1.490078270435333252e-01
1.490068137645721436e-01
1.490058153867721558e-01
1.490048170089721680e-01
1.490038037300109863e-01
1.490027904510498047e-01
1.490017920732498169e-01
1.490007787942886353e-01
1.489998102188110352e-01
1.489987820386886597e-01
1.489977836608886719e-01
1.489967703819274902e-01
1.489957571029663086e-01
1.489947587251663208e-01
1.489937603473663330e-01
1.489927917718887329e-01
1.489917635917663574e-01
1.489907950162887573e-01
1.489897668361663818e-01
1.489887684583663940e-01
1.489877551794052124e-01
1.489867717027664185e-01
1.489857435226440430e-01
1.489847451448440552e-01
1.489837616682052612e-01
1.489827632904052734e-01
1.489817649126052856e-01
1.489807218313217163e-01
1.489797830581665039e-01
1.489787399768829346e-01
1.489777117967605591e-01
1.489766985177993774e-01
1.489757448434829712e-01
1.489747464656829834e-01
1.489737182855606079e-01
1.489727199077606201e-01
1.489717066287994385e-01
1.489707231521606445e-01
1.489697545766830444e-01
1.489687263965606689e-01
1.489677131175994873e-01
1.489667296409606934e-01
1.489657163619995117e-01
1.489647179841995239e-01
1.489636898040771484e-01
1.489627212285995483e-01
1.489617228507995605e-01
1.489607244729995728e-01
1.489597409963607788e-01
1.489587128162384033e-01
1.489576995372772217e-01
1.489567160606384277e-01
1.489557325839996338e-01
1.489546895027160645e-01
1.489537358283996582e-01
1.489527076482772827e-01
1.489517092704772949e-01
1.489507257938385010e-01
1.489497423171997070e-01
1.489486992359161377e-01
1.489477306604385376e-01
1.489467471837997437e-01
1.489457041025161743e-01
1.489447057247161865e-01
1.489437073469161987e-01
1.489426940679550171e-01
1.489416956901550293e-01
1.489407271146774292e-01
1.489396989345550537e-01
1.489387154579162598e-01
1.489377468824386597e-01
1.489367336034774780e-01
1.489356905221939087e-01
1.489347070455551147e-01
1.489337086677551270e-01
1.489327102899551392e-01
1.489316821098327637e-01
1.489307284355163574e-01
1.489296853542327881e-01
1.489287316799163818e-01
1.489277333021163940e-01
1.489267200231552124e-01
1.489257365465164185e-01
1.489247232675552368e-01
1.489237397909164429e-01
1.489227116107940674e-01
1.489217281341552734e-01
1.489207446575164795e-01
1.489197462797164917e-01
1.489187628030776978e-01
1.489177197217941284e-01
1.489167362451553345e-01
1.489157080650329590e-01
1.489147394895553589e-01
1.489137411117553711e-01
1.489127129316329956e-01
1.489117294549942017e-01
1.489107608795166016e-01
1.489097625017166138e-01
1.489087492227554321e-01
1.489077508449554443e-01
1.489067524671554565e-01
1.489057689905166626e-01
1.489047855138778687e-01
1.489038020372390747e-01
1.489027887582778931e-01
1.489017754793167114e-01
1.489007771015167236e-01
1.488997638225555420e-01
1.488987952470779419e-01
