2.288977801799774170e-01
2.288960963487625122e-01
2.288943529129028320e-01
2.288926541805267334e-01
2.288909703493118286e-01
2.288892269134521484e-01
2.288875281810760498e-01
2.288857847452163696e-01
2.288840860128402710e-01
2.288823723793029785e-01
2.288806587457656860e-01
2.288789749145507812e-01
2.288772761821746826e-01
2.288755625486373901e-01
2.288738340139389038e-01
2.288721501827239990e-01
2.288705259561538696e-01
2.288687676191329956e-01
2.288670837879180908e-01
2.288654595613479614e-01
2.288637459278106689e-01
2.288620620965957642e-01
2.288603037595748901e-01
2.288587093353271484e-01
2.288569509983062744e-01
2.288553714752197266e-01
2.288536578416824341e-01
2.288519293069839478e-01
2.288503199815750122e-01
2.288486808538436890e-01
2.288469970226287842e-01
2.288453131914138794e-01
2.288436293601989746e-01
2.288419902324676514e-01
2.288403362035751343e-01
2.288386672735214233e-01
2.288370132446289062e-01
2.288353741168975830e-01
2.288337200880050659e-01
2.288320362567901611e-01
2.288304269313812256e-01
2.288287878036499023e-01
2.288271188735961914e-01
2.288255095481872559e-01
2.288238555192947388e-01
2.288222163915634155e-01
2.288205772638320923e-01
2.288189977407455444e-01
2.288172543048858643e-01
2.288156747817993164e-01
2.288140803575515747e-01
2.288124263286590576e-01
2.288108468055725098e-01
2.288091778755187988e-01
2.288075387477874756e-01
2.288059592247009277e-01
2.288043200969696045e-01
2.288026809692382812e-01
2.288011014461517334e-01
2.287994921207427979e-01
2.287978827953338623e-01
2.287962585687637329e-01
2.287946343421936035e-01
2.287930697202682495e-01
2.287914752960205078e-01
2.287898659706115723e-01
2.287882268428802490e-01
2.287866473197937012e-01
2.287850379943847656e-01
2.287835031747817993e-01
2.287818342447280884e-01
2.287802994251251221e-01
2.287787348031997681e-01
2.287771254777908325e-01
2.287755906581878662e-01
2.287739813327789307e-01
2.287723869085311890e-01
2.287708520889282227e-01
2.287692129611968994e-01
2.287676930427551270e-01
2.287661135196685791e-01
2.287645488977432251e-01
2.287629097700119019e-01
2.287614047527313232e-01
2.287598103284835815e-01
2.287582755088806152e-01
2.287566959857940674e-01
2.287551760673522949e-01
2.287535667419433594e-01
2.287520319223403931e-01
2.287505418062210083e-01
2.287489026784896851e-01
2.287474125623703003e-01
2.287458032369613647e-01
2.287443131208419800e-01
2.287427484989166260e-01
2.287412136793136597e-01
2.287396788597106934e-01
2.287381589412689209e-01
2.287366241216659546e-01
2.287350893020629883e-01
2.287335246801376343e-01
2.287320345640182495e-01
2.287304699420928955e-01
2.287289500236511230e-01
2.287274152040481567e-01
2.287259548902511597e-01
2.287243604660034180e-01
2.287228256464004517e-01
2.287214100360870361e-01
2.287198454141616821e-01
2.287183403968811035e-01
2.287168204784393311e-01
2.287152856588363647e-01
2.287137955427169800e-01
2.287123352289199829e-01
2.287107706069946289e-01
2.287092804908752441e-01
2.287077903747558594e-01
2.287063002586364746e-01
2.287047654390335083e-01
2.287032902240753174e-01
2.287018001079559326e-01
2.287003099918365479e-01
2.286988347768783569e-01
2.286973446607589722e-01
2.286958694458007812e-01
2.286943793296813965e-01
2.286928743124008179e-01
2.286914288997650146e-01
2.286899685859680176e-01
2.286884784698486328e-01
2.286870181560516357e-01
2.286855429410934448e-01
2.286840379238128662e-01
2.286825925111770630e-01
2.286811023950576782e-01
2.286796420812606812e-01
2.286781966686248779e-01
2.286766916513442993e-01
2.286752462387084961e-01
2.286738008260726929e-01
2.286723107099533081e-01
2.286708801984786987e-01
2.286694049835205078e-01
2.286679744720458984e-01
2.286665290594100952e-01
2.286651134490966797e-01
2.286636680364608765e-01
2.286621630191802979e-01
2.286607474088668823e-01
2.286593019962310791e-01
2.286578565835952759e-01
2.286564409732818604e-01
2.286549806594848633e-01
2.286535650491714478e-01
2.286521792411804199e-01
2.286507338285446167e-01
2.286492884159088135e-01
2.286478728055953979e-01
2.286464571952819824e-01
2.286450266838073730e-01
2.286435961723327637e-01
2.286421805620193481e-01
2.286407947540283203e-01
2.286393791437149048e-01
2.286379635334014893e-01
2.286365181207656860e-01
2.286351323127746582e-01
2.286336869001388550e-01
2.286322712898254395e-01
2.286308556795120239e-01
2.286294698715209961e-01
2.286280542612075806e-01
2.286266535520553589e-01
2.286253124475479126e-01
2.286238968372344971e-01
2.286225408315658569e-01
2.286211252212524414e-01
2.286197245121002197e-01
2.286182790994644165e-01
2.286169230937957764e-01
2.286155819892883301e-01
2.286141365766525269e-01
2.286127954721450806e-01
2.286114245653152466e-01
2.286100089550018311e-01
2.286086380481719971e-01
2.286072820425033569e-01
2.286058068275451660e-01
2.286044955253601074e-01
2.286031544208526611e-01
2.286017835140228271e-01
2.286003977060317993e-01
2.285989969968795776e-01
2.285976111888885498e-01
2.285963445901870728e-01
2.285949289798736572e-01
2.285935729742050171e-01
2.285922169685363770e-01
2.285908758640289307e-01
2.285894751548767090e-01
2.285881638526916504e-01
2.285868376493453979e-01
2.285854965448379517e-01
2.285840809345245361e-01
2.285827100276947021e-01
2.285814732313156128e-01
2.285800725221633911e-01
2.285787165164947510e-01
2.285773754119873047e-01
2.285760194063186646e-01
2.285746634006500244e-01
2.285733669996261597e-01
2.285720407962799072e-01
2.285707294940948486e-01
2.285693138837814331e-01
2.285680621862411499e-01
2.285667061805725098e-01
2.285653799772262573e-01
2.285640686750411987e-01
2.285627424716949463e-01
2.285614758729934692e-01
2.285601049661636353e-01
2.285588085651397705e-01
2.285574674606323242e-01
2.285561561584472656e-01
2.285548597574234009e-01
2.285535335540771484e-01
2.285522222518920898e-01
2.285508960485458374e-01
2.285495549440383911e-01
2.285482883453369141e-01
2.285469919443130493e-01
2.285457253456115723e-01
2.285443842411041260e-01
2.285430431365966797e-01
2.285417765378952026e-01
2.285404503345489502e-01
2.285391539335250854e-01
2.285378873348236084e-01
2.285366207361221313e-01
2.285353094339370728e-01
2.285340279340744019e-01
2.285327464342117310e-01
2.285314947366714478e-01
2.285301536321640015e-01
2.285289317369461060e-01
2.285276055335998535e-01
2.285263240337371826e-01
2.285250276327133179e-01
2.285237610340118408e-01
2.285224795341491699e-01
2.285212576389312744e-01
2.285199761390686035e-01
2.285186797380447388e-01
2.285174131393432617e-01
2.285161912441253662e-01
2.285148501396179199e-01
2.285135686397552490e-01
2.285123765468597412e-01
2.285110801458358765e-01
2.285097837448120117e-01
2.285085469484329224e-01
2.285072952508926392e-01
2.285060733556747437e-01
2.285047918558120728e-01
2.285035401582717896e-01
2.285022735595703125e-01
2.285010218620300293e-01
2.284997850656509399e-01
2.284985333681106567e-01
2.284972965717315674e-01
2.284960895776748657e-01
2.284948229789733887e-01
2.284935563802719116e-01
2.284923344850540161e-01
2.284910827875137329e-01
2.284898459911346436e-01
2.284885793924331665e-01
2.284874022006988525e-01
2.284861356019973755e-01
2.284849137067794800e-01
2.284836620092391968e-01
2.284824699163436890e-01
2.284812182188034058e-01
2.284800112247467041e-01
2.284787297248840332e-01
2.284775376319885254e-01
2.284763008356094360e-01
2.284750938415527344e-01
2.284738570451736450e-01
2.284726500511169434e-01
2.284714877605438232e-01
2.284702211618423462e-01
2.284690439701080322e-01
2.284677922725677490e-01
2.284666001796722412e-01
2.284653782844543457e-01
2.284641563892364502e-01
2.284629344940185547e-01
2.284618169069290161e-01
2.284605205059051514e-01
2.284593284130096436e-01
2.284581810235977173e-01
2.284569591283798218e-01
2.284557372331619263e-01
2.284545600414276123e-01
2.284533977508544922e-01
2.284521758556365967e-01
2.284509986639022827e-01
2.284498065710067749e-01
2.284486144781112671e-01
2.284474074840545654e-01
2.284462600946426392e-01
2.284450232982635498e-01
2.284438759088516235e-01
2.284426540136337280e-01
2.284415066242218018e-01
2.284403145313262939e-01
2.284391820430755615e-01
2.284379601478576660e-01
2.284367680549621582e-01
2.284356504678726196e-01
2.284343987703323364e-01
2.284332215785980225e-01
2.284320741891860962e-01
2.284309267997741699e-01
2.284297794103622437e-01
2.284285575151443481e-01
2.284274101257324219e-01
2.284262627363204956e-01
2.284251451492309570e-01
2.284239679574966431e-01
2.284227609634399414e-01
2.284216284751892090e-01
2.284205108880996704e-01
2.284193336963653564e-01
2.284181714057922363e-01
2.284170240163803101e-01
2.284159213304519653e-01
2.284147739410400391e-01
2.284135520458221436e-01
2.284124195575714111e-01
2.284113019704818726e-01
2.284101247787475586e-01
2.284090071916580200e-01
2.284078299999237061e-01
2.284066826105117798e-01
2.284055352210998535e-01
2.284044474363327026e-01
2.284032702445983887e-01
2.284021228551864624e-01
2.284010052680969238e-01
2.283999323844909668e-01
2.283987551927566528e-01
2.283976078033447266e-01
2.283965051174163818e-01
2.283953577280044556e-01
2.283942848443984985e-01
2.283931225538253784e-01
2.283919900655746460e-01
2.283908873796463013e-01
2.283897250890731812e-01
2.283886224031448364e-01
2.283875197172164917e-01
2.283864021301269531e-01
2.283853292465209961e-01
2.283841967582702637e-01
2.283830046653747559e-01
2.283819764852523804e-01
2.283809036016464233e-01
2.283797860145568848e-01
2.283786833286285400e-01
2.283775657415390015e-01
2.283764332532882690e-01
2.283753901720046997e-01
2.283742725849151611e-01
2.283730953931808472e-01
2.283719927072525024e-01
2.283709496259689331e-01
2.283698469400405884e-01
2.283687293529510498e-01
2.283676564693450928e-01
2.283665835857391357e-01
2.283654958009719849e-01
2.283644229173660278e-01
2.283633053302764893e-01
2.283622622489929199e-01
2.283611297607421875e-01
2.283600866794586182e-01
2.283590137958526611e-01
2.283578813076019287e-01
2.283568531274795532e-01
2.283557653427124023e-01
2.283546626567840576e-01
2.283535450696945190e-01
2.283524870872497559e-01
2.283514589071273804e-01
2.283503711223602295e-01
2.283493578433990479e-01
2.283482700586318970e-01
2.283471971750259399e-01
2.283461391925811768e-01
2.283450365066528320e-01
2.283439636230468750e-01
2.283429503440856934e-01
2.283418774604797363e-01
2.283407747745513916e-01
2.283397167921066284e-01
2.283386737108230591e-01
2.283376157283782959e-01
2.283365279436111450e-01
2.283355444669723511e-01
2.283345013856887817e-01
2.283334434032440186e-01
2.283323556184768677e-01
2.283313274383544922e-01
2.283303290605545044e-01
2.283292412757873535e-01
2.283281981945037842e-01
2.283271700143814087e-01
2.283261269330978394e-01
2.283250987529754639e-01
2.283240407705307007e-01
2.283230274915695190e-01
2.283220142126083374e-01
2.283209711313247681e-01
2.283199727535247803e-01
2.283189147710800171e-01
2.283178716897964478e-01
2.283168435096740723e-01
2.283158451318740845e-01
2.283148467540740967e-01
2.283137887716293335e-01
2.283127158880233765e-01
2.283117175102233887e-01
2.283107191324234009e-01
2.283097207546234131e-01
2.283087372779846191e-01
2.283076643943786621e-01
2.283066660165786743e-01
2.283056676387786865e-01
2.283046394586563110e-01
2.283036410808563232e-01
2.283026427030563354e-01
2.283016592264175415e-01
2.283006608486175537e-01
2.282996326684951782e-01
2.282986342906951904e-01
2.282976508140563965e-01
2.282966822385787964e-01
2.282956242561340332e-01
2.282947003841400146e-01
2.282936573028564453e-01
2.282926291227340698e-01
2.282916754484176636e-01
2.282906770706176758e-01
2.282896488904953003e-01
2.282886952161788940e-01
2.282876968383789062e-01
2.282866984605789185e-01
2.282857447862625122e-01
2.282847911119461060e-01
2.282838076353073120e-01
2.282828390598297119e-01
2.282818406820297241e-01
2.282808572053909302e-01
2.282798886299133301e-01
2.282789051532745361e-01
2.282779514789581299e-01
2.282769531011581421e-01
2.282759994268417358e-01
2.282750308513641357e-01
2.282740771770477295e-01
2.282730937004089355e-01
2.282721400260925293e-01
2.282711863517761230e-01
2.282702922821044922e-01
2.282692939043045044e-01
2.282683402299880981e-01
2.282673567533493042e-01
2.282663881778717041e-01
2.282654345035552979e-01
2.282644957304000854e-01
2.282636016607284546e-01
2.282626479864120483e-01
2.282616496086120605e-01
2.282606959342956543e-01
2.282597869634628296e-01
2.282588183879852295e-01
2.282578796148300171e-01
2.282569408416748047e-01
2.282559573650360107e-01
2.282550781965255737e-01
2.282541990280151367e-01
2.282532006502151489e-01
2.282522916793823242e-01
2.282513380050659180e-01
2.282503843307495117e-01
