2.511734068393707275e-01
2.511638998985290527e-01
2.511543631553649902e-01
2.511449158191680908e-01
2.511355280876159668e-01
2.511261701583862305e-01
2.511169612407684326e-01
2.511077523231506348e-01
2.510985434055328369e-01
2.510894238948822021e-01
2.510803639888763428e-01
2.510714232921600342e-01
2.510624527931213379e-01
2.510535717010498047e-01
2.510447502136230469e-01
2.510359287261962891e-01
2.510272264480590820e-01
2.510185241699218750e-01
2.510097920894622803e-01
2.510012686252593994e-01
2.509926855564117432e-01
2.509842514991760254e-01
2.509757876396179199e-01
2.509674131870269775e-01
2.509590685367584229e-01
2.509508132934570312e-01
2.509424984455108643e-01
2.509343028068542480e-01
2.509261667728424072e-01
2.509180009365081787e-01
2.509099245071411133e-01
2.509018778800964355e-01
2.508938908576965332e-01
2.508859932422637939e-01
2.508781254291534424e-01
2.508702278137207031e-01
2.508624494075775146e-01
2.508546113967895508e-01
2.508468925952911377e-01
2.508392035961151123e-01
2.508315443992614746e-01
2.508239150047302246e-01
2.508162856101989746e-01
2.508087456226348877e-01
2.508012354373931885e-01
2.507937550544738770e-01
2.507862746715545654e-01
2.507788538932800293e-01
2.507715225219726562e-01
2.507641911506652832e-01
2.507568597793579102e-01
2.507496178150177002e-01
2.507423460483551025e-01
2.507351636886596680e-01
2.507279813289642334e-01
2.507208883762359619e-01
2.507137656211853027e-01
2.507067024707794189e-01
2.506996989250183105e-01
2.506926953792572021e-01
2.506857216358184814e-01
2.506787776947021484e-01
2.506718635559082031e-01
2.506649792194366455e-01
2.506581246852874756e-01
2.506513595581054688e-01
2.506445050239562988e-01
2.506377696990966797e-01
2.506310045719146729e-01
2.506242990493774414e-01
2.506176233291625977e-01
2.506109476089477539e-01
2.506043314933776855e-01
2.505977153778076172e-01
2.505911588668823242e-01
2.505846023559570312e-01
2.505780458450317383e-01
2.505715489387512207e-01
2.505650818347930908e-01
2.505586147308349609e-01
2.505522072315216064e-01
2.505457997322082520e-01
2.505394220352172852e-01
2.505331039428710938e-01
2.505267262458801270e-01
2.505203783512115479e-01
2.505140304565429688e-01
2.505078017711639404e-01
2.505016028881072998e-01
2.504953145980834961e-01
2.504891455173492432e-01
2.504829466342926025e-01
2.504768073558807373e-01
2.504706084728240967e-01
2.504644691944122314e-01
2.504583895206451416e-01
2.504523694515228271e-01
2.504462897777557373e-01
2.504402697086334229e-01
2.504342794418334961e-01
2.504282593727111816e-01
2.504222691059112549e-01
2.504162788391113281e-01
2.504103183746337891e-01
2.504043281078338623e-01
2.503984272480010986e-01
2.503925263881683350e-01
2.503866553306579590e-01
2.503807842731475830e-01
2.503749430179595947e-01
2.503691017627716064e-01
2.503632903099060059e-01
2.503575086593627930e-01
2.503517270088195801e-01
2.503459751605987549e-01
2.503401935100555420e-01
2.503344714641571045e-01
2.503287494182586670e-01
2.503230869770050049e-01
2.503173649311065674e-01
2.503117024898529053e-01
2.503060996532440186e-01
2.503004074096679688e-01
2.502948343753814697e-01
2.502891719341278076e-01
2.502836287021636963e-01
2.502780556678771973e-01
2.502724826335906982e-01
2.502669394016265869e-01
2.502613663673400879e-01
2.502559125423431396e-01
2.502503991127014160e-01
2.502448856830596924e-01
2.502394318580627441e-01
2.502339482307434082e-01
2.502285242080688477e-01
2.502230703830718994e-01
2.502176463603973389e-01
2.502122521400451660e-01
2.502068281173706055e-01
2.502014636993408203e-01
2.501960396766662598e-01
2.501907646656036377e-01
2.501854300498962402e-01
2.501801252365112305e-01
2.501747906208038330e-01
2.501694560050964355e-01
2.501642107963562012e-01
2.501589059829711914e-01
2.501536309719085693e-01
2.501484453678131104e-01
2.501432001590728760e-01
2.501379847526550293e-01
2.501327991485595703e-01
2.501276135444641113e-01
2.501224279403686523e-01
2.501172423362731934e-01
2.501121163368225098e-01
2.501070201396942139e-01
2.501018643379211426e-01
2.500967979431152344e-01
2.500917017459869385e-01
2.500866055488586426e-01
2.500815391540527344e-01
2.500765323638916016e-01
2.500714659690856934e-01
2.500664591789245605e-01
2.500614225864410400e-01
2.500564754009246826e-01
2.500514686107635498e-01
2.500464916229248047e-01
2.500415146350860596e-01
2.500365376472473145e-01
2.500315904617309570e-01
2.500267028808593750e-01
2.500218451023101807e-01
2.500169277191162109e-01
2.500120699405670166e-01
2.500071823596954346e-01
2.500023543834686279e-01
2.499975115060806274e-01
2.499927133321762085e-01
2.499878853559494019e-01
2.499830722808837891e-01
2.499783039093017578e-01
2.499735504388809204e-01
2.499688118696212769e-01
2.499640583992004395e-01
2.499593347311019897e-01
2.499546408653259277e-01
2.499499171972274780e-01
2.499452084302902222e-01
2.499404996633529663e-01
2.499358505010604858e-01
2.499312013387680054e-01
2.499265819787979126e-01
2.499219626188278198e-01
2.499173879623413086e-01
2.499127537012100220e-01
2.499081641435623169e-01
2.499036192893981934e-01
2.498990595340728760e-01
2.498945146799087524e-01
2.498899996280670166e-01
2.498854845762252808e-01
2.498810142278671265e-01
2.498765140771865845e-01
2.498720437288284302e-01
2.498676180839538574e-01
2.498631775379180908e-01
2.498587667942047119e-01
2.498543858528137207e-01
2.498499304056167603e-01
2.498455941677093506e-01
2.498411685228347778e-01
2.498368322849273682e-01
2.498324662446975708e-01
2.498281300067901611e-01
2.498238235712051392e-01
2.498195767402648926e-01
2.498152405023574829e-01
2.498109787702560425e-01
2.498066872358322144e-01
2.498024106025695801e-01
2.497981488704681396e-01
2.497939169406890869e-01
2.497896850109100342e-01
2.497854828834533691e-01
2.497812658548355103e-01
2.497771233320236206e-01
2.497729361057281494e-01
2.497687935829162598e-01
2.497646659612655640e-01
2.497605681419372559e-01
2.497564256191253662e-01
2.497522979974746704e-01
2.497482150793075562e-01
2.497441470623016357e-01
2.497401088476181030e-01
2.497359812259674072e-01
2.497319877147674561e-01
2.497279793024063110e-01
2.497239857912063599e-01
2.497199624776840210e-01
2.497159540653228760e-01
2.497119754552841187e-01
2.497080266475677490e-01
2.497040778398513794e-01
2.497001588344573975e-01
2.496961951255798340e-01
2.496923208236694336e-01
2.496884167194366455e-01
2.496845275163650513e-01
2.496806383132934570e-01
2.496767640113830566e-01
2.496728897094726562e-01
2.496690601110458374e-01
2.496652603149414062e-01
2.496614605188369751e-01
2.496576458215713501e-01
2.496538162231445312e-01
2.496500611305236816e-01
2.496463060379028320e-01
2.496425360441207886e-01
2.496387809514999390e-01
2.496350705623626709e-01
2.496313154697418213e-01
2.496276497840881348e-01
2.496239542961120605e-01
2.496202886104583740e-01
2.496166080236434937e-01
2.496129274368286133e-01
2.496092915534973145e-01
2.496057003736495972e-01
2.496020644903182983e-01
2.495984584093093872e-01
2.495948523283004761e-01
2.495912909507751465e-01
2.495876997709274292e-01
2.495841383934020996e-01
2.495806217193603516e-01
2.495770901441574097e-01
2.495735734701156616e-01
2.495700269937515259e-01
2.495665550231933594e-01
2.495630681514739990e-01
2.495596408843994141e-01
2.495561689138412476e-01
2.495527416467666626e-01
2.495492845773696899e-01
2.495459020137786865e-01
2.495424747467041016e-01
2.495390623807907104e-01
2.495357394218444824e-01
2.495323419570922852e-01
2.495290338993072510e-01
2.495256662368774414e-01
2.495223730802536011e-01
2.495190799236297607e-01
2.495158016681671143e-01
2.495125234127044678e-01
2.495092898607254028e-01
2.495060116052627563e-01
2.495027780532836914e-01
2.494995594024658203e-01
2.494963258504867554e-01
2.494931668043136597e-01
2.494899928569793701e-01
2.494868487119674683e-01
2.494836598634719849e-01
2.494805753231048584e-01
2.494774460792541504e-01
2.494743317365646362e-01
2.494712173938751221e-01
2.494681477546691895e-01
2.494651228189468384e-01
2.494620382785797119e-01
2.494590282440185547e-01
2.494560331106185913e-01
2.494530230760574341e-01
2.494500428438186646e-01
2.494470775127410889e-01
2.494441121816635132e-01
2.494411915540695190e-01
2.494382858276367188e-01
2.494353502988815308e-01
2.494324594736099243e-01
2.494295984506607056e-01
2.494267821311950684e-01
2.494239211082458496e-01
2.494211196899414062e-01
2.494182735681533813e-01
2.494155168533325195e-01
2.494127452373504639e-01
2.494099885225296021e-01
2.494072765111923218e-01
2.494045346975326538e-01
2.494018077850341797e-01
2.493991106748580933e-01
2.493964582681655884e-01
2.493938207626342773e-01
2.493911683559417725e-01
2.493885606527328491e-01
2.493859380483627319e-01
2.493833601474761963e-01
2.493807971477508545e-01
2.493782341480255127e-01
2.493757307529449463e-01
2.493731975555419922e-01
2.493707090616226196e-01
2.493682354688644409e-01
2.493657320737838745e-01
2.493633031845092773e-01
2.493608742952346802e-01
2.493584603071212769e-01
2.493560910224914551e-01
2.493536621332168579e-01
2.493513673543930054e-01
2.493489980697631836e-01
2.493466585874557495e-01
2.493443638086318970e-01
2.493420541286468506e-01
2.493398040533065796e-01
2.493375688791275024e-01
2.493352890014648438e-01
2.493330687284469604e-01
2.493309229612350464e-01
2.493287324905395508e-01
2.493265569210052490e-01
2.493244111537933350e-01
2.493222653865814209e-01
2.493201792240142822e-01
2.493180483579635620e-01
2.493159919977188110e-01
2.493139803409576416e-01
2.493119388818740845e-01
2.493099123239517212e-01
2.493078708648681641e-01
2.493059188127517700e-01
2.493039518594741821e-01
2.493019998073577881e-01
2.493000626564025879e-01
2.492981553077697754e-01
2.492962628602981567e-01
2.492943555116653442e-01
2.492924928665161133e-01
2.492906451225280762e-01
2.492887824773788452e-01
2.492869794368743896e-01
2.492852210998535156e-01
2.492834031581878662e-01
2.492816597223281860e-01
2.492799311876296997e-01
2.492781877517700195e-01
2.492764592170715332e-01
2.492747604846954346e-01
2.492731064558029175e-01
2.492714673280715942e-01
2.492697983980178833e-01
2.492681890726089478e-01
2.492665648460388184e-01
2.492650002241134644e-01
2.492633610963821411e-01
2.492618560791015625e-01
2.492602616548538208e-01
2.492587715387344360e-01
2.492572218179702759e-01
2.492557018995285034e-01
2.492541819810867310e-01
2.492527514696121216e-01
2.492513060569763184e-01
2.492498457431793213e-01
2.492484152317047119e-01
2.492470294237136841e-01
2.492456138134002686e-01
2.492442429065704346e-01
2.492428869009017944e-01
2.492415308952331543e-01
2.492401897907257080e-01
2.492388486862182617e-01
2.492375224828720093e-01
2.492362409830093384e-01
2.492349594831466675e-01
2.492336779832839966e-01
2.492324411869049072e-01
2.492311894893646240e-01
2.492299526929855347e-01
2.492287158966064453e-01
2.492275387048721313e-01
2.492263168096542358e-01
2.492251545190811157e-01
2.492239624261856079e-01
2.492227852344512939e-01
2.492216825485229492e-01
2.492205500602722168e-01
2.492194026708602905e-01
2.492183148860931396e-01
2.492172569036483765e-01
2.492161393165588379e-01
2.492150813341140747e-01
2.492140680551528931e-01
2.492129951715469360e-01
2.492119520902633667e-01
2.492109090089797974e-01
2.492099404335021973e-01
2.492089122533798218e-01
2.492079138755798340e-01
2.492069154977798462e-01
2.492060065269470215e-01
2.492050379514694214e-01
2.492040842771530151e-01
2.492031455039978027e-01
2.492022365331649780e-01
2.492012977600097656e-01
2.492004185914993286e-01
2.491995245218276978e-01
2.491986304521560669e-01
2.491977810859680176e-01
2.491969019174575806e-01
2.491960227489471436e-01
2.491952031850814819e-01
2.491943836212158203e-01
2.491935342550277710e-01
2.491927146911621094e-01
2.491919100284576416e-01
2.491910755634307861e-01
2.491903156042098999e-01
2.491895556449890137e-01
2.491887658834457397e-01
2.491880059242248535e-01
2.491872161626815796e-01
2.491864860057830811e-01
2.491857409477233887e-01
2.491850107908248901e-01
2.491843104362487793e-01
2.491835653781890869e-01
2.491828799247741699e-01
2.491821795701980591e-01
2.491814941167831421e-01
2.491807937622070312e-01
2.491800934076309204e-01
2.491794228553771973e-01
2.491787821054458618e-01
2.491781413555145264e-01
2.491774708032608032e-01
2.491768449544906616e-01
2.491761744022369385e-01
2.491755485534667969e-01
2.491749525070190430e-01
2.491743415594100952e-01
2.491737157106399536e-01
2.491731047630310059e-01
2.491725087165832520e-01
2.491719424724578857e-01
2.491713762283325195e-01
2.491707652807235718e-01
2.491701990365982056e-01
2.491696327924728394e-01
2.491690814495086670e-01
2.491685301065444946e-01
