1.957826018333435059e-01
1.957815736532211304e-01
1.957804709672927856e-01
1.957793831825256348e-01
1.957782953977584839e-01
1.957772523164749146e-01
1.957761496305465698e-01
1.957750767469406128e-01
1.957740038633346558e-01
1.957729309797286987e-01
1.957718133926391602e-01
1.957707405090332031e-01
1.957696676254272461e-01
1.957685500383377075e-01
1.957675069570541382e-01
1.957664340734481812e-01
1.957653611898422241e-01
1.957642883062362671e-01
1.957632452249526978e-01
1.957621276378631592e-01
1.957610845565795898e-01
1.957599669694900513e-01
1.957589238882064819e-01
1.957578063011169434e-01
1.957567632198333740e-01
1.957556754350662231e-01
1.957546174526214600e-01
1.957535594701766968e-01
1.957524269819259644e-01
1.957513540983200073e-01
1.957503110170364380e-01
1.957492381334304810e-01
1.957481652498245239e-01
1.957470625638961792e-01
1.957460045814514160e-01
1.957449167966842651e-01
1.957438588142395020e-01
1.957427710294723511e-01
1.957417279481887817e-01
1.957406550645828247e-01
1.957395672798156738e-01
1.957384943962097168e-01
1.957374662160873413e-01
1.957363486289978027e-01
1.957352608442306519e-01
1.957342028617858887e-01
1.957331597805023193e-01
1.957320719957351685e-01
1.957309842109680176e-01
1.957299113273620605e-01
1.957288384437561035e-01
1.957277804613113403e-01
1.957267373800277710e-01
1.957256346940994263e-01
1.957245916128158569e-01
1.957235038280487061e-01
1.957224309444427490e-01
1.957213580608367920e-01
1.957203149795532227e-01
1.957192271947860718e-01
1.957181841135025024e-01
1.957171112298965454e-01
1.957160383462905884e-01
1.957149356603622437e-01
1.957139223814010620e-01
1.957128196954727173e-01
1.957117468118667603e-01
1.957106888294219971e-01
1.957096010446548462e-01
1.957085430622100830e-01
1.957074701786041260e-01
1.957064270973205566e-01
1.957053393125534058e-01
1.957042664289474487e-01
1.957032233476638794e-01
1.957021504640579224e-01
1.957010924816131592e-01
1.957000195980072021e-01
1.956990063190460205e-01
1.956979185342788696e-01
1.956968307495117188e-01
1.956957727670669556e-01
1.956946998834609985e-01
1.956936269998550415e-01
1.956925392150878906e-01
1.956915110349655151e-01
1.956904232501983643e-01
1.956893801689147949e-01
1.956883072853088379e-01
1.956872493028640747e-01
1.956861913204193115e-01
1.956851333379745483e-01
1.956840306520462036e-01
1.956830322742462158e-01
1.956819593906402588e-01
1.956808567047119141e-01
1.956798136234283447e-01
1.956787407398223877e-01
1.956776827573776245e-01
1.956766098737716675e-01
1.956755667924880981e-01
1.956744790077209473e-01
1.956734657287597656e-01
1.956723928451538086e-01
1.956713199615478516e-01
1.956702619791030884e-01
1.956692188978195190e-01
1.956681460142135620e-01
1.956670582294464111e-01
1.956660002470016479e-01
1.956649869680404663e-01
1.956638693809509277e-01
1.956628262996673584e-01
1.956617683172225952e-01
1.956607252359390259e-01
1.956596523523330688e-01
1.956586092710494995e-01
1.956575214862823486e-01
1.956564784049987793e-01
1.956554353237152100e-01
1.956543475389480591e-01
1.956533491611480713e-01
1.956522315740585327e-01
1.956512182950973511e-01
1.956501603126525879e-01
1.956490725278854370e-01
1.956480443477630615e-01
1.956469714641571045e-01
1.956459134817123413e-01
1.956448554992675781e-01
1.956437975168228149e-01
1.956427693367004395e-01
1.956416666507720947e-01
1.956406533718109131e-01
1.956395506858825684e-01
1.956385523080825806e-01
1.956374645233154297e-01
1.956364512443542480e-01
1.956353783607482910e-01
1.956343352794647217e-01
1.956332325935363770e-01
1.956321746110916138e-01
1.956311315298080444e-01
1.956300735473632812e-01
1.956290453672409058e-01
1.956279724836349487e-01
1.956269145011901855e-01
1.956258267164230347e-01
1.956248432397842407e-01
1.956237405538558960e-01
1.956227272748947144e-01
1.956216394901275635e-01
1.956206113100051880e-01
1.956195980310440063e-01
1.956185251474380493e-01
1.956174820661544800e-01
1.956164240837097168e-01
1.956153959035873413e-01
1.956143230199813843e-01
1.956132799386978149e-01
1.956122070550918579e-01
1.956111788749694824e-01
1.956101506948471069e-01
1.956090331077575684e-01
1.956080347299575806e-01
1.956069618463516235e-01
1.956058889627456665e-01
1.956048607826232910e-01
1.956037878990173340e-01
1.956027597188949585e-01
1.956017017364501953e-01
1.956006586551666260e-01
1.955996155738830566e-01
1.955985873937606812e-01
1.955975145101547241e-01
1.955964863300323486e-01
1.955953836441040039e-01
1.955943554639816284e-01
1.955933421850204468e-01
1.955922693014144897e-01
1.955912411212921143e-01
1.955901980400085449e-01
1.955891400575637817e-01
1.955880820751190186e-01
1.955870538949966431e-01
1.955860406160354614e-01
1.955849528312683105e-01
1.955838799476623535e-01
1.955828815698623657e-01
1.955818086862564087e-01
1.955807656049728394e-01
1.955797374248504639e-01
1.955786794424057007e-01
1.955776810646057129e-01
1.955765932798385620e-01
1.955755650997161865e-01
1.955744922161102295e-01
1.955734491348266602e-01
1.955724060535430908e-01
1.955714076757431030e-01
1.955703347921371460e-01
1.955692917108535767e-01
1.955682635307312012e-01
1.955672353506088257e-01
1.955661922693252563e-01
1.955651491880416870e-01
1.955641061067581177e-01
1.955630183219909668e-01
1.955620050430297852e-01
1.955609619617462158e-01
1.955599188804626465e-01
1.955588608980178833e-01
1.955578178167343140e-01
1.955567449331283569e-01
1.955557316541671753e-01
1.955547332763671875e-01
1.955536603927612305e-01
1.955526322126388550e-01
1.955515593290328979e-01
1.955505609512329102e-01
1.955495178699493408e-01
1.955484747886657715e-01
1.955474168062210083e-01
1.955464035272598267e-01
1.955453455448150635e-01
1.955442875623703003e-01
1.955432444810867310e-01
1.955422163009643555e-01
1.955412179231643677e-01
1.955401450395584106e-01
1.955391317605972290e-01
1.955380588769912720e-01
1.955370306968688965e-01
1.955360025167465210e-01
1.955349892377853394e-01
1.955339312553405762e-01
1.955329030752182007e-01
1.955318301916122437e-01
1.955308169126510620e-01
1.955298036336898804e-01
1.955287456512451172e-01
1.955277174711227417e-01
1.955267041921615601e-01
1.955256164073944092e-01
1.955245882272720337e-01
1.955235749483108521e-01
1.955225616693496704e-01
1.955215036869049072e-01
1.955204755067825317e-01
1.955194324254989624e-01
1.955183893442153931e-01
1.955173760652542114e-01
1.955163627862930298e-01
1.955152899026870728e-01
1.955142617225646973e-01
1.955132484436035156e-01
1.955121755599975586e-01
1.955111622810363770e-01
1.955101042985916138e-01
1.955091059207916260e-01
1.955080777406692505e-01
1.955070495605468750e-01
1.955060362815856934e-01
1.955049782991409302e-01
1.955039054155349731e-01
1.955028921365737915e-01
1.955018490552902222e-01
1.955008357763290405e-01
1.954998224973678589e-01
1.954987794160842896e-01
1.954977512359619141e-01
1.954967230558395386e-01
1.954956650733947754e-01
1.954946219921112061e-01
1.954936534166336060e-01
1.954925656318664551e-01
1.954915821552276611e-01
1.954905092716217041e-01
1.954895108938217163e-01
1.954884827136993408e-01
1.954874396324157715e-01
1.954864263534545898e-01
1.954853832721710205e-01
1.954843550920486450e-01
1.954833269119262695e-01
1.954822987318038940e-01
1.954812854528427124e-01
1.954802721738815308e-01
1.954792141914367676e-01
1.954781711101531982e-01
1.954771578311920166e-01
1.954761296510696411e-01
1.954751312732696533e-01
1.954741030931472778e-01
1.954730302095413208e-01
1.954720169305801392e-01
1.954710334539413452e-01
1.954699605703353882e-01
1.954689472913742065e-01
1.954679191112518311e-01
1.954668760299682617e-01
1.954658776521682739e-01
1.954648494720458984e-01
1.954638212919235229e-01
1.954627633094787598e-01
1.954617500305175781e-01
1.954607367515563965e-01
1.954597234725952148e-01
1.954587101936340332e-01
1.954576522111892700e-01
1.954566389322280884e-01
1.954556405544281006e-01
1.954546272754669189e-01
1.954535841941833496e-01
1.954525262117385864e-01
1.954515278339385986e-01
1.954504698514938354e-01
1.954495310783386230e-01
1.954484879970550537e-01
1.954474151134490967e-01
1.954464316368103027e-01
1.954454034566879272e-01
1.954444050788879395e-01
1.954433768987655640e-01
1.954423487186431885e-01
1.954412907361984253e-01
1.954403221607208252e-01
1.954392790794372559e-01
1.954382807016372681e-01
1.954372078180313110e-01
1.954362094402313232e-01
1.954352110624313354e-01
1.954341828823089600e-01
1.954331099987030029e-01
1.954321563243865967e-01
1.954310983419418335e-01
1.954300850629806519e-01
1.954290717840194702e-01
1.954280585050582886e-01
1.954270303249359131e-01
1.954260021448135376e-01
1.954250037670135498e-01
1.954239755868911743e-01
1.954229772090911865e-01
1.954219043254852295e-01
1.954209357500076294e-01
1.954198926687240601e-01
1.954188793897628784e-01
1.954178661108016968e-01
1.954168528318405151e-01
1.954158395528793335e-01
1.954147815704345703e-01
1.954137980937957764e-01
1.954128146171569824e-01
1.954117864370346069e-01
1.954107433557510376e-01
1.954097449779510498e-01
1.954087466001510620e-01
1.954076886177062988e-01
1.954066455364227295e-01
1.954056769609451294e-01
1.954046338796615601e-01
1.954036355018615723e-01
1.954026520252227783e-01
1.954016089439392090e-01
1.954005658626556396e-01
1.953995674848556519e-01
1.953985542058944702e-01
1.953975707292556763e-01
1.953965574502944946e-01
1.953955292701721191e-01
1.953945010900497437e-01
1.953935325145721436e-01
1.953925341367721558e-01
1.953914761543273926e-01
1.953904330730438232e-01
1.953894644975662231e-01
1.953884363174438477e-01
1.953874826431274414e-01
1.953864246606826782e-01
1.953854262828826904e-01
1.953843981027603149e-01
1.953833699226379395e-01
1.953823566436767578e-01
1.953813433647155762e-01
1.953803598880767822e-01
1.953793764114379883e-01
1.953783184289932251e-01
1.953772902488708496e-01
1.953763365745544434e-01
1.953753232955932617e-01
1.953743100166320801e-01
1.953732967376708984e-01
1.953722685575485229e-01
1.953712850809097290e-01
1.953702270984649658e-01
1.953691840171813965e-01
1.953682303428649902e-01
1.953672170639038086e-01
1.953662037849426270e-01
1.953651905059814453e-01
1.953641772270202637e-01
1.953631937503814697e-01
1.953621804714202881e-01
1.953611820936203003e-01
1.953601688146591187e-01
1.953591704368591309e-01
1.953581422567367554e-01
1.953571289777755737e-01
1.953561455011367798e-01
1.953551322221755981e-01
1.953541040420532227e-01
1.953530907630920410e-01
1.953521519899368286e-01
1.953510940074920654e-01
1.953501105308532715e-01
1.953490823507308960e-01
1.953480839729309082e-01
1.953470706939697266e-01
1.953460872173309326e-01
1.953450888395309448e-01
1.953440904617309570e-01
1.953430622816085815e-01
1.953420937061309814e-01
1.953410208225250244e-01
1.953400820493698120e-01
1.953390389680862427e-01
1.953380703926086426e-01
1.953370571136474609e-01
1.953360140323638916e-01
1.953349858522415161e-01
1.953340023756027222e-01
1.953330487012863159e-01
1.953320354223251343e-01
1.953310221433639526e-01
1.953300237655639648e-01
1.953290551900863647e-01
1.953279972076416016e-01
1.953270435333251953e-01
1.953260004520416260e-01
1.953250467777252197e-01
1.953239887952804565e-01
1.953230053186416626e-01
1.953219920396804810e-01
1.953209787607192993e-01
1.953200101852416992e-01
1.953190118074417114e-01
1.953179985284805298e-01
1.953169852495193481e-01
1.953160017728805542e-01
1.953149884939193726e-01
1.953139901161193848e-01
1.953130066394805908e-01
1.953120082616806030e-01
1.953110098838806152e-01
1.953100115060806274e-01
1.953089982271194458e-01
1.953079849481582642e-01
1.953069865703582764e-01
1.953060179948806763e-01
1.953049749135971069e-01
1.953040063381195068e-01
1.953030079603195190e-01
1.953019946813583374e-01
1.953010261058807373e-01
1.953000277280807495e-01
1.952990293502807617e-01
1.952980011701583862e-01
1.952970027923583984e-01
1.952960789203643799e-01
1.952950507402420044e-01
1.952940225601196289e-01
1.952930241823196411e-01
1.952920109033584595e-01
1.952910423278808594e-01
1.952900588512420654e-01
1.952890455722808838e-01
1.952880471944808960e-01
1.952870786190032959e-01
1.952860653400421143e-01
1.952850520610809326e-01
1.952840834856033325e-01
1.952830702066421509e-01
1.952820718288421631e-01
1.952810883522033691e-01
1.952800899744033813e-01
1.952791064977645874e-01
1.952781081199645996e-01
1.952771693468093872e-01
1.952761262655258179e-01
1.952751427888870239e-01
1.952741295099258423e-01
1.952731758356094360e-01
1.952721476554870605e-01
1.952711492776870728e-01
1.952701658010482788e-01
1.952691525220870972e-01
1.952681988477706909e-01
1.952671706676483154e-01
1.952662169933319092e-01
