2.095347270369529724e-02
2.095238119363784790e-02
2.095127478241920471e-02
2.095017582178115845e-02
2.094907872378826141e-02
2.094797790050506592e-02
2.094688080251216888e-02
2.094578184187412262e-02
2.094468474388122559e-02
2.094358764588832855e-02
2.094249054789543152e-02
2.094138972461223602e-02
2.094029448926448822e-02
2.093919925391674042e-02
2.093810215592384338e-02
2.093700505793094635e-02
2.093591168522834778e-02
2.093481644988059998e-02
2.093372121453285217e-02
2.093262411653995514e-02
2.093152701854705811e-02
2.093043550848960876e-02
2.092933841049671173e-02
2.092824503779411316e-02
2.092714793980121613e-02
2.092605829238891602e-02
2.092496491968631744e-02
2.092387154698371887e-02
2.092277631163597107e-02
2.092168666422367096e-02
2.092059515416622162e-02
2.091950550675392151e-02
2.091840654611587524e-02
2.091732062399387360e-02
2.091621980071067810e-02
2.091513201594352722e-02
2.091404050588607788e-02
2.091295085847377777e-02
2.091185934841632843e-02
2.091076970100402832e-02
2.090967819094657898e-02
2.090858854353427887e-02
2.090749703347682953e-02
2.090641111135482788e-02
2.090532146394252777e-02
2.090422809123992920e-02
2.090314216911792755e-02
2.090205438435077667e-02
2.090096287429332733e-02
2.089987508952617645e-02
2.089878916740417480e-02
2.089769951999187469e-02
2.089661918580532074e-02
2.089552581310272217e-02
2.089443989098072052e-02
2.089335583150386810e-02
2.089226618409156799e-02
2.089118026196956635e-02
2.089009247720241547e-02
2.088900469243526459e-02
2.088792063295841217e-02
2.088683657348155975e-02
2.088575065135955811e-02
2.088466472923755646e-02
2.088357508182525635e-02
2.088249288499355316e-02
2.088141255080699921e-02
2.088032662868499756e-02
2.087924815714359283e-02
2.087816223502159119e-02
2.087708003818988800e-02
2.087599411606788635e-02
2.087491378188133240e-02
2.087383158504962921e-02
2.087274566292762756e-02
2.087166532874107361e-02
2.087058499455451965e-02
2.086950466036796570e-02
2.086842432618141174e-02
2.086733654141426086e-02
2.086625993251800537e-02
2.086517773568630219e-02
2.086409926414489746e-02
2.086301520466804504e-02
2.086193487048149109e-02
2.086085639894008636e-02
2.085977606475353241e-02
2.085870131850242615e-02
2.085762098431587219e-02
2.085653878748416901e-02
2.085546031594276428e-02
2.085438556969165802e-02
2.085330523550510406e-02
2.085222676396369934e-02
2.085114829242229462e-02
2.085006982088088989e-02
2.084899507462978363e-02
2.084791660308837891e-02
2.084684185683727264e-02
2.084576338529586792e-02
2.084469236433506012e-02
2.084361016750335693e-02
2.084253728389739990e-02
2.084145881235599518e-02
2.084038592875003815e-02
2.083930931985378265e-02
2.083823457360267639e-02
2.083715982735157013e-02
2.083608694374561310e-02
2.083501406013965607e-02
2.083393745124340057e-02
2.083286270499229431e-02
2.083178982138633728e-02
2.083071321249008179e-02
2.082964405417442322e-02
2.082856930792331696e-02
2.082750014960765839e-02
2.082642354071140289e-02
2.082535065710544586e-02
2.082427591085433960e-02
2.082320861518383026e-02
2.082213945686817169e-02
2.082106657326221466e-02
2.081999741494655609e-02
2.081892266869544983e-02
2.081784978508949280e-02
2.081678248941898346e-02
2.081570960581302643e-02
2.081464417278766632e-02
2.081357315182685852e-02
2.081250213086605072e-02
2.081143669784069061e-02
2.081036195158958435e-02
2.080929651856422424e-02
2.080823108553886414e-02
2.080716006457805634e-02
2.080609649419784546e-02
2.080502547323703766e-02
2.080395445227622986e-02
2.080288901925086975e-02
2.080182172358036041e-02
2.080075629055500031e-02
2.079969085752964020e-02
2.079862356185913086e-02
2.079755440354347229e-02
2.079648710787296295e-02
2.079542167484760284e-02
2.079435810446739197e-02
2.079329825937747955e-02
2.079222723841667175e-02
2.079115994274616241e-02
2.079009823501110077e-02
2.078903280198574066e-02
2.078797481954097748e-02
2.078690752387046814e-02
2.078584209084510803e-02
2.078478038311004639e-02
2.078371681272983551e-02
2.078265137970447540e-02
2.078158967196941376e-02
2.078052796423435211e-02
2.077946439385414124e-02
2.077840268611907959e-02
2.077734284102916718e-02
2.077627927064895630e-02
2.077521383762359619e-02
2.077415585517883301e-02
2.077309228479862213e-02
2.077203243970870972e-02
2.077097445726394653e-02
2.076991461217403412e-02
2.076884917914867401e-02
2.076779305934906006e-02
2.076673321425914764e-02
2.076567336916923523e-02
2.076461538672447205e-02
2.076355367898941040e-02
2.076249197125434875e-02
2.076143585145473480e-02
2.076037973165512085e-02
2.075931988656520844e-02
2.075826562941074371e-02
2.075720764696598053e-02
2.075615152716636658e-02
2.075508981943130493e-02
2.075403556227684021e-02
2.075297757983207703e-02
2.075191773474216461e-02
2.075086347758769989e-02
2.074980735778808594e-02
2.074875310063362122e-02
2.074769511818885803e-02
2.074664272367954254e-02
2.074558474123477936e-02
2.074453048408031464e-02
2.074347436428070068e-02
2.074242010712623596e-02
2.074136957526206970e-02
2.074031531810760498e-02
2.073925919830799103e-02
2.073820866644382477e-02
2.073715440928936005e-02
2.073610015213489532e-02
2.073504403233528137e-02
2.073399722576141357e-02
2.073294296860694885e-02
2.073188684880733490e-02
2.073083631694316864e-02
2.072978578507900238e-02
2.072873525321483612e-02
2.072767913341522217e-02
2.072663232684135437e-02
2.072558365762233734e-02
2.072452940046787262e-02
2.072348259389400482e-02
2.072242647409439087e-02
2.072137780487537384e-02
2.072033099830150604e-02
2.071927860379219055e-02
2.071823179721832275e-02
2.071718499064445496e-02
2.071613073348999023e-02
2.071508392691612244e-02
2.071403153240680695e-02
2.071298658847808838e-02
2.071193419396877289e-02
2.071088738739490509e-02
2.070983871817588806e-02
2.070879749953746796e-02
2.070774510502815247e-02
2.070670388638973236e-02
2.070565521717071533e-02
2.070460468530654907e-02
2.070356160402297974e-02
2.070251852273941040e-02
2.070146612823009491e-02
2.070042490959167480e-02
2.069937810301780701e-02
2.069833315908908844e-02
2.069728635251522064e-02
2.069624513387680054e-02
2.069519832730293274e-02
2.069415338337421417e-02
2.069311030209064484e-02
2.069206349551677704e-02
2.069101855158805847e-02
2.068997919559478760e-02
2.068893797695636749e-02
2.068789303302764893e-02
2.068685181438922882e-02
2.068580687046051025e-02
2.068476565182209015e-02
2.068372629582881927e-02
2.068268321454524994e-02
2.068164013326168060e-02
2.068059705197811127e-02
2.067955583333969116e-02
2.067851647734642029e-02
2.067747339606285095e-02
2.067643590271472931e-02
2.067539654672145844e-02
2.067435532808303833e-02
2.067331783473491669e-02
2.067227661609649658e-02
2.067123912274837494e-02
2.067019417881965637e-02
2.066915668547153473e-02
2.066812105476856232e-02
2.066707983613014221e-02
2.066604234278202057e-02
2.066500484943389893e-02
2.066396549344062805e-02
2.066292800009250641e-02
2.066188864409923553e-02
2.066085487604141235e-02
2.065981552004814148e-02
2.065877802670001984e-02
2.065774425864219666e-02
2.065670490264892578e-02
2.065567113459110260e-02
2.065463364124298096e-02
2.065359987318515778e-02
2.065256237983703613e-02
2.065152488648891449e-02
2.065049298107624054e-02
2.064945921301841736e-02
2.064842358231544495e-02
2.064738795161247253e-02
2.064635232090950012e-02
2.064532041549682617e-02
2.064428851008415222e-02
2.064325287938117981e-02
2.064221724867820740e-02
2.064118720591068268e-02
2.064015343785285950e-02
2.063912339508533478e-02
2.063808962702751160e-02
2.063705958425998688e-02
2.063602209091186523e-02
2.063499391078948975e-02
2.063396014273166656e-02
2.063292823731899261e-02
2.063189819455146790e-02
2.063086815178394318e-02
2.062983624637126923e-02
2.062880434095859528e-02
2.062777243554592133e-02
2.062674798071384430e-02
2.062571980059146881e-02
2.062468789517879486e-02
2.062365971505641937e-02
2.062262780964374542e-02
2.062159962952136993e-02
2.062057331204414368e-02
2.061953954398632050e-02
2.061851322650909424e-02
2.061748504638671875e-02
2.061645686626434326e-02
2.061543054878711700e-02
2.061440050601959229e-02
2.061337977647781372e-02
2.061234973371028900e-02
2.061131969094276428e-02
2.061029337346553802e-02
2.060926891863346100e-02
2.060824260115623474e-02
2.060721814632415771e-02
2.060618996620178223e-02
2.060516364872455597e-02
2.060414105653762817e-02
2.060311473906040192e-02
2.060209214687347412e-02
2.060106582939624786e-02
2.060003764927387238e-02
2.059901505708694458e-02
2.059798873960971832e-02
2.059696987271308899e-02
2.059594541788101196e-02
2.059492096304893494e-02
2.059390209615230560e-02
2.059287764132022858e-02
2.059185318648815155e-02
2.059082873165607452e-02
2.058980986475944519e-02
2.058878540992736816e-02
2.058776281774044037e-02
2.058674395084381104e-02
2.058572135865688324e-02
2.058470062911510468e-02
2.058367989957332611e-02
2.058265544474124908e-02
2.058164030313491821e-02
2.058061584830284119e-02
2.057959511876106262e-02
2.057857811450958252e-02
2.057755924761295319e-02
2.057653479278087616e-02
2.057551592588424683e-02
2.057449705898761749e-02
2.057347819209098816e-02
2.057245746254920959e-02
2.057144232094287872e-02
2.057042159140110016e-02
2.056940644979476929e-02
2.056838758289813995e-02
2.056736685335636139e-02
2.056635543704032898e-02
2.056533470749855042e-02
2.056431956589221954e-02
2.056330069899559021e-02
2.056228555738925934e-02
2.056127041578292847e-02
2.056025154888629913e-02
2.055923640727996826e-02
2.055822312831878662e-02
2.055720798671245575e-02
2.055619470775127411e-02
2.055517397820949554e-02
2.055415883660316467e-02
2.055314555764198303e-02
2.055213227868080139e-02
2.055112086236476898e-02
2.055010385811328888e-02
2.054909057915210724e-02
2.054807543754577637e-02
2.054706215858459473e-02
2.054605446755886078e-02
2.054503746330738068e-02
2.054402418434619904e-02
2.054300904273986816e-02
2.054199762642383575e-02
2.054098434746265411e-02
2.053997851908206940e-02
2.053896151483058929e-02
2.053795009851455688e-02
2.053694240748882294e-02
2.053592912852764130e-02
2.053491957485675812e-02
2.053390815854072571e-02
2.053290046751499176e-02
2.053188718855381012e-02
2.053087949752807617e-02
2.052986994385719299e-02
2.052885480225086212e-02
2.052784711122512817e-02
2.052684128284454346e-02
2.052583359181880951e-02
2.052482217550277710e-02
2.052380889654159546e-02
2.052280306816101074e-02
2.052179723978042603e-02
2.052078954875469208e-02
2.051978372037410736e-02
2.051877416670322418e-02
2.051776647567749023e-02
2.051675878465175629e-02
2.051575109362602234e-02
2.051474712789058685e-02
2.051373943686485291e-02
2.051273174583911896e-02
2.051172778010368347e-02
2.051072008907794952e-02
2.050971612334251404e-02
2.050871029496192932e-02
2.050770632922649384e-02
2.050670236349105835e-02
2.050569280982017517e-02
2.050468884408473969e-02
2.050368674099445343e-02
2.050268091261386871e-02
2.050167880952358246e-02
2.050067298114299774e-02
2.049967274069786072e-02
2.049866877496242523e-02
2.049766480922698975e-02
2.049665898084640503e-02
2.049566060304641724e-02
2.049465477466583252e-02
2.049365453422069550e-02
2.049265056848526001e-02
2.049165032804012299e-02
2.049065008759498596e-02
2.048964612185955048e-02
2.048864960670471191e-02
2.048764750361442566e-02
2.048664726316928864e-02
2.048564516007900238e-02
2.048464305698871613e-02
2.048364281654357910e-02
2.048264816403388977e-02
2.048164606094360352e-02
2.048064209520816803e-02
2.047964558005332947e-02
2.047864720225334167e-02
2.047764882445335388e-02
2.047664858400821686e-02
2.047564834356307983e-02
2.047464996576309204e-02
2.047365531325340271e-02
2.047265693545341492e-02
2.047165669500827789e-02
2.047066017985343933e-02
2.046965621411800385e-02
2.046866342425346375e-02
2.046766690909862518e-02
2.046667039394378662e-02
2.046567760407924652e-02
2.046467922627925873e-02
2.046368271112442017e-02
2.046268992125988007e-02
2.046169340610504150e-02
2.046069875359535217e-02
2.045969851315021515e-02
2.045870758593082428e-02
2.045770920813083649e-02
2.045671455562114716e-02
2.045571990311145782e-02
2.045472897589206696e-02
2.045373618602752686e-02
2.045273967087268829e-02
2.045174688100814819e-02
2.045075222849845886e-02
2.044975943863391876e-02
2.044877037405967712e-02
2.044777572154998779e-02
2.044678106904029846e-02
2.044578827917575836e-02
2.044479735195636749e-02
2.044380828738212585e-02
2.044281363487243652e-02
2.044182643294334412e-02
2.044083178043365479e-02
2.043983899056911469e-02
2.043884806334972382e-02
2.043785899877548218e-02
2.043686620891094208e-02
2.043587714433670044e-02
2.043488621711730957e-02
2.043389715254306793e-02
2.043290995061397552e-02
