2.642826437950134277e-01
2.640666365623474121e-01
2.638534307479858398e-01
2.636429071426391602e-01
2.634350955486297607e-01
2.632298767566680908e-01
2.630273699760437012e-01
2.628274857997894287e-01
2.626301348209381104e-01
2.624354362487792969e-01
2.622432112693786621e-01
2.620535492897033691e-01
2.618663012981414795e-01
2.616815567016601562e-01
2.614993155002593994e-01
2.613194286823272705e-01
2.611419558525085449e-01
2.609668076038360596e-01
2.607940435409545898e-01
2.606236338615417480e-01
2.604554593563079834e-01
2.602895200252532959e-01
2.601259052753448486e-01
2.599644958972930908e-01
2.598052024841308594e-01
2.596481740474700928e-01
2.594932019710540771e-01
2.593404054641723633e-01
2.591896653175354004e-01
2.590410113334655762e-01
2.588944137096405029e-01
2.587498724460601807e-01
2.586072385311126709e-01
2.584666013717651367e-01
2.583279311656951904e-01
2.581911981105804443e-01
2.580563127994537354e-01
2.579233646392822266e-01
2.577922940254211426e-01
2.576629519462585449e-01
2.575355470180511475e-01
2.574099004268646240e-01
2.572859227657318115e-01
2.571637332439422607e-01
2.570432722568511963e-01
2.569245100021362305e-01
2.568074166774749756e-01
2.566920220851898193e-01
2.565782368183135986e-01
2.564659714698791504e-01
2.563554346561431885e-01
2.562463283538818359e-01
2.561388611793518066e-01
2.560329139232635498e-01
2.559284567832946777e-01
2.558255195617675781e-01
2.557240128517150879e-01
2.556239962577819824e-01
2.555253803730010986e-01
2.554281651973724365e-01
2.553324103355407715e-01
2.552379965782165527e-01
2.551449835300445557e-01
2.550531625747680664e-01
2.549628317356109619e-01
2.548737525939941406e-01
2.547859549522399902e-01
2.546994686126708984e-01
2.546142041683197021e-01
2.545301318168640137e-01
2.544473707675933838e-01
2.543657720088958740e-01
2.542853653430938721e-01
2.542061507701873779e-01
2.541280984878540039e-01
2.540512084960937500e-01
2.539754509925842285e-01
2.539009153842926025e-01
2.538273036479949951e-01
2.537548840045928955e-01
2.536835074424743652e-01
2.536132335662841797e-01
2.535438835620880127e-01
2.534757554531097412e-01
2.534085810184478760e-01
2.533423900604248047e-01
2.532772123813629150e-01
2.532130479812622070e-01
2.531498372554779053e-01
2.530875504016876221e-01
2.530263066291809082e-01
2.529659569263458252e-01
2.529065012931823730e-01
2.528479397296905518e-01
2.527903914451599121e-01
2.527335882186889648e-01
2.526777684688568115e-01
2.526227533817291260e-01
2.525686621665954590e-01
2.525153458118438721e-01
2.524629235267639160e-01
2.524112761020660400e-01
2.523604333400726318e-01
2.523103952407836914e-01
2.522612512111663818e-01
2.522127926349639893e-01
2.521651387214660645e-01
2.521182000637054443e-01
2.520720660686492920e-01
2.520266175270080566e-01
2.519818842411041260e-01
2.519379258155822754e-01
2.518946230411529541e-01
2.518520653247833252e-01
2.518101930618286133e-01
2.517690062522888184e-01
2.517284452915191650e-01
2.516885399818420410e-01
2.516492903232574463e-01
2.516107559204101562e-01
2.515727281570434570e-01
2.515353858470916748e-01
2.514986097812652588e-01
2.514624893665313721e-01
2.514269351959228516e-01
2.513919770717620850e-01
2.513575851917266846e-01
2.513237595558166504e-01
2.512904703617095947e-01
2.512577474117279053e-01
2.512255907058715820e-01
2.511938810348510742e-01
2.511627674102783203e-01
2.511321306228637695e-01
2.511020302772521973e-01
2.510723769664764404e-01
2.510432004928588867e-01
2.510145604610443115e-01
2.509863674640655518e-01
2.509585916996002197e-01
2.509313523769378662e-01
2.509045004844665527e-01
2.508780658245086670e-01
2.508521378040313721e-01
2.508265972137451172e-01
2.508014142513275146e-01
2.507767379283905029e-01
2.507524490356445312e-01
2.507284879684448242e-01
2.507049441337585449e-01
2.506817579269409180e-01
2.506590187549591064e-01
2.506365478038787842e-01
2.506144642829895020e-01
2.505927681922912598e-01
2.505713999271392822e-01
2.505503892898559570e-01
2.505296468734741211e-01
2.505092918872833252e-01
2.504892051219940186e-01
2.504695355892181396e-01
2.504500448703765869e-01
2.504309713840484619e-01
2.504120469093322754e-01
2.503935396671295166e-01
2.503752410411834717e-01
2.503572404384613037e-01
2.503395378589630127e-01
2.503221333026885986e-01
2.503049075603485107e-01
2.502879798412322998e-01
2.502713501453399658e-01
2.502548992633819580e-01
2.502386569976806641e-01
2.502227425575256348e-01
2.502069771289825439e-01
2.501915395259857178e-01
2.501761913299560547e-01
2.501611709594726562e-01
2.501462996006011963e-01
2.501316666603088379e-01
2.501172423362731934e-01
2.501030266284942627e-01
2.500889301300048828e-01
2.500751018524169922e-01
2.500614225864410400e-01
2.500479519367218018e-01
2.500346302986145020e-01
2.500215470790863037e-01
2.500085532665252686e-01
2.499957829713821411e-01
2.499831616878509521e-01
2.499706745147705078e-01
2.499583512544631958e-01
2.499461919069290161e-01
2.499342262744903564e-01
2.499223947525024414e-01
2.499106675386428833e-01
2.498990744352340698e-01
2.498876452445983887e-01
2.498763948678970337e-01
2.498652338981628418e-01
2.498541921377182007e-01
2.498432844877243042e-01
2.498325407505035400e-01
2.498218268156051636e-01
2.498112767934799194e-01
2.498009055852890015e-01
2.497905492782592773e-01
2.497804015874862671e-01
2.497702687978744507e-01
2.497602999210357666e-01
2.497504353523254395e-01
2.497406452894210815e-01
2.497309744358062744e-01
2.497214376926422119e-01
2.497119158506393433e-01
2.497025132179260254e-01
2.496932446956634521e-01
2.496840357780456543e-01
2.496749013662338257e-01
2.496658861637115479e-01
2.496569305658340454e-01
2.496480643749237061e-01
2.496392875909805298e-01
2.496305853128433228e-01
2.496220022439956665e-01
2.496134489774703979e-01
2.496049851179122925e-01
2.495966255664825439e-01
2.495882809162139893e-01
2.495800107717514038e-01
2.495719194412231445e-01
2.495637685060501099e-01
2.495557069778442383e-01
2.495477348566055298e-01
2.495398670434951782e-01
2.495320141315460205e-01
2.495243102312088013e-01
2.495165467262268066e-01
2.495089173316955566e-01
2.495013177394866943e-01
2.494937926530838013e-01
2.494862973690032959e-01
2.494788765907287598e-01
2.494715750217437744e-01
2.494642883539199829e-01
2.494570761919021606e-01
2.494498789310455322e-01
2.494427263736724854e-01
2.494356483221054077e-01
2.494286447763442993e-01
2.494216859340667725e-01
2.494148015975952148e-01
2.494079768657684326e-01
2.494011223316192627e-01
2.493943572044372559e-01
2.493877410888671875e-01
2.493810504674911499e-01
2.493744343519210815e-01
2.493678778409957886e-01
2.493613958358764648e-01
2.493549585342407227e-01
2.493485659360885620e-01
2.493422180414199829e-01
2.493358403444290161e-01
2.493296861648559570e-01
2.493234425783157349e-01
2.493172883987426758e-01
2.493111789226531982e-01
2.493050843477249146e-01
2.492990940809249878e-01
2.492931187152862549e-01
2.492871880531311035e-01
2.492813020944595337e-01
2.492754608392715454e-01
2.492697089910507202e-01
2.492639422416687012e-01
2.492582798004150391e-01
2.492525875568389893e-01
2.492470145225524902e-01
2.492414861917495728e-01
2.492359429597854614e-01
2.492305189371109009e-01
2.492250949144363403e-01
2.492196559906005859e-01
2.492143809795379639e-01
2.492090761661529541e-01
2.492039501667022705e-01
2.491986304521560669e-01
2.491935491561889648e-01
2.491884231567382812e-01
2.491834014654159546e-01
2.491783648729324341e-01
2.491734176874160767e-01
2.491684556007385254e-01
2.491635680198669434e-01
2.491587698459625244e-01
2.491539567708969116e-01
2.491492182016372681e-01
2.491445243358612061e-01
2.491398751735687256e-01
2.491352856159210205e-01
2.491306662559509277e-01
2.491261661052703857e-01
2.491216808557510376e-01
2.491172552108764648e-01
2.491128891706466675e-01
2.491084933280944824e-01
2.491041719913482666e-01
2.490998953580856323e-01
2.490956783294677734e-01
2.490915060043334961e-01
2.490874081850051880e-01
2.490832507610321045e-01
2.490791976451873779e-01
2.490751892328262329e-01
2.490712702274322510e-01
2.490673363208770752e-01
2.490634471178054810e-01
2.490595728158950806e-01
2.490557879209518433e-01
2.490520477294921875e-01
2.490483373403549194e-01
2.490445971488952637e-01
2.490409612655639648e-01
2.490373998880386353e-01
2.490338385105133057e-01
2.490302920341491699e-01
2.490268349647521973e-01
2.490233927965164185e-01
2.490199506282806396e-01
2.490165829658508301e-01
2.490132749080657959e-01
2.490099817514419556e-01
2.490067183971405029e-01
2.490034848451614380e-01
2.490003108978271484e-01
2.489971667528152466e-01
2.489940673112869263e-01
2.489909976720809937e-01
2.489879578351974487e-01
2.489849328994750977e-01
2.489819824695587158e-01
2.489790320396423340e-01
2.489761710166931152e-01
2.489733397960662842e-01
2.489704787731170654e-01
2.489677071571350098e-01
2.489649206399917603e-01
2.489621639251708984e-01
2.489594966173171997e-01
2.489568144083023071e-01
2.489541918039321899e-01
2.489515841007232666e-01
2.489489763975143433e-01
2.489464581012725830e-01
2.489439994096755981e-01
2.489414066076278687e-01
2.489389926195144653e-01
2.489365935325622559e-01
2.489341795444488525e-01
2.489318400621414185e-01
2.489294856786727905e-01
2.489272207021713257e-01
2.489248961210250854e-01
2.489226609468460083e-01
2.489204108715057373e-01
2.489182054996490479e-01
2.489160150289535522e-01
2.489138841629028320e-01
2.489117681980133057e-01
2.489096671342849731e-01
2.489076107740402222e-01
2.489055395126342773e-01
2.489035129547119141e-01
2.489014863967895508e-01
2.488995343446731567e-01
2.488975822925567627e-01
2.488956302404403687e-01
2.488937526941299438e-01
2.488918751478195190e-01
2.488899976015090942e-01
2.488881349563598633e-01
2.488863319158554077e-01
2.488845735788345337e-01
2.488827407360076904e-01
2.488809823989868164e-01
2.488792240619659424e-01
2.488774955272674561e-01
2.488758265972137451e-01
2.488741725683212280e-01
2.488724887371063232e-01
2.488708198070526123e-01
2.488691955804824829e-01
2.488675564527511597e-01
2.488660365343093872e-01
2.488644272089004517e-01
2.488628923892974854e-01
2.488613575696945190e-01
2.488598376512527466e-01
2.488583028316497803e-01
2.488568127155303955e-01
2.488553971052169800e-01
2.488539367914199829e-01
2.488524913787841797e-01
2.488510757684707642e-01
2.488496303558349609e-01
2.488482147455215454e-01
2.488468438386917114e-01
2.488454878330230713e-01
2.488441616296768188e-01
2.488428205251693726e-01
2.488414794206619263e-01
2.488401830196380615e-01
2.488388717174530029e-01
2.488375902175903320e-01
2.488363236188888550e-01
2.488350570201873779e-01
2.488337904214859009e-01
2.488325387239456177e-01
2.488313913345336914e-01
2.488301545381546021e-01
2.488289624452590942e-01
2.488277554512023926e-01
2.488265633583068848e-01
2.488254159688949585e-01
2.488242983818054199e-01
2.488230913877487183e-01
2.488220185041427612e-01
2.488208562135696411e-01
2.488197982311248779e-01
2.488186806440353394e-01
2.488175779581069946e-01
2.488165050745010376e-01
2.488154023885726929e-01
2.488143295049667358e-01
2.488132864236831665e-01
2.488122731447219849e-01
2.488112002611160278e-01
2.488102018833160400e-01
2.488091737031936646e-01
2.488081753253936768e-01
2.488072067499160767e-01
2.488062083721160889e-01
2.488052695989608765e-01
2.488042265176773071e-01
2.488033026456832886e-01
2.488023191690444946e-01
2.488013952970504761e-01
2.488004565238952637e-01
2.487994879484176636e-01
2.487985789775848389e-01
2.487976551055908203e-01
2.487967759370803833e-01
2.487958222627639771e-01
2.487949728965759277e-01
2.487940490245819092e-01
2.487931698560714722e-01
2.487923353910446167e-01
2.487914264202117920e-01
2.487905323505401611e-01
2.487897425889968872e-01
2.487889230251312256e-01
2.487880140542984009e-01
2.487871646881103516e-01
2.487864047288894653e-01
2.487854957580566406e-01
2.487847208976745605e-01
2.487838864326477051e-01
2.487831115722656250e-01
2.487823069095611572e-01
2.487814724445343018e-01
2.487807124853134155e-01
2.487799376249313354e-01
2.487791478633880615e-01
2.487783133983612061e-01
2.487775832414627075e-01
2.487768381834030151e-01
2.487760782241821289e-01
2.487752884626388550e-01
2.487745583057403564e-01
2.487738281488418579e-01
2.487730979919433594e-01
2.487723678350448608e-01
2.487716525793075562e-01
2.487708479166030884e-01
2.487701177597045898e-01
2.487694323062896729e-01
2.487687021493911743e-01
2.487680464982986450e-01
2.487672865390777588e-01
2.487666457891464233e-01
2.487659156322479248e-01
2.487652599811553955e-01
2.487645447254180908e-01
2.487638443708419800e-01
2.487631291151046753e-01
2.487625181674957275e-01
2.487618625164031982e-01
