1.243914291262626648e-02
1.243775431066751480e-02
1.243637409061193466e-02
1.243498828262090683e-02
1.243360713124275208e-02
1.243222504854202271e-02
1.243084855377674103e-02
1.242946740239858627e-02
1.242808811366558075e-02
1.242671255022287369e-02
1.242533233016729355e-02
1.242395676672458649e-02
1.242258213460445404e-02
1.242120470851659775e-02
1.241983193904161453e-02
1.241846010088920593e-02
1.241708640009164810e-02
1.241571735590696335e-02
1.241434738039970398e-02
1.241297740489244461e-02
1.241160742938518524e-02
1.241024304181337357e-02
1.240887399762868881e-02
1.240750588476657867e-02
1.240614429116249084e-02
1.240477897226810455e-02
1.240341551601886749e-02
1.240205392241477966e-02
1.240069046616554260e-02
1.239933073520660400e-02
1.239797286689281464e-02
1.239661313593387604e-02
1.239525247365236282e-02
1.239389833062887192e-02
1.239254232496023178e-02
1.239118911325931549e-02
1.238983310759067535e-02
1.238848268985748291e-02
1.238713134080171585e-02
1.238577812910079956e-02
1.238442957401275635e-02
1.238308008760213852e-02
1.238173246383666992e-02
1.238038577139377594e-02
1.237903721630573273e-02
1.237769518047571182e-02
1.237635221332311630e-02
1.237500924617052078e-02
1.237366627901792526e-02
1.237232517451047897e-02
1.237098593264818192e-02
1.236964762210845947e-02
1.236830651760101318e-02
1.236697100102901459e-02
1.236563362181186676e-02
1.236429810523986816e-02
1.236296631395816803e-02
1.236163359135389328e-02
1.236030086874961853e-02
1.235897000879049301e-02
1.235763821750879288e-02
1.235630828887224197e-02
1.235498115420341492e-02
1.235365401953458786e-02
1.235232781618833542e-02
1.235100254416465759e-02
1.234967634081840515e-02
1.234835572540760040e-02
1.234703324735164642e-02
1.234571076929569244e-02
1.234439201653003693e-02
1.234307419508695602e-02
1.234175357967615128e-02
1.234043855220079422e-02
1.233912073075771332e-02
1.233780663460493088e-02
1.233649253845214844e-02
1.233517564833164215e-02
1.233386434614658356e-02
1.233255397528409958e-02
1.233124267309904099e-02
1.232993043959140778e-02
1.232862472534179688e-02
1.232731901109218597e-02
1.232601143419742584e-02
1.232470665127038956e-02
1.232340186834335327e-02
1.232209801673889160e-02
1.232079695910215378e-02
1.231949403882026672e-02
1.231819298118352890e-02
1.231689285486936569e-02
1.231559645384550095e-02
1.231429632753133774e-02
1.231300085783004761e-02
1.231170631945133209e-02
1.231040805578231812e-02
1.230911631137132645e-02
1.230782270431518555e-02
1.230653002858161926e-02
1.230523828417062759e-02
1.230395026504993439e-02
1.230265945196151733e-02
1.230137143284082413e-02
1.230008341372013092e-02
1.229879725724458694e-02
1.229751016944646835e-02
1.229622773826122284e-02
1.229494065046310425e-02
1.229366194456815720e-02
1.229237858206033707e-02
1.229109894484281540e-02
1.228981651365756989e-02
1.228853967040777206e-02
1.228726003319025040e-02
1.228598318994045258e-02
1.228470541536808014e-02
1.228343043476343155e-02
1.228215452283620834e-02
1.228088233619928360e-02
1.227960828691720963e-02
1.227833610028028488e-02
1.227706484496593475e-02
1.227579638361930847e-02
1.227452512830495834e-02
1.227325759828090668e-02
1.227198541164398193e-02
1.227071788161993027e-02
1.226945500820875168e-02
1.226819120347499847e-02
1.226692553609609604e-02
1.226566173136234283e-02
1.226439792662858963e-02
1.226313598453998566e-02
1.226187404245138168e-02
1.226061582565307617e-02
1.225935667753219604e-02
1.225809659808874130e-02
1.225683931261301041e-02
1.225558016449213028e-02
1.225432567298412323e-02
1.225307118147611618e-02
1.225181389600038528e-02
1.225056312978267670e-02
1.224931050091981888e-02
1.224805787205696106e-02
1.224680617451667786e-02
1.224555540829896927e-02
1.224430650472640991e-02
1.224305760115385056e-02
1.224180869758129120e-02
1.224056351929903030e-02
1.223931461572647095e-02
1.223806850612163544e-02
1.223682332783937454e-02
1.223558001220226288e-02
1.223433390259742737e-02
1.223309244960546494e-02
1.223185285925865173e-02
1.223061233758926392e-02
1.222937181591987610e-02
1.222813129425048828e-02
1.222689263522624969e-02
1.222565211355686188e-02
1.222441717982292175e-02
1.222318038344383240e-02
1.222194265574216843e-02
1.222070585936307907e-02
1.221947371959686279e-02
1.221823971718549728e-02
1.221700478345155716e-02
1.221577264368534088e-02
1.221454143524169922e-02
1.221330929547548294e-02
1.221208367496728897e-02
1.221085246652364731e-02
1.220962405204772949e-02
1.220839563757181168e-02
1.220716815441846848e-02
1.220594253391027451e-02
1.220471691340208054e-02
1.220349222421646118e-02
1.220226474106311798e-02
1.220104284584522247e-02
1.219982188194990158e-02
1.219859998673200607e-02
1.219737529754638672e-02
1.219615526497364044e-02
1.219493523240089417e-02
1.219371706247329712e-02
1.219249796122312546e-02
1.219128072261810303e-02
1.219006255269050598e-02
1.218884531408548355e-02
1.218763086944818497e-02
1.218641456216573715e-02
1.218520198017358780e-02
1.218398660421371460e-02
1.218277495354413986e-02
1.218156237155199051e-02
1.218035165220499039e-02
1.217914000153541565e-02
1.217793207615613937e-02
1.217672135680913925e-02
1.217551156878471375e-02
1.217430550605058670e-02
1.217309571802616119e-02
1.217188872396945953e-02
1.217068359255790710e-02
1.216947752982378006e-02
1.216827332973480225e-02
1.216707006096839905e-02
1.216586772352457047e-02
1.216466631740331650e-02
1.216346118599176407e-02
1.216226164251565933e-02
1.216106116771697998e-02
1.215986069291830063e-02
1.215866394340991974e-02
1.215746439993381500e-02
1.215626858174800873e-02
1.215507183223962784e-02
1.215387694537639618e-02
1.215268112719058990e-02
1.215148624032735825e-02
1.215029414743185043e-02
1.214910112321376801e-02
1.214790809899568558e-02
1.214671600610017776e-02
1.214552577584981918e-02
1.214433461427688599e-02
1.214314624667167664e-02
1.214195694774389267e-02
1.214077044278383255e-02
1.213958393782377243e-02
1.213839650154113770e-02
1.213720906525850296e-02
1.213602628558874130e-02
1.213484164327383041e-02
1.213365793228149414e-02
1.213247701525688171e-02
1.213129237294197083e-02
1.213011052459478378e-02
1.212893147021532059e-02
1.212774962186813354e-02
1.212657429277896881e-02
1.212539523839950562e-02
1.212421804666519165e-02
1.212304178625345230e-02
1.212186552584171295e-02
1.212069112807512283e-02
1.211951579898595810e-02
1.211834140121936798e-02
1.211716793477535248e-02
1.211599539965391159e-02
1.211482658982276917e-02
1.211365405470132828e-02
1.211248245090246201e-02
1.211131550371646881e-02
1.211014669388532639e-02
1.210898067802190781e-02
1.210781559348106384e-02
1.210664864629507065e-02
1.210548449307680130e-02
1.210431940853595734e-02
1.210315898060798645e-02
1.210199203342199326e-02
1.210083160549402237e-02
1.209966931492090225e-02
1.209851168096065521e-02
1.209735218435525894e-02
1.209619268774986267e-02
1.209503691643476486e-02
1.209387835115194321e-02
1.209272351115942001e-02
1.209156680852174759e-02
1.209041196852922440e-02
1.208925899118185043e-02
1.208810973912477493e-02
1.208695489913225174e-02
1.208580471575260162e-02
1.208465546369552612e-02
1.208350341767072678e-02
1.208235416561365128e-02
1.208120957016944885e-02
1.208006218075752258e-02
1.207891572266817093e-02
1.207776926457881927e-02
1.207662560045719147e-02
1.207548286765813828e-02
1.207434199750423431e-02
1.207320019602775574e-02
1.207205839455127716e-02
1.207091752439737320e-02
1.206977758556604385e-02
1.206864044070243835e-02
1.206750329583883286e-02
1.206636615097522736e-02
1.206523180007934570e-02
1.206409838050603867e-02
1.206296682357788086e-02
1.206183340400457382e-02
1.206069905310869217e-02
1.205956935882568359e-02
1.205843780189752579e-02
1.205730717629194260e-02
1.205617934465408325e-02
1.205505337566137314e-02
1.205392740666866302e-02
1.205280050635337830e-02
1.205167826265096664e-02
1.205055322498083115e-02
1.204942911863327026e-02
1.204830966889858246e-02
1.204718649387359619e-02
1.204606890678405762e-02
1.204494666308164597e-02
1.204382907599210739e-02
1.204271335154771805e-02
1.204159483313560486e-02
1.204048097133636475e-02
1.203936431556940079e-02
1.203824952244758606e-02
1.203714031726121902e-02
1.203602552413940430e-02
1.203491631895303726e-02
1.203380618244409561e-02
1.203269697725772858e-02
1.203158684074878693e-02
1.203048042953014374e-02
1.202937215566635132e-02
1.202826946973800659e-02
1.202716492116451263e-02
1.202605944126844406e-02
1.202495768666267395e-02
1.202385779470205307e-02
1.202275697141885757e-02
1.202165707945823669e-02
1.202055718749761581e-02
1.201946102082729340e-02
1.201836299151182175e-02
1.201726589351892471e-02
1.201617252081632614e-02
1.201507914811372757e-02
1.201398391276597977e-02
1.201289240270853043e-02
1.201179996132850647e-02
1.201071124523878098e-02
1.200962066650390625e-02
1.200853381305932999e-02
1.200744509696960449e-02
1.200636103749275208e-02
1.200527511537075043e-02
1.200418733060359955e-02
1.200310513377189636e-02
1.200202107429504395e-02
1.200093980878591537e-02
1.199985947459936142e-02
1.199877820909023285e-02
1.199770160019397736e-02
1.199662405997514725e-02
1.199554558843374252e-02
1.199446991086006165e-02
1.199339423328638077e-02
1.199231762439012527e-02
1.199124846607446671e-02
1.199017371982336044e-02
1.198910176753997803e-02
1.198803354054689407e-02
1.198696251958608627e-02
1.198589336127042770e-02
1.198482420295476913e-02
1.198375783860683441e-02
1.198269240558147430e-02
1.198162883520126343e-02
1.198056153953075409e-02
1.197950169444084167e-02
1.197843905538320541e-02
1.197737921029329300e-02
1.197631936520338058e-02
1.197525672614574432e-02
1.197419967502355576e-02
1.197313982993364334e-02
1.197208371013402939e-02
1.197102945297956467e-02
1.196997426450252533e-02
1.196892186999320984e-02
1.196786761283874512e-02
1.196681521832942963e-02
1.196576561778783798e-02
1.196471601724624634e-02
1.196366455405950546e-02
1.196261588484048843e-02
1.196156814694404602e-02
1.196052134037017822e-02
1.195947732776403427e-02
1.195843238383531570e-02
1.195738743990659714e-02
1.195634528994560242e-02
1.195530500262975693e-02
1.195426192134618759e-02
1.195322163403034210e-02
1.195218320935964584e-02
1.195114478468894958e-02
1.195010636001825333e-02
1.194907072931528091e-02
1.194803696125745773e-02
1.194700039923191071e-02
1.194596756249666214e-02
1.194493379443883896e-02
1.194390188902616501e-02
1.194286998361349106e-02
1.194183994084596634e-02
1.194081176072359085e-02
1.193978078663349152e-02
1.193875446915626526e-02
1.193772815167903900e-02
1.193670183420181274e-02
1.193567644804716110e-02
1.193465013056993484e-02
1.193362940102815628e-02
1.193260680884122849e-02
1.193158421665430069e-02
1.193056348711252213e-02
1.192954462021589279e-02
1.192852295935153961e-02
1.192750595510005951e-02
1.192648895084857941e-02
1.192547287791967392e-02
1.192445773631334305e-02
1.192343980073928833e-02
1.192242931574583054e-02
1.192141510546207428e-02
1.192040182650089264e-02
1.191939041018486023e-02
1.191837806254625320e-02
1.191736850887537003e-02
1.191636081784963608e-02
1.191535405814647675e-02
1.191434543579816818e-02
1.191334147006273270e-02
1.191233377903699875e-02
1.191132981330156326e-02
1.191032398492097855e-02
1.190932188183069229e-02
1.190832257270812988e-02
1.190731767565011978e-02
1.190631836652755737e-02
1.190531812608242035e-02
1.190431788563728333e-02
1.190332043915987015e-02
1.190232299268245697e-02
1.190132554620504379e-02
1.190032996237277985e-02
1.189933437854051590e-02
1.189834158867597580e-02
1.189734507352113724e-02
1.189635414630174637e-02
1.189536135643720627e-02
1.189437136054039001e-02
1.189338043332099915e-02
1.189239043742418289e-02
1.189140137284994125e-02
1.189041137695312500e-02
1.188942510634660721e-02
1.188843790441751480e-02
1.188745349645614624e-02
1.188646908849477768e-02
1.188548374921083450e-02
1.188450120389461517e-02
1.188351772725582123e-02
1.188253238797187805e-02
1.188155449926853180e-02
1.188057195395231247e-02
1.187959127128124237e-02
1.187861058861017227e-02
1.187763456255197525e-02
1.187665667384862900e-02
1.187567878514528275e-02
1.187470275908708572e-02
1.187372859567403793e-02
1.187275350093841553e-02
1.187178026884794235e-02
1.187080703675746918e-02
1.186983566731214523e-02
1.186886336654424667e-02
1.186789199709892273e-02
1.186692249029874802e-02
1.186595112085342407e-02
1.186498161405324936e-02
1.186401303857564926e-02
1.186304725706577301e-02
1.186208147555589676e-02
1.186111290007829666e-02
1.186014991253614426e-02
1.185918319970369339e-02
1.185822114348411560e-02
1.185725722461938858e-02
1.185629516839981079e-02
1.185533031821250916e-02
