3.662973269820213318e-02
3.662867471575737000e-02
3.662760928273200989e-02
3.662654757499694824e-02
3.662548586726188660e-02
3.662442415952682495e-02
3.662336245179176331e-02
3.662229701876640320e-02
3.662123903632164001e-02
3.662016987800598145e-02
3.661911934614181519e-02
3.661805391311645508e-02
3.661699220538139343e-02
3.661593049764633179e-02
3.661487251520156860e-02
3.661380335688591003e-02
3.661274164915084839e-02
3.661169111728668213e-02
3.661062940955162048e-02
3.660956397652626038e-02
3.660850971937179565e-02
3.660744801163673401e-02
3.660639375448226929e-02
3.660533204674720764e-02
3.660426661372184753e-02
3.660321235656738281e-02
3.660215809941291809e-02
3.660110011696815491e-02
3.660003095865249634e-02
3.659898042678833008e-02
3.659791871905326843e-02
3.659686073660850525e-02
3.659580647945404053e-02
3.659474849700927734e-02
3.659369051456451416e-02
3.659263625741004944e-02
3.659157827496528625e-02
3.659052029252052307e-02
3.658946231007575989e-02
3.658840432763099670e-02
3.658734634518623352e-02
3.658628836274147034e-02
3.658522665500640869e-02
3.658417612314224243e-02
3.658311814069747925e-02
3.658206015825271606e-02
3.658100590109825134e-02
3.657995536923408508e-02
3.657889738678932190e-02
3.657783567905426025e-02
3.657678514719009399e-02
3.657573089003562927e-02
3.657467290759086609e-02
3.657361865043640137e-02
3.657256811857223511e-02
3.657151013612747192e-02
3.657045587897300720e-02
3.656940534710884094e-02
3.656834736466407776e-02
3.656730055809020996e-02
3.656624257564544678e-02
3.656518831849098206e-02
3.656413778662681580e-02
3.656307980418205261e-02
3.656202927231788635e-02
3.656097501516342163e-02
3.655992448329925537e-02
3.655887022614479065e-02
3.655781224370002747e-02
3.655676543712615967e-02
3.655571117997169495e-02
3.655466064810752869e-02
3.655360639095306396e-02
3.655254840850830078e-02
3.655150532722473145e-02
3.655045479536056519e-02
3.654940426349639893e-02
3.654835000634193420e-02
3.654729947447776794e-02
3.654625266790390015e-02
3.654519468545913696e-02
3.654414042830467224e-02
3.654309734702110291e-02
3.654205054044723511e-02
3.654099255800247192e-02
3.653994575142860413e-02
3.653889521956443787e-02
3.653784841299057007e-02
3.653679415583610535e-02
3.653574362397193909e-02
3.653469681739807129e-02
3.653365001082420349e-02
3.653260320425033569e-02
3.653155267238616943e-02
3.653049841523170471e-02
3.652945533394813538e-02
3.652840852737426758e-02
3.652736172080039978e-02
3.652631118893623352e-02
3.652526438236236572e-02
3.652421012520790100e-02
3.652316704392433167e-02
3.652212023735046387e-02
3.652107343077659607e-02
3.652002662420272827e-02
3.651897609233856201e-02
3.651792928576469421e-02
3.651688247919082642e-02
3.651583567261695862e-02
3.651478514075279236e-02
3.651374205946922302e-02
3.651269525289535522e-02
3.651165589690208435e-02
3.651060536503791809e-02
3.650955855846405029e-02
3.650851920247077942e-02
3.650747239589691162e-02
3.650642931461334229e-02
3.650537878274917603e-02
3.650433942675590515e-02
3.650328889489173889e-02
3.650224208831787109e-02
3.650120645761489868e-02
3.650016337633132935e-02
3.649911284446716309e-02
3.649806976318359375e-02
3.649702668190002441e-02
3.649598360061645508e-02
3.649493679404258728e-02
3.649389743804931641e-02
3.649285063147544861e-02
3.649180755019187927e-02
3.649076446890830994e-02
3.648972511291503906e-02
3.648867830634117126e-02
3.648764267563819885e-02
3.648659586906433105e-02
3.648555278778076172e-02
3.648451343178749084e-02
3.648347035050392151e-02
3.648243099451065063e-02
3.648138791322708130e-02
3.648034483194351196e-02
3.647930175065994263e-02
3.647826611995697021e-02
3.647722303867340088e-02
3.647618368268013000e-02
3.647514060139656067e-02
3.647409752011299133e-02
3.647305071353912354e-02
3.647201880812644958e-02
3.647097945213317871e-02
3.646994009613990784e-02
3.646890074014663696e-02
3.646786138415336609e-02
3.646682202816009521e-02
3.646577894687652588e-02
3.646474331617355347e-02
3.646370023488998413e-02
3.646266460418701172e-02
3.646162524819374084e-02
3.646058589220046997e-02
3.645955026149749756e-02
3.645851090550422668e-02
3.645747527480125427e-02
3.645643591880798340e-02
3.645538911223411560e-02
3.645436093211174011e-02
3.645332157611846924e-02
3.645228222012519836e-02
3.645124658942222595e-02
3.645020723342895508e-02
3.644917905330657959e-02
3.644813597202301025e-02
3.644710034132003784e-02
3.644606471061706543e-02
3.644502162933349609e-02
3.644398972392082214e-02
3.644295781850814819e-02
3.644191846251487732e-02
3.644087538123130798e-02
3.643984347581863403e-02
3.643880784511566162e-02
3.643777221441268921e-02
3.643673658370971680e-02
3.643569722771644592e-02
3.643466532230377197e-02
3.643363341689109802e-02
3.643259406089782715e-02
3.643156215548515320e-02
3.643053025007247925e-02
3.642949089407920837e-02
3.642845526337623596e-02
3.642742335796356201e-02
3.642639145255088806e-02
3.642535582184791565e-02
3.642432391643524170e-02
3.642329201102256775e-02
3.642225638031959534e-02
3.642122447490692139e-02
3.642018884420394897e-02
3.641916066408157349e-02
3.641812503337860107e-02
3.641709312796592712e-02
3.641606122255325317e-02
3.641502559185028076e-02
3.641398996114730835e-02
3.641296178102493286e-02
3.641192615032196045e-02
3.641089424490928650e-02
3.640986233949661255e-02
3.640883415937423706e-02
3.640780597925186157e-02
3.640676662325859070e-02
3.640573844313621521e-02
3.640471026301383972e-02
3.640367835760116577e-02
3.640264645218849182e-02
3.640161827206611633e-02
3.640059009194374084e-02
3.639955818653106689e-02
3.639852255582809448e-02
3.639749810099601746e-02
3.639646247029304504e-02
3.639544174075126648e-02
3.639440238475799561e-02
3.639337792992591858e-02
3.639234974980354309e-02
3.639131784439086914e-02
3.639028966426849365e-02
3.638926148414611816e-02
3.638823330402374268e-02
3.638720512390136719e-02
3.638618066906929016e-02
3.638515248894691467e-02
3.638412058353424072e-02
3.638308867812156677e-02
3.638205677270889282e-02
3.638103976845741272e-02
3.638001158833503723e-02
3.637898340821266174e-02
3.637795150279998779e-02
3.637692704796791077e-02
3.637589886784553528e-02
3.637487068772315979e-02
3.637384995818138123e-02
3.637282177805900574e-02
3.637178987264633179e-02
3.637076914310455322e-02
3.636973723769187927e-02
3.636871278285980225e-02
3.636768832802772522e-02
3.636666387319564819e-02
3.636563941836357117e-02
3.636461496353149414e-02
3.636358678340911865e-02
3.636256232857704163e-02
3.636153414845466614e-02
3.636051341891288757e-02
3.635948151350021362e-02
3.635846078395843506e-02
3.635743632912635803e-02
3.635641932487487793e-02
3.635539114475250244e-02
3.635436296463012695e-02
3.635334223508834839e-02
3.635231778025627136e-02
3.635129332542419434e-02
3.635027259588241577e-02
3.634924441576004028e-02
3.634822368621826172e-02
3.634720295667648315e-02
3.634617477655410767e-02
3.634515404701232910e-02
3.634413331747055054e-02
3.634310886263847351e-02
3.634208440780639648e-02
3.634105995297431946e-02
3.634003922343254089e-02
3.633901849389076233e-02
3.633799776434898376e-02
3.633697703480720520e-02
3.633595257997512817e-02
3.633492812514305115e-02
3.633390739560127258e-02
3.633289039134979248e-02
3.633186221122741699e-02
3.633084893226623535e-02
3.632982447743415833e-02
3.632880747318267822e-02
3.632778674364089966e-02
3.632676228880882263e-02
3.632574528455734253e-02
3.632472828030586243e-02
3.632370382547378540e-02
3.632268682122230530e-02
3.632166981697082520e-02
3.632064163684844971e-02
3.631963208317756653e-02
3.631860762834548950e-02
3.631759062409400940e-02
3.631656244397163391e-02
3.631554916501045227e-02
3.631453588604927063e-02
3.631350770592689514e-02
3.631249070167541504e-02
3.631147742271423340e-02
3.631045669317245483e-02
3.630943968892097473e-02
3.630841523408889771e-02
3.630740940570831299e-02
3.630638122558593750e-02
3.630536422133445740e-02
3.630434721708297729e-02
3.630333021283149719e-02
3.630231693387031555e-02
3.630129992961883545e-02
3.630027547478675842e-02
3.629926219582557678e-02
3.629824519157409668e-02
3.629723191261291504e-02
3.629620373249053955e-02
3.629519417881965637e-02
3.629417717456817627e-02
3.629316389560699463e-02
3.629214316606521606e-02
3.629112988710403442e-02
3.629011660814285278e-02
3.628909960389137268e-02
3.628808632493019104e-02
3.628707304596900940e-02
3.628604859113693237e-02
3.628503531217575073e-02
3.628402575850486755e-02
3.628300875425338745e-02
3.628199175000190735e-02
3.628098219633102417e-02
3.627996519207954407e-02
3.627894818782806396e-02
3.627793490886688232e-02
3.627692535519599915e-02
3.627590835094451904e-02
3.627489507198333740e-02
3.627388179302215576e-02
3.627287223935127258e-02
3.627185150980949402e-02
3.627084568142890930e-02
3.626982867717742920e-02
3.626881539821624756e-02
3.626780584454536438e-02
3.626679629087448120e-02
3.626577928662300110e-02
3.626476973295211792e-02
3.626375645399093628e-02
3.626274317502975464e-02
3.626173362135887146e-02
3.626072406768798828e-02
3.625970706343650818e-02
3.625870123505592346e-02
3.625769168138504028e-02
3.625667467713356018e-02
3.625566512346267700e-02
3.625465184450149536e-02
3.625364229083061218e-02
3.625263646245002747e-02
3.625161945819854736e-02
3.625060617923736572e-02
3.624960035085678101e-02
3.624858334660530090e-02
3.624757379293441772e-02
3.624657168984413147e-02
3.624555841088294983e-02
3.624454885721206665e-02
3.624353185296058655e-02
3.624252602458000183e-02
3.624152392148971558e-02
3.624051064252853394e-02
3.623950853943824768e-02
3.623849153518676758e-02
3.623748198151588440e-02
3.623647242784500122e-02
3.623546287417411804e-02
3.623446077108383179e-02
3.623345121741294861e-02
3.623243793845176697e-02
3.623143211007118225e-02
3.623041883111000061e-02
3.622940927743911743e-02
3.622840344905853271e-02
3.622739762067794800e-02
3.622639551758766174e-02
3.622538596391677856e-02
3.622437641024589539e-02
3.622337058186531067e-02
3.622236475348472595e-02
3.622135892510414124e-02
3.622034937143325806e-02
3.621934354305267334e-02
3.621834143996238708e-02
3.621733561158180237e-02
3.621632978320121765e-02
3.621532022953033447e-02
3.621431067585945129e-02
3.621330857276916504e-02
3.621230646967887878e-02
3.621129691600799561e-02
3.621028736233711243e-02
3.620928898453712463e-02
3.620828315615653992e-02
3.620727732777595520e-02
3.620627522468566895e-02
3.620526939630508423e-02
3.620425984263420105e-02
3.620325401425361633e-02
3.620225563645362854e-02
3.620124608278274536e-02
3.620024397969245911e-02
3.619923815131187439e-02
3.619823232293128967e-02
3.619722649455070496e-02
3.619622811675071716e-02
3.619521856307983398e-02
3.619421645998954773e-02
3.619321435689926147e-02
3.619220852851867676e-02
3.619120642542839050e-02
3.619020059704780579e-02
3.618920221924781799e-02
3.618820011615753174e-02
3.618719801306724548e-02
3.618619590997695923e-02
3.618519380688667297e-02
3.618419542908668518e-02
3.618318960070610046e-02
3.618218749761581421e-02
3.618118166923522949e-02
3.618018329143524170e-02
3.617917746305465698e-02
3.617818281054496765e-02
3.617717698216438293e-02
3.617617860436439514e-02
3.617517277598381042e-02
3.617417439818382263e-02
3.617317602038383484e-02
3.617217764258384705e-02
3.617117181420326233e-02
3.617017343640327454e-02
3.616917133331298828e-02
3.616817668080329895e-02
3.616717830300331116e-02
3.616617619991302490e-02
3.616517782211303711e-02
3.616417571902275085e-02
3.616317361593246460e-02
3.616217896342277527e-02
3.616118058562278748e-02
3.616018220782279968e-02
3.615918010473251343e-02
3.615818545222282410e-02
3.615718707442283630e-02
3.615618497133255005e-02
3.615518286824226379e-02
3.615419194102287292e-02
3.615319356322288513e-02
3.615219146013259888e-02
3.615119308233261108e-02
3.615019097924232483e-02
3.614920005202293396e-02
3.614820167422294617e-02
3.614720329642295837e-02
3.614620864391326904e-02
3.614521026611328125e-02
3.614421561360359192e-02
3.614321351051330566e-02
3.614221513271331787e-02
3.614122048020362854e-02
3.614022582769393921e-02
3.613922744989395142e-02
3.613823279738426208e-02
3.613723441958427429e-02
3.613623604178428650e-02
3.613524138927459717e-02
3.613424673676490784e-02
3.613324835896492004e-02
3.613225743174552917e-02
3.613125905394554138e-02
3.613026440143585205e-02
3.612926974892616272e-02
3.612827509641647339e-02
3.612727671861648560e-02
3.612628579139709473e-02
3.612529113888740540e-02
3.612429648637771606e-02
3.612329810857772827e-02
3.612229973077774048e-02
3.612130507826805115e-02
3.612031415104866028e-02
3.611932694911956787e-02
3.611832484602928162e-02
3.611733764410018921e-02
