2.293543964624404907e-01
2.293532043695449829e-01
2.293519824743270874e-01
2.293507605791091919e-01
2.293495535850524902e-01
2.293483912944793701e-01
2.293471992015838623e-01
2.293459922075271606e-01
2.293447703123092651e-01
2.293435782194137573e-01
2.293423861265182495e-01
2.293411344289779663e-01
2.293399423360824585e-01
2.293387502431869507e-01
2.293375432491302490e-01
2.293363511562347412e-01
2.293351143598556519e-01
2.293339669704437256e-01
2.293327450752258301e-01
2.293315380811691284e-01
2.293303161859512329e-01
2.293291538953781128e-01
2.293279469013214111e-01
2.293267101049423218e-01
2.293255180120468140e-01
2.293243408203125000e-01
2.293231487274169922e-01
2.293219417333602905e-01
2.293207496404647827e-01
2.293195277452468872e-01
2.293183803558349609e-01
2.293172329664230347e-01
2.293160110712051392e-01
2.293147891759872437e-01
2.293135523796081543e-01
2.293123751878738403e-01
2.293112128973007202e-01
2.293100357055664062e-01
2.293087691068649292e-01
2.293075919151306152e-01
2.293064147233963013e-01
2.293051779270172119e-01
2.293040305376052856e-01
2.293028086423873901e-01
2.293016165494918823e-01
2.293004691600799561e-01
2.292992174625396729e-01
2.292980402708053589e-01
2.292968928813934326e-01
2.292956858873367310e-01
2.292945384979248047e-01
2.292932868003845215e-01
2.292921096086502075e-01
2.292909175157546997e-01
2.292897701263427734e-01
2.292885780334472656e-01
2.292874008417129517e-01
2.292862236499786377e-01
2.292849868535995483e-01
2.292838096618652344e-01
2.292826622724533081e-01
2.292814403772354126e-01
2.292802184820175171e-01
2.292791008949279785e-01
2.292778789997100830e-01
2.292767316102981567e-01
2.292755395174026489e-01
2.292743623256683350e-01
2.292731702327728271e-01
2.292719781398773193e-01
2.292707711458206177e-01
2.292696088552474976e-01
2.292684018611907959e-01
2.292672395706176758e-01
2.292661070823669434e-01
2.292648851871490479e-01
2.292637228965759277e-01
2.292625308036804199e-01
2.292613834142684937e-01
2.292601764202117920e-01
2.292589843273162842e-01
2.292578369379043579e-01
2.292566448450088501e-01
2.292554378509521484e-01
2.292542457580566406e-01
2.292530834674835205e-01
2.292518764734268188e-01
2.292507886886596680e-01
2.292495667934417725e-01
2.292484641075134277e-01
2.292472422122955322e-01
2.292460501194000244e-01
2.292448729276657104e-01
2.292436957359313965e-01
2.292425334453582764e-01
2.292413264513015747e-01
2.292401790618896484e-01
2.292390167713165283e-01
2.292378395795822144e-01
2.292366772890090942e-01
2.292355298995971680e-01
2.292343229055404663e-01
2.292331755161285400e-01
2.292319834232330322e-01
2.292308658361434937e-01
2.292297184467315674e-01
2.292284965515136719e-01
2.292273491621017456e-01
2.292261421680450439e-01
2.292250543832778931e-01
2.292238026857376099e-01
2.292226552963256836e-01
2.292214781045913696e-01
2.292203307151794434e-01
2.292191386222839355e-01
2.292180210351943970e-01
2.292168438434600830e-01
2.292156964540481567e-01
2.292144745588302612e-01
2.292133718729019165e-01
2.292121797800064087e-01
2.292110174894332886e-01
2.292098850011825562e-01
2.292087376117706299e-01
2.292075455188751221e-01
2.292063683271408081e-01
2.292052209377288818e-01
2.292040586471557617e-01
2.292029559612274170e-01
2.292017638683319092e-01
2.292005866765975952e-01
2.291993945837020874e-01
2.291982471942901611e-01
2.291970700025558472e-01
2.291959524154663086e-01
2.291948050260543823e-01
2.291936576366424561e-01
2.291925102472305298e-01
2.291913032531738281e-01
2.291901409626007080e-01
2.291890084743499756e-01
2.291878610849380493e-01
2.291866987943649292e-01
2.291855514049530029e-01
2.291843444108963013e-01
2.291832268238067627e-01
2.291820794343948364e-01
2.291809320449829102e-01
2.291798144578933716e-01
2.291786670684814453e-01
2.291775345802307129e-01
2.291763722896575928e-01
2.291752249002456665e-01
2.291740477085113525e-01
2.291729301214218140e-01
2.291717529296875000e-01
2.291706055402755737e-01
2.291694581508636475e-01
2.291682809591293335e-01
2.291671186685562134e-01
2.291660457849502563e-01
2.291648238897323608e-01
2.291637212038040161e-01
2.291626036167144775e-01
2.291614264249801636e-01
2.291603237390518188e-01
2.291591614484786987e-01
2.291580289602279663e-01
2.291568666696548462e-01
2.291557639837265015e-01
2.291545718908309937e-01
2.291534394025802612e-01
2.291523218154907227e-01
2.291511446237564087e-01
2.291499972343444824e-01
2.291488945484161377e-01
2.291477024555206299e-01
2.291465848684310913e-01
2.291454076766967773e-01
2.291443347930908203e-01
2.291431427001953125e-01
2.291420102119445801e-01
2.291408926248550415e-01
2.291397154331207275e-01
2.291385978460311890e-01
2.291374802589416504e-01
2.291363775730133057e-01
2.291352301836013794e-01
2.291340827941894531e-01
2.291329801082611084e-01
2.291318327188491821e-01
2.291306406259536743e-01
2.291295379400253296e-01
2.291283905506134033e-01
2.291272729635238647e-01
2.291260957717895508e-01
2.291249930858612061e-01
2.291238456964492798e-01
2.291227579116821289e-01
2.291216105222702026e-01
2.291204631328582764e-01
2.291193157434463501e-01
2.291182428598403931e-01
2.291170656681060791e-01
2.291159927845001221e-01
2.291148155927658081e-01
2.291137278079986572e-01
2.291125506162643433e-01
2.291114479303359985e-01
2.291103005409240723e-01
2.291091978549957275e-01
2.291080802679061890e-01
2.291069328784942627e-01
2.291058152914047241e-01
2.291047126054763794e-01
2.291035652160644531e-01
2.291024476289749146e-01
2.291012704372406006e-01
2.291001975536346436e-01
2.290990650653839111e-01
2.290979176759719849e-01
2.290968298912048340e-01
2.290956974029541016e-01
2.290945798158645630e-01
2.290935069322586060e-01
2.290923148393630981e-01
2.290912866592407227e-01
2.290900647640228271e-01
2.290889620780944824e-01
2.290878891944885254e-01
2.290867418050765991e-01
2.290856689214706421e-01
2.290845513343811035e-01
2.290833741426467896e-01
2.290823012590408325e-01
2.290811538696289062e-01
2.290800511837005615e-01
2.290789335966110229e-01
2.290778011083602905e-01
2.290767133235931396e-01
2.290755659341812134e-01
2.290744334459304810e-01
2.290733456611633301e-01
2.290722131729125977e-01
2.290711402893066406e-01
2.290700227022171021e-01
2.290688902139663696e-01
2.290677726268768311e-01
2.290666699409484863e-01
2.290655523538589478e-01
2.290644347667694092e-01
2.290633618831634521e-01
2.290621995925903320e-01
2.290611565113067627e-01
2.290600091218948364e-01
2.290589660406112671e-01
2.290578186511993408e-01
2.290567308664321899e-01
2.290555834770202637e-01
2.290544956922531128e-01
2.290533632040023804e-01
2.290522754192352295e-01
2.290511280298233032e-01
2.290500551462173462e-01
2.290489524602890015e-01
2.290478944778442383e-01
2.290467321872711182e-01
2.290456295013427734e-01
2.290445268154144287e-01
2.290434539318084717e-01
2.290423363447189331e-01
2.290412634611129761e-01
2.290401309728622437e-01
2.290390580892562866e-01
2.290379703044891357e-01
2.290368378162384033e-01
2.290357351303100586e-01
2.290346175432205200e-01
2.290336191654205322e-01
2.290324270725250244e-01
2.290313541889190674e-01
2.290302664041519165e-01
2.290291488170623779e-01
2.290280014276504517e-01
2.290269732475280762e-01
2.290258258581161499e-01
2.290247380733489990e-01
2.290236502885818481e-01
2.290225625038146973e-01
2.290215045213699341e-01
2.290204167366027832e-01
2.290193289518356323e-01
2.290182113647460938e-01
2.290171086788177490e-01
2.290159910917282104e-01
2.290149182081222534e-01
2.290138602256774902e-01
2.290127426385879517e-01
2.290116399526596069e-01
2.290105968713760376e-01
2.290094792842864990e-01
2.290084213018417358e-01
2.290073037147521973e-01
2.290062308311462402e-01
2.290051281452178955e-01
2.290040552616119385e-01
2.290029525756835938e-01
2.290019094944000244e-01
2.290007770061492920e-01
2.289997339248657227e-01
2.289986312389373779e-01
2.289975285530090332e-01
2.289964854717254639e-01
2.289953678846359253e-01
2.289943099021911621e-01
2.289932668209075928e-01
2.289921641349792480e-01
2.289910465478897095e-01
2.289899885654449463e-01
2.289889156818389893e-01
2.289878129959106445e-01
2.289867401123046875e-01
2.289856672286987305e-01
2.289845645427703857e-01
2.289835214614868164e-01
2.289824634790420532e-01
2.289813756942749023e-01
2.289802730083465576e-01
2.289792001247406006e-01
2.289781272411346436e-01
2.289770692586898804e-01
2.289759963750839233e-01
2.289749085903167725e-01
2.289738059043884277e-01
2.289727479219436646e-01
2.289716303348541260e-01
2.289706021547317505e-01
2.289694994688034058e-01
2.289684861898422241e-01
2.289673835039138794e-01
2.289663851261138916e-01
2.289652526378631592e-01
2.289641797542572021e-01
2.289631366729736328e-01
2.289620339870452881e-01
2.289610058069229126e-01
2.289599180221557617e-01
2.289588600397109985e-01
2.289577871561050415e-01
2.289567589759826660e-01
2.289556413888931274e-01
2.289546430110931396e-01
2.289535403251647949e-01
2.289524972438812256e-01
2.289514094591140747e-01
2.289503663778305054e-01
2.289492636919021606e-01
2.289482355117797852e-01
2.289471477270126343e-01
2.289461195468902588e-01
2.289450168609619141e-01
2.289439886808395386e-01
2.289429455995559692e-01
2.289418727159500122e-01
2.289408147335052490e-01
2.289397716522216797e-01
2.289386987686157227e-01
2.289376258850097656e-01
2.289365679025650024e-01
2.289354950189590454e-01
2.289344966411590576e-01
2.289334237575531006e-01
2.289323955774307251e-01
2.289312928915023804e-01
2.289302945137023926e-01
2.289291918277740479e-01
2.289281785488128662e-01
2.289271056652069092e-01
2.289261221885681152e-01
2.289250940084457397e-01
2.289239764213562012e-01
2.289229780435562134e-01
2.289219051599502563e-01
2.289208769798278809e-01
2.289198487997055054e-01
2.289187759160995483e-01
2.289177477359771729e-01
2.289167046546936035e-01
2.289156466722488403e-01
2.289146184921264648e-01
2.289135754108428955e-01
2.289125174283981323e-01
2.289114743471145630e-01
2.289104312658309937e-01
2.289094030857086182e-01
2.289083302021026611e-01
2.289073169231414795e-01
2.289062738418579102e-01
2.289052456617355347e-01
2.289042025804519653e-01
2.289031445980072021e-01
2.289021015167236328e-01
2.289011478424072266e-01
2.289000451564788818e-01
2.288990467786788940e-01
2.288980185985565186e-01
2.288969755172729492e-01
2.288959175348281860e-01
2.288949191570281982e-01
2.288938909769058228e-01
2.288928776979446411e-01
2.288918495178222656e-01
2.288907468318939209e-01
2.288897931575775146e-01
2.288887500762939453e-01
2.288876920938491821e-01
2.288867235183715820e-01
2.288856655359268188e-01
2.288846373558044434e-01
2.288836687803268433e-01
2.288825958967208862e-01
2.288815379142761230e-01
2.288806140422821045e-01
2.288795411586761475e-01
2.288785129785537720e-01
2.288775593042373657e-01
2.288765162229537964e-01
2.288754880428314209e-01
2.288744598627090454e-01
2.288734614849090576e-01
2.288724333047866821e-01
2.288714349269866943e-01
2.288704067468643188e-01
2.288693785667419434e-01
2.288683652877807617e-01
2.288673520088195801e-01
2.288663536310195923e-01
2.288653552532196045e-01
2.288643270730972290e-01
2.288632988929748535e-01
2.288623601198196411e-01
2.288613319396972656e-01
2.288602739572525024e-01
2.288593053817749023e-01
2.288583070039749146e-01
2.288572937250137329e-01
2.288562953472137451e-01
2.288552969694137573e-01
2.288542687892913818e-01
2.288532406091690063e-01
2.288522720336914062e-01
2.288512736558914185e-01
2.288502752780914307e-01
2.288492470979690552e-01
2.288482934236526489e-01
2.288473099470138550e-01
2.288462668657302856e-01
2.288453131914138794e-01
2.288442850112915039e-01
2.288433313369750977e-01
2.288423627614974976e-01
2.288413047790527344e-01
2.288403064012527466e-01
2.288393825292587280e-01
2.288383841514587402e-01
2.288374006748199463e-01
2.288363277912139893e-01
2.288354486227035522e-01
2.288344204425811768e-01
2.288334220647811890e-01
2.288324534893035889e-01
2.288314402103424072e-01
2.288304269313812256e-01
2.288294732570648193e-01
2.288284897804260254e-01
2.288275212049484253e-01
2.288265079259872437e-01
2.288255840539932251e-01
2.288245856761932373e-01
2.288236320018768311e-01
2.288226336240768433e-01
2.288216799497604370e-01
2.288206815719604492e-01
2.288196831941604614e-01
2.288187295198440552e-01
2.288177311420440674e-01
2.288167476654052734e-01
2.288158237934112549e-01
2.288148254156112671e-01
2.288138866424560547e-01
2.288128733634948730e-01
2.288119643926620483e-01
2.288109362125396729e-01
2.288100123405456543e-01
2.288090139627456665e-01
2.288080602884292603e-01
2.288071066141128540e-01
2.288061529397964478e-01
2.288051545619964600e-01
2.288042753934860229e-01
