1.041863411664962769e-01
1.041853427886962891e-01
1.041843220591545105e-01
1.041833087801933289e-01
1.041822731494903564e-01
1.041812747716903687e-01
1.041802614927291870e-01
1.041792407631874084e-01
1.041782423853874207e-01
1.041772216558456421e-01
1.041762009263038635e-01
1.041751876473426819e-01
1.041741743683815002e-01
1.041731685400009155e-01
1.041721329092979431e-01
1.041711270809173584e-01
1.041701287031173706e-01
1.041690781712532043e-01
1.041680797934532166e-01
1.041670590639114380e-01
1.041660383343696594e-01
1.041650250554084778e-01
1.041640192270278931e-01
1.041629984974861145e-01
1.041619554162025452e-01
1.041609570384025574e-01
1.041599586606025696e-01
1.041589379310607910e-01
1.041579246520996094e-01
1.041569039225578308e-01
1.041558906435966492e-01
1.041548848152160645e-01
1.041538640856742859e-01
1.041528508067131042e-01
1.041518449783325195e-01
1.041508242487907410e-01
1.041498258709907532e-01
1.041487827897071838e-01
1.041477993130683899e-01
1.041467636823654175e-01
1.041457429528236389e-01
1.041447371244430542e-01
1.041437312960624695e-01
1.041427105665206909e-01
1.041416972875595093e-01
1.041406914591789246e-01
1.041396707296371460e-01
1.041386574506759644e-01
1.041376441717147827e-01
1.041366085410118103e-01
1.041356101632118225e-01
1.041346043348312378e-01
1.041335910558700562e-01
1.041325703263282776e-01
1.041315570473670959e-01
1.041305586695671082e-01
1.041295379400253296e-01
1.041285172104835510e-01
1.041275188326835632e-01
1.041265055537223816e-01
1.041254773736000061e-01
1.041244789958000183e-01
1.041234582662582397e-01
1.041224375367164612e-01
1.041214168071746826e-01
1.041203960776329041e-01
1.041193902492523193e-01
1.041183844208717346e-01
1.041173860430717468e-01
1.041163653135299683e-01
1.041153520345687866e-01
1.041143462061882019e-01
1.041133254766464233e-01
1.041123121976852417e-01
1.041113063693046570e-01
1.041102856397628784e-01
1.041092649102210999e-01
1.041082590818405151e-01
1.041072458028793335e-01
1.041062399744987488e-01
1.041052117943763733e-01
1.041042134165763855e-01
1.041032001376152039e-01
1.041021943092346191e-01
1.041011810302734375e-01
1.041001603007316589e-01
1.040991619229316711e-01
1.040981337428092957e-01
1.040971279144287109e-01
1.040961146354675293e-01
1.040951088070869446e-01
1.040940880775451660e-01
1.040930747985839844e-01
1.040920540690422058e-01
1.040910556912422180e-01
1.040900424122810364e-01
1.040890440344810486e-01
1.040880233049392700e-01
1.040870025753974915e-01
1.040859818458557129e-01
1.040849834680557251e-01
1.040839850902557373e-01
1.040829643607139587e-01
1.040819436311721802e-01
1.040809378027915955e-01
1.040799170732498169e-01
1.040789261460304260e-01
1.040779054164886475e-01
1.040768772363662720e-01
1.040758714079856873e-01
1.040748581290245056e-01
1.040738523006439209e-01
1.040728390216827393e-01
1.040718331933021545e-01
1.040708348155021667e-01
1.040698215365409851e-01
1.040688008069992065e-01
1.040677949786186218e-01
1.040667891502380371e-01
1.040657684206962585e-01
1.040647551417350769e-01
1.040637493133544922e-01
1.040627360343933105e-01
1.040617302060127258e-01
1.040607094764709473e-01
1.040597110986709595e-01
1.040587052702903748e-01
1.040576845407485962e-01
1.040566712617874146e-01
1.040556505322456360e-01
1.040546447038650513e-01
1.040536314249038696e-01
1.040526181459426880e-01
1.040516197681427002e-01
1.040506064891815186e-01
1.040496006608009338e-01
1.040485873818397522e-01
1.040475666522979736e-01
1.040465682744979858e-01
1.040455624461174011e-01
1.040445417165756226e-01
1.040435358881950378e-01
1.040425375103950500e-01
1.040415167808532715e-01
1.040404960513114929e-01
1.040394976735115051e-01
1.040384992957115173e-01
1.040374860167503357e-01
1.040364578366279602e-01
1.040354520082473755e-01
1.040344387292861938e-01
1.040334329009056091e-01
1.040324345231056213e-01
1.040314137935638428e-01
1.040304005146026611e-01
1.040293946862220764e-01
1.040283739566802979e-01
1.040273755788803101e-01
1.040263548493385315e-01
1.040253490209579468e-01
1.040243506431579590e-01
1.040233373641967773e-01
1.040223315358161926e-01
1.040213182568550110e-01
1.040202900767326355e-01
1.040193066000938416e-01
1.040182858705520630e-01
1.040172651410102844e-01
1.040162742137908936e-01
1.040152460336685181e-01
1.040142476558685303e-01
1.040132343769073486e-01
1.040122285485267639e-01
1.040112227201461792e-01
1.040102019906044006e-01
1.040091887116432190e-01
1.040081903338432312e-01
1.040071845054626465e-01
1.040061637759208679e-01
1.040051728487014771e-01
1.040041670203208923e-01
1.040031388401985168e-01
1.040021255612373352e-01
1.040011271834373474e-01
1.040001213550567627e-01
1.039991006255149841e-01
1.039981022477149963e-01
1.039970815181732178e-01
1.039960756897926331e-01
1.039950624108314514e-01
1.039940789341926575e-01
1.039930656552314758e-01
1.039920449256896973e-01
1.039910390973091125e-01
1.039900258183479309e-01
1.039890050888061523e-01
1.039879992604255676e-01
1.039869934320449829e-01
1.039860025048255920e-01
1.039849743247032166e-01
1.039839833974838257e-01
1.039829626679420471e-01
1.039819419384002686e-01
1.039809435606002808e-01
1.039799377322196960e-01
1.039789244532585144e-01
1.039779260754585266e-01
1.039769127964973450e-01
1.039758995175361633e-01
1.039748936891555786e-01
1.039738729596138000e-01
1.039728522300720215e-01
1.039718613028526306e-01
1.039708554744720459e-01
1.039698570966720581e-01
1.039688587188720703e-01
1.039678156375885010e-01
1.039668172597885132e-01
1.039658188819885254e-01
1.039647981524467468e-01
1.039637997746467590e-01
1.039627790451049805e-01
1.039617806673049927e-01
1.039607748389244080e-01
1.039597690105438232e-01
1.039587557315826416e-01
1.039577573537826538e-01
1.039567515254020691e-01
1.039557382464408875e-01
1.039547324180603027e-01
1.039537191390991211e-01
1.039526984095573425e-01
1.039517000317573547e-01
1.039506718516349792e-01
1.039496883749961853e-01
1.039486750960350037e-01
1.039476543664932251e-01
1.039466559886932373e-01
1.039456352591514587e-01
1.039446368813514709e-01
1.039436385035514832e-01
1.039426252245903015e-01
1.039416119456291199e-01
1.039406135678291321e-01
1.039395928382873535e-01
1.039385944604873657e-01
1.039375886321067810e-01
1.039365902543067932e-01
1.039355695247650146e-01
1.039345562458038330e-01
1.039335578680038452e-01
1.039325520396232605e-01
1.039315462112426758e-01
1.039305329322814941e-01
1.039295345544815063e-01
1.039285361766815186e-01
1.039275154471397400e-01
1.039265170693397522e-01
1.039255112409591675e-01
1.039244979619979858e-01
1.039234772324562073e-01
1.039224714040756226e-01
1.039214879274368286e-01
1.039204671978950500e-01
1.039194688200950623e-01
1.039184704422950745e-01
1.039174571633338928e-01
1.039164587855339050e-01
1.039154529571533203e-01
1.039144173264503479e-01
1.039134338498115540e-01
1.039124354720115662e-01
1.039114147424697876e-01
1.039104089140892029e-01
1.039093956351280212e-01
1.039083972573280334e-01
1.039073765277862549e-01
1.039064005017280579e-01
1.039053797721862793e-01
1.039043813943862915e-01
1.039033755660057068e-01
1.039023548364639282e-01
1.039013639092445374e-01
1.039003580808639526e-01
1.038993373513221741e-01
1.038983389735221863e-01
1.038973331451416016e-01
1.038963347673416138e-01
1.038953140377998352e-01
1.038943156599998474e-01
1.038933172821998596e-01
1.038923040032386780e-01
1.038913056254386902e-01
1.038902997970581055e-01
1.038893014192581177e-01
1.038883030414581299e-01
1.038872823119163513e-01
1.038862764835357666e-01
1.038852632045745850e-01
1.038842648267745972e-01
1.038832664489746094e-01
1.038822680711746216e-01
1.038812398910522461e-01
1.038802489638328552e-01
1.038792282342910767e-01
1.038782447576522827e-01
1.038772240281105042e-01
1.038762181997299194e-01
1.038752049207687378e-01
1.038742065429687500e-01
1.038732081651687622e-01
1.038721874356269836e-01
1.038712039589881897e-01
1.038701906800270081e-01
1.038691923022270203e-01
1.038681715726852417e-01
1.038671731948852539e-01
1.038661673665046692e-01
1.038651615381240845e-01
1.038641631603240967e-01
1.038631498813629150e-01
1.038621440529823303e-01
1.038611456751823425e-01
1.038601472973823547e-01
1.038591265678405762e-01
1.038581281900405884e-01
1.038571298122406006e-01
1.038561090826988220e-01
1.038551181554794312e-01
1.038541048765182495e-01
1.038531139492988586e-01
1.038521081209182739e-01
1.038511097431182861e-01
1.038500964641571045e-01
1.038490906357765198e-01
1.038480922579765320e-01
1.038470789790153503e-01
1.038460806012153625e-01
1.038450747728347778e-01
1.038440614938735962e-01
1.038430631160736084e-01
1.038420498371124268e-01
1.038410589098930359e-01
1.038400530815124512e-01
1.038390547037124634e-01
1.038380563259124756e-01
1.038370355963706970e-01
1.038360372185707092e-01
1.038350388407707214e-01
1.038340404629707336e-01
1.038330420851707458e-01
1.038320213556289673e-01
1.038310229778289795e-01
1.038300246000289917e-01
1.038290262222290039e-01
1.038280054926872253e-01
1.038270071148872375e-01
1.038260087370872498e-01
1.038250029087066650e-01
1.038240119814872742e-01
1.038229912519454956e-01
1.038219928741455078e-01
1.038209870457649231e-01
1.038199961185455322e-01
1.038189753890037537e-01
1.038179695606231689e-01
1.038169711828231812e-01
1.038159802556037903e-01
1.038149818778038025e-01
1.038139611482620239e-01
1.038129702210426331e-01
1.038119569420814514e-01
1.038109585642814636e-01
1.038099750876426697e-01
1.038089618086814880e-01
1.038079634308815002e-01
1.038069576025009155e-01
1.038059592247009277e-01
1.038049459457397461e-01
1.038039401173591614e-01
1.038029491901397705e-01
1.038019284605979919e-01
1.038009300827980042e-01
1.037999540567398071e-01
1.037989258766174316e-01
1.037979274988174438e-01
1.037969216704368591e-01
1.037959232926368713e-01
1.037949100136756897e-01
1.037939041852951050e-01
1.037929058074951172e-01
1.037919074296951294e-01
1.037909090518951416e-01
1.037898883223533630e-01
1.037888899445533752e-01
1.037878915667533875e-01
1.037868931889533997e-01
1.037858948111534119e-01
1.037848964333534241e-01
1.037838831543922424e-01
1.037828996777534485e-01
1.037818938493728638e-01
1.037808805704116821e-01
1.037798821926116943e-01
1.037788838148117065e-01
1.037778854370117188e-01
1.037768796086311340e-01
1.037758812308311462e-01
1.037748903036117554e-01
1.037738844752311707e-01
1.037728860974311829e-01
1.037718728184700012e-01
1.037708744406700134e-01
1.037698760628700256e-01
1.037688702344894409e-01
1.037678718566894531e-01
1.037668734788894653e-01
1.037658601999282837e-01
1.037648618221282959e-01
1.037638708949089050e-01
1.037628725171089172e-01
1.037618592381477356e-01
1.037608608603477478e-01
1.037598624825477600e-01
1.037588790059089661e-01
1.037578657269477844e-01
1.037568673491477966e-01
1.037558615207672119e-01
1.037548482418060303e-01
1.037538647651672363e-01
1.037528514862060547e-01
1.037518680095672607e-01
1.037508696317672729e-01
1.037498712539672852e-01
1.037488728761672974e-01
1.037478521466255188e-01
1.037468388676643372e-01
1.037458404898643494e-01
1.037448495626449585e-01
1.037438511848449707e-01
1.037428528070449829e-01
1.037418618798255920e-01
1.037408635020256042e-01
1.037398427724838257e-01
1.037388443946838379e-01
1.037378460168838501e-01
1.037368476390838623e-01
1.037358641624450684e-01
1.037348434329032898e-01
1.037338674068450928e-01
1.037328541278839111e-01
1.037318482995033264e-01
1.037308573722839355e-01
1.037298589944839478e-01
1.037288531661033630e-01
1.037278398871421814e-01
1.037268415093421936e-01
1.037258356809616089e-01
1.037248373031616211e-01
1.037238389253616333e-01
1.037228330969810486e-01
1.037218421697616577e-01
1.037208437919616699e-01
1.037198454141616821e-01
1.037188470363616943e-01
1.037178635597229004e-01
1.037168502807617188e-01
1.037158519029617310e-01
1.037148535251617432e-01
1.037138551473617554e-01
1.037128716707229614e-01
1.037118732929229736e-01
1.037108600139617920e-01
1.037098616361618042e-01
1.037088632583618164e-01
1.037078574299812317e-01
1.037068590521812439e-01
1.037058606743812561e-01
1.037048622965812683e-01
1.037038713693618774e-01
1.037028729915618896e-01
1.037018746137619019e-01
1.037008687853813171e-01
1.036998778581619263e-01
1.036988720297813416e-01
1.036978736519813538e-01
1.036968752741813660e-01
1.036958843469619751e-01
1.036948859691619873e-01
1.036938726902008057e-01
1.036928743124008179e-01
1.036918759346008301e-01
1.036908775568008423e-01
1.036898791790008545e-01
1.036888882517814636e-01
1.036878898739814758e-01
1.036868840456008911e-01
1.036858931183815002e-01
1.036848872900009155e-01
1.036838963627815247e-01
