4.432004317641258240e-02
4.431891813874244690e-02
4.431778937578201294e-02
4.431666806340217590e-02
4.431553930044174194e-02
4.431441798806190491e-02
4.431330412626266479e-02
4.431217536330223083e-02
4.431104287505149841e-02
4.430991783738136292e-02
4.430879652500152588e-02
4.430767893791198730e-02
4.430655390024185181e-02
4.430543631315231323e-02
4.430430755019187927e-02
4.430317878723144531e-02
4.430206865072250366e-02
4.430095106363296509e-02
4.429982975125312805e-02
4.429870471358299255e-02
4.429758340120315552e-02
4.429647698998451233e-02
4.429535195231437683e-02
4.429423063993453979e-02
4.429311305284500122e-02
4.429200291633605957e-02
4.429087787866592407e-02
4.428976029157638550e-02
4.428864642977714539e-02
4.428752884268760681e-02
4.428641498088836670e-02
4.428529366850852966e-02
4.428417980670928955e-02
4.428306967020034790e-02
4.428194835782051086e-02
4.428084194660186768e-02
4.427971690893173218e-02
4.427861049771308899e-02
4.427749291062355042e-02
4.427638277411460876e-02
4.427526891231536865e-02
4.427414759993553162e-02
4.427304118871688843e-02
4.427191987633705139e-02
4.427081346511840820e-02
4.426970332860946655e-02
4.426859691739082336e-02
4.426748678088188171e-02
4.426636546850204468e-02
4.426525533199310303e-02
4.426415264606475830e-02
4.426304250955581665e-02
4.426193237304687500e-02
4.426082223653793335e-02
4.425971582531929016e-02
4.425861686468124390e-02
4.425750300288200378e-02
4.425638914108276367e-02
4.425529018044471741e-02
4.425417259335517883e-02
4.425306990742683411e-02
4.425197094678878784e-02
4.425086081027984619e-02
4.424975812435150146e-02
4.424865916371345520e-02
4.424754530191421509e-02
4.424645006656646729e-02
4.424533993005752563e-02
4.424424096941947937e-02
4.424313828349113464e-02
4.424202442169189453e-02
4.424092546105384827e-02
4.423982277512550354e-02
4.423872753977775574e-02
4.423762485384941101e-02
4.423652216792106628e-02
4.423541948199272156e-02
4.423431307077407837e-02
4.423321411013603210e-02
4.423211142420768738e-02
4.423101991415023804e-02
4.422991350293159485e-02
4.422882199287414551e-02
4.422772303223609924e-02
4.422662779688835144e-02
4.422553256154060364e-02
4.422442615032196045e-02
4.422332718968391418e-02
4.422223940491676331e-02
4.422113299369812012e-02
4.422003775835037231e-02
4.421894624829292297e-02
4.421785473823547363e-02
4.421675205230712891e-02
4.421565681695938110e-02
4.421456158161163330e-02
4.421347007155418396e-02
4.421237111091613770e-02
4.421127960085868835e-02
4.421018809080123901e-02
4.420909658074378967e-02
4.420799762010574341e-02
4.420690983533859253e-02
4.420581832528114319e-02
4.420472308993339539e-02
4.420363157987594604e-02
4.420254379510879517e-02
4.420145601034164429e-02
4.420036077499389648e-02
4.419928044080734253e-02
4.419818520545959473e-02
4.419708997011184692e-02
4.419600963592529297e-02
4.419492185115814209e-02
4.419383406639099121e-02
4.419275000691413879e-02
4.419165477156639099e-02
4.419057816267013550e-02
4.418947920203208923e-02
4.418839886784553528e-02
4.418731480836868286e-02
4.418621957302093506e-02
4.418513923883438110e-02
4.418405145406723022e-02
4.418297857046127319e-02
4.418189078569412231e-02
4.418080300092697144e-02
4.417972266674041748e-02
4.417863860726356506e-02
4.417755082249641418e-02
4.417647421360015869e-02
4.417538270354270935e-02
4.417430981993675232e-02
4.417322576045989990e-02
4.417214170098304749e-02
4.417106509208679199e-02
4.416998475790023804e-02
4.416890069842338562e-02
4.416782408952713013e-02
4.416674375534057617e-02
4.416565597057342529e-02
4.416457563638687134e-02
4.416350275278091431e-02
4.416242241859436035e-02
4.416134580969810486e-02
4.416026920080184937e-02
4.415918514132499695e-02
4.415811598300933838e-02
4.415703192353248596e-02
4.415595903992652893e-02
4.415488243103027344e-02
4.415380954742431641e-02
4.415273293852806091e-02
4.415166378021240234e-02
4.415058344602584839e-02
4.414950683712959290e-02
4.414842650294303894e-02
4.414734989404678345e-02
4.414627701044082642e-02
4.414521530270576477e-02
4.414413496851921082e-02
4.414306208491325378e-02
4.414198175072669983e-02
4.414091631770133972e-02
4.413985833525657654e-02
4.413878172636032104e-02
4.413769766688346863e-02
4.413662850856781006e-02
4.413555935025215149e-02
4.413449019193649292e-02
4.413341358304023743e-02
4.413235932588577271e-02
4.413127899169921875e-02
4.413020610809326172e-02
4.412913694977760315e-02
4.412807151675224304e-02
4.412700608372688293e-02
4.412594437599182129e-02
4.412487894296646118e-02
4.412380233407020569e-02
4.412273690104484558e-02
4.412167146801948547e-02
4.412060603499412537e-02
4.411953687667846680e-02
4.411847516894340515e-02
4.411741346120834351e-02
4.411634430289268494e-02
4.411528632044792175e-02
4.411422088742256165e-02
4.411314800381660461e-02
4.411208257079124451e-02
4.411102458834648132e-02
4.410997033119201660e-02
4.410890117287635803e-02
4.410783201456069946e-02
4.410677030682563782e-02
4.410571977496147156e-02
4.410464689135551453e-02
4.410359635949134827e-02
4.410253465175628662e-02
4.410147294402122498e-02
4.410040378570556641e-02
4.409934580326080322e-02
4.409829154610633850e-02
4.409723356366157532e-02
4.409616813063621521e-02
4.409511387348175049e-02
4.409405589103698730e-02
4.409299790859222412e-02
4.409193620085716248e-02
4.409088194370269775e-02
4.408982396125793457e-02
4.408876597881317139e-02
4.408770799636840820e-02
4.408665373921394348e-02
4.408559575676918030e-02
4.408454149961471558e-02
4.408349096775054932e-02
4.408242926001548767e-02
4.408137500286102295e-02
4.408031702041625977e-02
4.407925903797149658e-02
4.407821223139762878e-02
4.407714679837226868e-02
4.407609626650810242e-02
4.407504573464393616e-02
4.407399520277976990e-02
4.407293722033500671e-02
4.407188296318054199e-02
4.407083243131637573e-02
4.406978189945220947e-02
4.406873136758804321e-02
4.406768083572387695e-02
4.406662657856941223e-02
4.406557232141494751e-02
4.406452551484107971e-02
4.406347498297691345e-02
4.406243190169334412e-02
4.406137764453887939e-02
4.406032711267471313e-02
4.405927285552024841e-02
4.405823349952697754e-02
4.405718296766281128e-02
4.405613243579864502e-02
4.405508935451507568e-02
4.405403509736061096e-02
4.405298829078674316e-02
4.405193403363227844e-02
4.405089467763900757e-02
4.404984787106513977e-02
4.404880478978157043e-02
4.404775425791740417e-02
4.404670745134353638e-02
4.404566809535026550e-02
4.404461756348609924e-02
4.404357075691223145e-02
4.404252767562866211e-02
4.404148086905479431e-02
4.404043406248092651e-02
4.403939098119735718e-02
4.403834789991378784e-02
4.403730481863021851e-02
4.403625801205635071e-02
4.403521865606307983e-02
4.403417184948921204e-02
4.403312876820564270e-02
4.403209313750267029e-02
4.403105005621910095e-02
4.403000697493553162e-02
4.402897134423255920e-02
4.402792826294898987e-02
4.402689263224601746e-02
4.402584210038185120e-02
4.402480646967887878e-02
4.402375966310501099e-02
4.402272403240203857e-02
4.402168095111846924e-02
4.402064159512519836e-02
4.401960596442222595e-02
4.401856288313865662e-02
4.401751607656478882e-02
4.401648417115211487e-02
4.401545226573944092e-02
4.401440918445587158e-02
4.401337355375289917e-02
4.401233419775962830e-02
4.401130229234695435e-02
4.401025548577308655e-02
4.400922730565071106e-02
4.400818794965744019e-02
4.400714859366416931e-02
4.400612413883209229e-02
4.400508105754852295e-02
4.400404542684555054e-02
4.400301352143287659e-02
4.400197789072990417e-02
4.400093480944633484e-02
4.399990290403366089e-02
4.399887099862098694e-02
4.399783909320831299e-02
4.399680346250534058e-02
4.399577155709266663e-02
4.399473592638969421e-02
4.399369657039642334e-02
4.399266839027404785e-02
4.399163275957107544e-02
4.399060085415840149e-02
4.398957639932632446e-02
4.398853704333305359e-02
4.398750886321067810e-02
4.398647323250770569e-02
4.398544877767562866e-02
4.398441314697265625e-02
4.398338496685028076e-02
4.398235306143760681e-02
4.398132488131523132e-02
4.398029670119285583e-02
4.397926479578018188e-02
4.397824034094810486e-02
4.397720843553543091e-02
4.397617653012275696e-02
4.397514462471008301e-02
4.397412016987800598e-02
4.397308826446533203e-02
4.397206380963325500e-02
4.397103190422058105e-02
4.397000744938850403e-02
4.396898671984672546e-02
4.396795481443405151e-02
4.396692663431167603e-02
4.396590590476989746e-02
4.396487027406692505e-02
4.396384954452514648e-02
4.396282508969306946e-02
4.396179318428039551e-02
4.396077990531921387e-02
4.395974427461624146e-02
4.395872727036476135e-02
4.395769536495208740e-02
4.395667091012001038e-02
4.395564272999763489e-02
4.395462200045585632e-02
4.395359009504318237e-02
4.395256936550140381e-02
4.395154863595962524e-02
4.395053163170814514e-02
4.394950345158576965e-02
4.394847899675369263e-02
4.394746571779251099e-02
4.394643381237983704e-02
4.394541680812835693e-02
4.394439235329627991e-02
4.394336417317390442e-02
4.394235089421272278e-02
4.394133388996124268e-02
4.394031316041946411e-02
4.393928870558738708e-02
4.393826425075531006e-02
4.393724352121353149e-02
4.393621906638145447e-02
4.393520951271057129e-02
4.393418505787849426e-02
4.393316060304641724e-02
4.393215104937553406e-02
4.393112659454345703e-02
4.393010959029197693e-02
4.392908513545989990e-02
4.392807185649871826e-02
4.392705857753753662e-02
4.392603412270545959e-02
4.392502084374427795e-02
4.392399266362190247e-02
4.392297565937042236e-02
4.392195865511894226e-02
4.392094537615776062e-02
4.391993209719657898e-02
4.391891509294509888e-02
4.391790181398391724e-02
4.391688853502273560e-02
4.391587525606155396e-02
4.391486197710037231e-02
4.391384124755859375e-02
4.391282796859741211e-02
4.391181096434593201e-02
4.391080141067504883e-02
4.390978068113327026e-02
4.390876367688179016e-02
4.390775784850120544e-02
4.390674084424972534e-02
4.390572383999824524e-02
4.390471056103706360e-02
4.390370845794677734e-02
4.390268400311470032e-02
4.390167444944381714e-02
4.390066489577293396e-02
4.389965161681175232e-02
4.389864206314086914e-02
4.389763250946998596e-02
4.389661550521850586e-02
4.389561340212821960e-02
4.389459639787673950e-02
4.389359056949615479e-02
4.389257729053497314e-02
4.389156401157379150e-02
4.389056190848350525e-02
4.388953745365142822e-02
4.388853535056114197e-02
4.388752207159996033e-02
4.388651251792907715e-02
4.388550296425819397e-02
4.388449341058731079e-02
4.388349130749702454e-02
4.388247802853584290e-02
4.388146847486495972e-02
4.388047009706497192e-02
4.387945681810379028e-02
4.387844726443290710e-02
4.387745261192321777e-02
4.387644305825233459e-02
4.387543350458145142e-02
4.387443140149116516e-02
4.387342184782028198e-02
4.387241601943969727e-02
4.387141391634941101e-02
4.387040436267852783e-02
4.386939853429794312e-02
4.386839643120765686e-02
4.386739060282707214e-02
4.386637732386589050e-02
4.386537522077560425e-02
4.386437311768531799e-02
4.386337101459503174e-02
4.386236891150474548e-02
4.386136308312416077e-02
4.386036098003387451e-02
4.385935887694358826e-02
4.385836049914360046e-02
4.385734722018241882e-02
4.385634139180183411e-02
4.385534673929214478e-02
4.385434091091156006e-02
4.385334625840187073e-02
4.385234788060188293e-02
4.385134577751159668e-02
4.385033994913101196e-02
4.384934529662132263e-02
4.384833946824073792e-02
4.384733736515045166e-02
4.384633526206016541e-02
4.384533315896987915e-02
4.384432360529899597e-02
4.384333640336990356e-02
4.384233802556991577e-02
4.384134337306022644e-02
4.384034499526023865e-02
4.383934289216995239e-02
4.383834078907966614e-02
4.383734613656997681e-02
4.383634775876998901e-02
4.383535310626029968e-02
4.383435100317001343e-02
4.383335635066032410e-02
4.383234679698944092e-02
4.383135214447975159e-02
4.383035749197006226e-02
4.382935911417007446e-02
4.382836818695068359e-02
4.382737353444099426e-02
4.382636770606040955e-02
4.382538050413131714e-02
4.382437840104103088e-02
4.382339492440223694e-02
4.382240027189254761e-02
4.382139444351196289e-02
4.382039979100227356e-02
4.381940141320228577e-02
4.381841048598289490e-02
4.381742700934410095e-02
4.381642863154411316e-02
4.381543397903442383e-02
4.381444305181503296e-02
4.381344467401504517e-02
4.381246119737625122e-02
4.381146281957626343e-02
4.381047934293746948e-02
4.380948469042778015e-02
4.380849003791809082e-02
4.380749538540840149e-02
4.380650818347930908e-02
4.380552098155021667e-02
4.380451887845993042e-02
4.380353912711143494e-02
4.380254447460174561e-02
4.380155727267265320e-02
4.380056634545326233e-02
4.379957914352416992e-02
4.379858821630477905e-02
4.379760101437568665e-02
4.379660636186599731e-02
4.379562661051750183e-02
