2.521787583827972412e-01
2.521590590476989746e-01
2.521394789218902588e-01
2.521200478076934814e-01
2.521008253097534180e-01
2.520817220211029053e-01
2.520628869533538818e-01
2.520441412925720215e-01
2.520255744457244873e-01
2.520071566104888916e-01
2.519889771938323975e-01
2.519708871841430664e-01
2.519529759883880615e-01
2.519351541996002197e-01
2.519175708293914795e-01
2.519000768661499023e-01
2.518827617168426514e-01
2.518656253814697266e-01
2.518486082553863525e-01
2.518317103385925293e-01
2.518149614334106445e-01
2.517983913421630859e-01
2.517819106578826904e-01
2.517656981945037842e-01
2.517494261264801025e-01
2.517333626747131348e-01
2.517174780368804932e-01
2.517017424106597900e-01
2.516860961914062500e-01
2.516705095767974854e-01
2.516551613807678223e-01
2.516398727893829346e-01
2.516247034072875977e-01
2.516097128391265869e-01
2.515948116779327393e-01
2.515800297260284424e-01
2.515653669834136963e-01
2.515508532524108887e-01
2.515364289283752441e-01
2.515221536159515381e-01
2.515079379081726074e-01
2.514938712120056152e-01
2.514798939228057861e-01
2.514660060405731201e-01
2.514522373676300049e-01
2.514385879039764404e-01
2.514250576496124268e-01
2.514115571975708008e-01
2.513982057571411133e-01
2.513849735260009766e-01
2.513718008995056152e-01
2.513587474822998047e-01
2.513457834720611572e-01
2.513329386711120605e-01
2.513202130794525146e-01
2.513074874877929688e-01
2.512949109077453613e-01
2.512823939323425293e-01
2.512699961662292480e-01
2.512577176094055176e-01
2.512454092502593994e-01
2.512333393096923828e-01
2.512212097644805908e-01
2.512092292308807373e-01
2.511973083019256592e-01
2.511855363845825195e-01
2.511737644672393799e-01
2.511620819568634033e-01
2.511505186557769775e-01
2.511389851570129395e-01
2.511275112628936768e-01
2.511161565780639648e-01
2.511048614978790283e-01
2.510936558246612549e-01
2.510825097560882568e-01
2.510714530944824219e-01
2.510603964328765869e-01
2.510494887828826904e-01
2.510385811328887939e-01
2.510277926921844482e-01
2.510170638561248779e-01
2.510063648223876953e-01
2.509957253932952881e-01
2.509851455688476562e-01
2.509746551513671875e-01
2.509642243385314941e-01
2.509538233280181885e-01
2.509435117244720459e-01
2.509332001209259033e-01
2.509230375289916992e-01
2.509128451347351074e-01
2.509027421474456787e-01
2.508926987648010254e-01
2.508826851844787598e-01
2.508727908134460449e-01
2.508628964424133301e-01
2.508530318737030029e-01
2.508432567119598389e-01
2.508334815502166748e-01
2.508237957954406738e-01
2.508141696453094482e-01
2.508045732975006104e-01
2.507950067520141602e-01
2.507855296134948730e-01
2.507760822772979736e-01
2.507666945457458496e-01
2.507573068141937256e-01
2.507479786872863770e-01
2.507386803627014160e-01
2.507294416427612305e-01
2.507202625274658203e-01
2.507110834121704102e-01
2.507019639015197754e-01
2.506928741931915283e-01
2.506838440895080566e-01
2.506748735904693604e-01
2.506658732891082764e-01
2.506569325923919678e-01
2.506480813026428223e-01
2.506391704082489014e-01
2.506303489208221436e-01
2.506215870380401611e-01
2.506128251552581787e-01
2.506041824817657471e-01
2.505954802036285400e-01
2.505868375301361084e-01
2.505782842636108398e-01
2.505696713924407959e-01
2.505611479282379150e-01
2.505526244640350342e-01
2.505441308021545410e-01
2.505357563495635986e-01
2.505273520946502686e-01
2.505189776420593262e-01
2.505106031894683838e-01
2.505022883415222168e-01
2.504939734935760498e-01
2.504857182502746582e-01
2.504774928092956543e-01
2.504692375659942627e-01
2.504610121250152588e-01
2.504528760910034180e-01
2.504447996616363525e-01
2.504367232322692871e-01
2.504286170005798340e-01
2.504206597805023193e-01
2.504126429557800293e-01
2.504046857357025146e-01
2.503967583179473877e-01
2.503888309001922607e-01
2.503809332847595215e-01
2.503730356693267822e-01
2.503651976585388184e-01
2.503574490547180176e-01
2.503496408462524414e-01
2.503418922424316406e-01
2.503341436386108398e-01
2.503264248371124268e-01
2.503187358379364014e-01
2.503111064434051514e-01
2.503035068511962891e-01
2.502959072589874268e-01
2.502883374691009521e-01
2.502807676792144775e-01
2.502732574939727783e-01
2.502657473087310791e-01
2.502582967281341553e-01
2.502508461475372314e-01
2.502434551715850830e-01
2.502360343933105469e-01
2.502286732196807861e-01
2.502213418483734131e-01
2.502140402793884277e-01
2.502067387104034424e-01
2.501994371414184570e-01
2.501922547817230225e-01
2.501850426197052002e-01
2.501778304576873779e-01
2.501706779003143311e-01
2.501635253429412842e-01
2.501564919948577881e-01
2.501493990421295166e-01
2.501423358917236328e-01
2.501352727413177490e-01
2.501282691955566406e-01
2.501213252544403076e-01
2.501143813133239746e-01
2.501074969768524170e-01
2.501006126403808594e-01
2.500937283039093018e-01
2.500869333744049072e-01
2.500801384449005127e-01
2.500733435153961182e-01
2.500666081905364990e-01
2.500598430633544922e-01
2.500531375408172607e-01
2.500465810298919678e-01
2.500399053096771240e-01
2.500332891941070557e-01
2.500267028808593750e-01
2.500201463699340820e-01
2.500136196613311768e-01
2.500070929527282715e-01
2.500006854534149170e-01
2.499942332506179810e-01
2.499877810478210449e-01
2.499814629554748535e-01
2.499750852584838867e-01
2.499687671661376953e-01
2.499624937772750854e-01
2.499562352895736694e-01
2.499500364065170288e-01
2.499438375234603882e-01
2.499376535415649414e-01
2.499315589666366577e-01
2.499254494905471802e-01
2.499193847179412842e-01
2.499133646488189697e-01
2.499073594808578491e-01
2.499013841152191162e-01
2.498954832553863525e-01
2.498895376920700073e-01
2.498837262392044067e-01
2.498778700828552246e-01
2.498720437288284302e-01
2.498662918806076050e-01
2.498605400323867798e-01
2.498548179864883423e-01
2.498491257429122925e-01
2.498435378074645996e-01
2.498379051685333252e-01
2.498323172330856323e-01
2.498267740011215210e-01
2.498212903738021851e-01
2.498157918453216553e-01
2.498103231191635132e-01
2.498049736022949219e-01
2.497996091842651367e-01
2.497942894697189331e-01
2.497889548540115356e-01
2.497836798429489136e-01
2.497784793376922607e-01
2.497732788324356079e-01
2.497680783271789551e-01
2.497629821300506592e-01
2.497578114271163940e-01
2.497527748346328735e-01
2.497476935386657715e-01
2.497427016496658325e-01
2.497377544641494751e-01
2.497328519821166992e-01
2.497278898954391479e-01
2.497230470180511475e-01
2.497182041406631470e-01
2.497134506702423096e-01
2.497086822986602783e-01
2.497039437294006348e-01
2.496992349624633789e-01
2.496945708990097046e-01
2.496899515390396118e-01
2.496853768825531006e-01
2.496808320283889771e-01
2.496762871742248535e-01
2.496717721223831177e-01
2.496673166751861572e-01
2.496629506349563599e-01
2.496585249900817871e-01
2.496541738510131836e-01
2.496498227119445801e-01
2.496455460786819458e-01
2.496412694454193115e-01
2.496370375156402588e-01
2.496328949928283691e-01
2.496287077665328979e-01
2.496246099472045898e-01
2.496204674243927002e-01
2.496164292097091675e-01
2.496124058961868286e-01
2.496083825826644897e-01
2.496044635772705078e-01
2.496005147695541382e-01
2.495966404676437378e-01
2.495927661657333374e-01
2.495889961719512939e-01
2.495851516723632812e-01
2.495813965797424316e-01
2.495776861906051636e-01
2.495739310979843140e-01
2.495702952146530151e-01
2.495666444301605225e-01
2.495630383491516113e-01
2.495594620704650879e-01
2.495559006929397583e-01
2.495523691177368164e-01
2.495488971471786499e-01
2.495454251766204834e-01
2.495419979095458984e-01
2.495386451482772827e-01
2.495352476835250854e-01
2.495318949222564697e-01
2.495285868644714355e-01
2.495253086090087891e-01
2.495220452547073364e-01
2.495187968015670776e-01
2.495156079530715942e-01
2.495124191045761108e-01
2.495092898607254028e-01
2.495061904191970825e-01
2.495031058788299561e-01
2.495000362396240234e-01
2.494970262050628662e-01
2.494940161705017090e-01
2.494910359382629395e-01
2.494880855083465576e-01
2.494851499795913696e-01
2.494822442531585693e-01
2.494793981313705444e-01
2.494765371084213257e-01
2.494736909866333008e-01
2.494709193706512451e-01
2.494681626558303833e-01
2.494654059410095215e-01
2.494626790285110474e-01
2.494599670171737671e-01
2.494572848081588745e-01
2.494546175003051758e-01
2.494519799947738647e-01
2.494494169950485229e-01
2.494468241930007935e-01
2.494442462921142578e-01
2.494417577981948853e-01
2.494392096996307373e-01
2.494367361068725586e-01
2.494342625141143799e-01
2.494317740201950073e-01
2.494293600320816040e-01
2.494269907474517822e-01
2.494245916604995728e-01
2.494222372770309448e-01
2.494199424982070923e-01
2.494176477193832397e-01
2.494153678417205811e-01
2.494130879640579224e-01
2.494108080863952637e-01
2.494085729122161865e-01
2.494063377380371094e-01
2.494041472673416138e-01
2.494020164012908936e-01
2.493998855352401733e-01
2.493977397680282593e-01
2.493956089019775391e-01
2.493935078382492065e-01
2.493914514780044556e-01
2.493893951177597046e-01
2.493873536586761475e-01
2.493853271007537842e-01
2.493833154439926147e-01
2.493812888860702515e-01
2.493793666362762451e-01
2.493774145841598511e-01
2.493754625320434570e-01
2.493735700845718384e-01
2.493716627359390259e-01
2.493697851896286011e-01
2.493679076433181763e-01
2.493660300970077515e-01
2.493642419576644897e-01
2.493623644113540649e-01
2.493606060743331909e-01
2.493588179349899292e-01
2.493570595979690552e-01
2.493552565574645996e-01
2.493535131216049194e-01
2.493518292903900146e-01
2.493500858545303345e-01
2.493484169244766235e-01
2.493467032909393311e-01
2.493450492620468140e-01
2.493434101343154907e-01
2.493417263031005859e-01
2.493401318788528442e-01
2.493385225534439087e-01
2.493368983268737793e-01
2.493353039026260376e-01
2.493337094783782959e-01
2.493321597576141357e-01
2.493306249380111694e-01
2.493290752172470093e-01
2.493275851011276245e-01
2.493260353803634644e-01
2.493245601654052734e-01
2.493230700492858887e-01
2.493216097354888916e-01
2.493200898170471191e-01
2.493186891078948975e-01
2.493172585964202881e-01
2.493157982826232910e-01
2.493144273757934570e-01
2.493129968643188477e-01
2.493116110563278198e-01
2.493102252483367920e-01
2.493088543415069580e-01
2.493074387311935425e-01
2.493060976266860962e-01
2.493047565221786499e-01
2.493034303188323975e-01
2.493021041154861450e-01
2.493008226156234741e-01
2.492994964122772217e-01
2.492982447147369385e-01
2.492969185113906860e-01
2.492956817150115967e-01
2.492944300174713135e-01
2.492931783199310303e-01
2.492919266223907471e-01
2.492906898260116577e-01
2.492894679307937622e-01
2.492882758378982544e-01
2.492870390415191650e-01
2.492858767509460449e-01
2.492846995592117310e-01
2.492834925651550293e-01
2.492822855710983276e-01
2.492811828851699829e-01
2.492800503969192505e-01
2.492788434028625488e-01
2.492777407169342041e-01
2.492766231298446655e-01
2.492755055427551270e-01
2.492743432521820068e-01
2.492732405662536621e-01
2.492721378803253174e-01
2.492710500955581665e-01
2.492700070142745972e-01
2.492689043283462524e-01
2.492678314447402954e-01
2.492668032646179199e-01
2.492657303810119629e-01
2.492646425962448120e-01
2.492636442184448242e-01
2.492626011371612549e-01
2.492615729570388794e-01
2.492605447769165039e-01
2.492595314979553223e-01
2.492585033178329468e-01
2.492575347423553467e-01
2.492565512657165527e-01
2.492555528879165649e-01
2.492545992136001587e-01
2.492536455392837524e-01
2.492526322603225708e-01
2.492516934871673584e-01
2.492507398128509521e-01
2.492498010396957397e-01
2.492488324642181396e-01
2.492479234933853149e-01
2.492469549179077148e-01
2.492460459470748901e-01
2.492451369762420654e-01
2.492442131042480469e-01
2.492433190345764160e-01
2.492424249649047852e-01
2.492415308952331543e-01
2.492406666278839111e-01
2.492397576570510864e-01
2.492388486862182617e-01
2.492380440235137939e-01
2.492371350526809692e-01
2.492363005876541138e-01
2.492354214191436768e-01
2.492345422506332397e-01
2.492337226867675781e-01
2.492328584194183350e-01
2.492320537567138672e-01
2.492312490940093994e-01
2.492303550243377686e-01
2.492295205593109131e-01
2.492287307977676392e-01
2.492279559373855591e-01
2.492270767688751221e-01
2.492262870073318481e-01
2.492254525423049927e-01
2.492246478796005249e-01
2.492238432168960571e-01
2.492230683565139771e-01
2.492222934961318970e-01
2.492214888334274292e-01
2.492206990718841553e-01
2.492199391126632690e-01
2.492192089557647705e-01
2.492184042930603027e-01
2.492176592350006104e-01
2.492168843746185303e-01
2.492161244153976440e-01
2.492153793573379517e-01
2.492146193981170654e-01
2.492139339447021484e-01
2.492131739854812622e-01
2.492124736309051514e-01
2.492117136716842651e-01
