2.446428872644901276e-02
2.446322143077850342e-02
2.446215786039829254e-02
2.446109056472778320e-02
2.446002513170242310e-02
2.445895038545131683e-02
2.445789240300655365e-02
2.445682138204574585e-02
2.445575781166553497e-02
2.445468865334987640e-02
2.445362508296966553e-02
2.445255778729915619e-02
2.445148862898349762e-02
2.445042505860328674e-02
2.444935403764247894e-02
2.444829232990741730e-02
2.444722503423690796e-02
2.444615587592124939e-02
2.444509044289588928e-02
2.444402500987052917e-02
2.444295585155487061e-02
2.444189414381980896e-02
2.444082498550415039e-02
2.443975955247879028e-02
2.443869411945343018e-02
2.443762868642807007e-02
2.443655952811241150e-02
2.443549223244190216e-02
2.443442307412624359e-02
2.443335950374603271e-02
2.443229593336582184e-02
2.443123050034046173e-02
2.443016134202480316e-02
2.442909218370914459e-02
2.442802488803863525e-02
2.442696318030357361e-02
2.442589774727821350e-02
2.442482672631740570e-02
2.442376129329204559e-02
2.442269399762153625e-02
2.442162856459617615e-02
2.442056126892566681e-02
2.441949397325515747e-02
2.441843226552009583e-02
2.441736496984958649e-02
2.441630139946937561e-02
2.441523596644401550e-02
2.441416494548320770e-02
2.441309951245784760e-02
2.441203966736793518e-02
2.441097237169742584e-02
2.440990507602691650e-02
2.440883964300155640e-02
2.440777048468589783e-02
2.440670505166053772e-02
2.440563775599002838e-02
2.440457232296466827e-02
2.440349943935871124e-02
2.440243586897850037e-02
2.440137229859828949e-02
2.440030314028263092e-02
2.439924515783786774e-02
2.439817227423191071e-02
2.439710870385169983e-02
2.439604327082633972e-02
2.439497411251068115e-02
2.439391054213047028e-02
2.439283765852451324e-02
2.439177222549915314e-02
2.439071238040924072e-02
2.438964135944843292e-02
2.438857965171337128e-02
2.438751235604286194e-02
2.438644692301750183e-02
2.438537590205669403e-02
2.438431046903133392e-02
2.438324317336082458e-02
2.438217401504516602e-02
2.438110858201980591e-02
2.438004501163959503e-02
2.437897957861423492e-02
2.437791228294372559e-02
2.437684871256351471e-02
2.437577582895755768e-02
2.437471225857734680e-02
2.437364310026168823e-02
2.437257952988147736e-02
2.437151968479156494e-02
2.437044307589530945e-02
2.436937950551509857e-02
2.436831220984458923e-02
2.436725050210952759e-02
2.436617948114871979e-02
2.436510846018791199e-02
2.436404675245285034e-02
2.436297386884689331e-02
2.436190657317638397e-02
2.436084300279617310e-02
2.435977570712566376e-02
2.435871213674545288e-02
2.435764297842979431e-02
2.435657195746898651e-02
2.435550466179847717e-02
2.435444295406341553e-02
2.435337007045745850e-02
2.435230650007724762e-02
2.435123734176158905e-02
2.435017004609107971e-02
2.434910275042057037e-02
2.434803731739521027e-02
2.434697002172470093e-02
2.434590086340904236e-02
2.434483729302883148e-02
2.434377186000347137e-02
2.434269897639751434e-02
2.434163726866245270e-02
2.434056438505649567e-02
2.433949522674083710e-02
2.433843165636062622e-02
2.433735877275466919e-02
2.433629706501960754e-02
2.433522790670394897e-02
2.433415688574314117e-02
2.433308959007263184e-02
2.433201856911182404e-02
2.433095499873161316e-02
2.432988770306110382e-02
2.432881854474544525e-02
2.432775497436523438e-02
2.432668395340442657e-02
2.432561479508876801e-02
2.432454749941825867e-02
2.432348020374774933e-02
2.432241104543209076e-02
2.432134188711643219e-02
2.432027459144592285e-02
2.431920729577541351e-02
2.431813627481460571e-02
2.431707456707954407e-02
2.431600168347358704e-02
2.431493438780307770e-02
2.431386895477771759e-02
2.431279979646205902e-02
2.431173250079154968e-02
2.431066893041133881e-02
2.430959232151508331e-02
2.430852875113487244e-02
2.430745400488376617e-02
2.430639043450355530e-02
2.430532313883304596e-02
2.430425025522708893e-02
2.430318482220172882e-02
2.430211193859577179e-02
2.430104278028011322e-02
2.429997548460960388e-02
2.429890818893909454e-02
2.429783716797828674e-02
2.429676987230777740e-02
2.429570257663726807e-02
2.429463528096675873e-02
2.429356612265110016e-02
2.429249510169029236e-02
2.429143153131008148e-02
2.429035864770412445e-02
2.428929135203361511e-02
2.428822033107280731e-02
2.428715676069259644e-02
2.428608387708663940e-02
2.428501844406127930e-02
2.428394742310047150e-02
2.428288385272026062e-02
2.428180724382400513e-02
2.428073994815349579e-02
2.427967078983783722e-02
2.427860721945762634e-02
2.427753992378711700e-02
2.427646890282630920e-02
2.427540346980094910e-02
2.427433244884014130e-02
2.427325956523418427e-02
2.427219785749912262e-02
2.427112497389316559e-02
2.427005395293235779e-02
2.426898665726184845e-02
2.426791563630104065e-02
2.426685020327568054e-02
2.426577918231487274e-02
2.426471374928951263e-02
2.426364272832870483e-02
2.426257357001304626e-02
2.426150441169738770e-02
2.426043339073657990e-02
2.425936609506607056e-02
2.425830066204071045e-02
2.425723336637020111e-02
2.425615862011909485e-02
2.425508946180343628e-02
2.425402402877807617e-02
2.425296045839786530e-02
2.425188384950160980e-02
2.425082214176654816e-02
2.424974925816059113e-02
2.424868009984493256e-02
2.424761280417442322e-02
2.424654550850391388e-02
2.424547821283340454e-02
2.424441277980804443e-02
2.424334548413753510e-02
2.424227632582187653e-02
2.424120344221591949e-02
2.424013428390026093e-02
2.423907630145549774e-02
2.423799969255924225e-02
2.423693612217903137e-02
2.423586510121822357e-02
2.423480153083801270e-02
2.423373050987720490e-02
2.423266693949699402e-02
2.423159964382648468e-02
2.423053048551082611e-02
2.422946318984031677e-02
2.422840334475040436e-02
2.422733232378959656e-02
2.422626316547393799e-02
2.422519773244857788e-02
2.422412484884262085e-02
2.422305941581726074e-02
2.422199584543704987e-02
2.422093413770198822e-02
2.421986311674118042e-02
2.421879395842552185e-02
2.421773597598075867e-02
2.421666495501995087e-02
2.421560138463973999e-02
2.421453036367893219e-02
2.421346679329872131e-02
2.421239577233791351e-02
2.421133406460285187e-02
2.421026863157749176e-02
2.420920319855213165e-02
2.420813590288162231e-02
2.420707419514656067e-02
2.420600876212120056e-02
2.420494146645069122e-02
2.420387789607048035e-02
2.420281060039997101e-02
2.420175261795520782e-02
2.420068345963954926e-02
2.419961616396903992e-02
2.419855445623397827e-02
2.419748716056346893e-02
2.419643104076385498e-02
2.419536374509334564e-02
2.419429831206798553e-02
2.419323660433292389e-02
2.419217303395271301e-02
2.419110760092735291e-02
2.419004589319229126e-02
2.418898232281208038e-02
2.418792434036731720e-02
2.418685890734195709e-02
2.418579719960689545e-02
2.418473735451698303e-02
2.418367005884647369e-02
2.418261021375656128e-02
2.418155223131179810e-02
2.418048866093158722e-02
2.417942322790622711e-02
2.417836524546146393e-02
2.417730540037155151e-02
2.417624182999134064e-02
2.417518384754657745e-02
2.417412213981151581e-02
2.417306602001190186e-02
2.417200058698654175e-02
2.417094632983207703e-02
2.416988462209701538e-02
2.416882477700710297e-02
2.416776679456233978e-02
2.416670881211757660e-02
2.416565082967281342e-02
2.416459098458290100e-02
2.416353113949298859e-02
2.416247315704822540e-02
2.416141144931316376e-02
2.416035905480384827e-02
2.415929920971393585e-02
2.415823936462402344e-02
2.415718324482440948e-02
2.415612339973449707e-02
2.415507473051548004e-02
2.415401674807071686e-02
2.415296249091625214e-02
2.415190637111663818e-02
2.415084466338157654e-02
2.414979413151741028e-02
2.414873987436294556e-02
2.414768747985363007e-02
2.414662390947341919e-02
2.414557896554470062e-02
2.414452284574508667e-02
2.414346858859062195e-02
2.414241433143615723e-02
2.414136193692684174e-02
2.414031140506267548e-02
2.413925342261791229e-02
2.413820475339889526e-02
2.413714863359928131e-02
2.413610182702541351e-02
2.413504756987094879e-02
2.413399890065193176e-02
2.413294650614261627e-02
2.413189969956874847e-02
2.413084916770458221e-02
2.412979863584041595e-02
2.412874251604080200e-02
2.412769570946693420e-02
2.412664704024791718e-02
2.412560209631919861e-02
2.412454783916473389e-02
2.412350475788116455e-02
2.412245422601699829e-02
2.412140555679798126e-02
2.412036061286926270e-02
2.411931380629539490e-02
2.411826699972152710e-02
2.411722019314765930e-02
2.411617338657379150e-02
2.411512844264507294e-02
2.411407977342605591e-02
2.411303855478763580e-02
2.411199174821376801e-02
2.411095425486564636e-02
2.410990558564662933e-02
2.410886250436306000e-02
2.410782128572463989e-02
2.410677261650562286e-02
2.410573326051235199e-02
2.410469017922878265e-02
2.410364709794521332e-02
2.410260587930679321e-02
2.410156466066837311e-02
2.410052344202995300e-02
2.409948036074638367e-02
2.409844473004341125e-02
2.409740537405014038e-02
2.409636601805686951e-02
2.409532852470874786e-02
2.409429103136062622e-02
2.409324795007705688e-02
2.409221418201923370e-02
2.409117110073566437e-02
2.409013733267784119e-02
2.408909983932971954e-02
2.408806048333644867e-02
2.408702485263347626e-02
2.408598922193050385e-02
2.408495545387268066e-02
2.408391609787940979e-02
2.408288046717643738e-02
2.408184856176376343e-02
2.408081293106079102e-02
2.407977730035781860e-02
2.407875284552574158e-02
2.407771535217761993e-02
2.407668158411979675e-02
2.407565154135227203e-02
2.407461591064929962e-02
2.407358586788177490e-02
2.407255582511425018e-02
2.407152764499187469e-02
2.407049387693405151e-02
2.406946197152137756e-02
2.406843751668930054e-02
2.406740561127662659e-02
2.406637743115425110e-02
2.406534552574157715e-02
2.406432107090950012e-02
2.406329475343227386e-02
2.406226657330989838e-02
2.406123839318752289e-02
2.406021393835544586e-02
2.405918203294277191e-02
2.405816130340099335e-02
2.405713126063346863e-02
2.405611425638198853e-02
2.405508793890476227e-02
2.405406162142753601e-02
2.405303530395030975e-02
2.405201457440853119e-02
2.405098639428615570e-02
2.404997311532497406e-02
2.404894493520259857e-02
2.404792420566082001e-02
2.404689975082874298e-02
2.404588088393211365e-02
2.404486201703548431e-02
2.404383383691310883e-02
2.404281683266162872e-02
2.404179982841014862e-02
2.404078096151351929e-02
2.403976209461688995e-02
2.403874136507511139e-02
2.403772436082363129e-02
2.403670549392700195e-02
2.403569035232067108e-02
2.403467521071434021e-02
2.403365634381771088e-02
2.403264492750167847e-02
2.403162792325019836e-02
2.403061091899871826e-02
2.402959577739238739e-02
2.402858622372150421e-02
2.402756735682487488e-02
2.402655407786369324e-02
2.402554079890251160e-02
2.402452938258647919e-02
2.402351982891559601e-02
2.402250282466411591e-02
2.402148768305778503e-02
2.402048557996749878e-02
2.401946485042572021e-02
2.401845715939998627e-02
2.401744574308395386e-02
2.401643432676792145e-02
2.401542663574218750e-02
2.401442080736160278e-02
2.401341125369071960e-02
2.401240170001983643e-02
2.401139214634895325e-02
2.401038818061351776e-02
2.400938421487808228e-02
2.400837466120719910e-02
2.400736697018146515e-02
2.400636300444602966e-02
2.400536276400089264e-02
2.400435321033000946e-02
2.400334924459457397e-02
2.400234714150428772e-02
2.400134131312370300e-02
2.400033734738826752e-02
2.399933338165283203e-02
2.399833127856254578e-02
2.399733290076255798e-02
2.399633079767227173e-02
2.399532496929168701e-02
2.399432286620140076e-02
2.399332448840141296e-02
2.399232611060142517e-02
2.399132028222084045e-02
2.399033121764659882e-02
2.398932725191116333e-02
2.398832887411117554e-02
2.398733049631118774e-02
2.398633770644664764e-02
2.398533374071121216e-02
2.398433908820152283e-02
2.398333698511123657e-02
2.398234792053699493e-02
2.398134395480155945e-02
2.398035116493701935e-02
2.397936023771762848e-02
2.397836372256278992e-02
2.397736907005310059e-02
2.397637255489826202e-02
2.397538349032402039e-02
2.397438324987888336e-02
2.397338859736919403e-02
2.397239953279495239e-02
2.397140674293041229e-02
2.397041395306587219e-02
2.396942488849163055e-02
2.396843023598194122e-02
2.396744303405284882e-02
2.396644838154315948e-02
2.396546117961406708e-02
2.396447211503982544e-02
2.396348118782043457e-02
2.396249398589134216e-02
2.396150119602680206e-02
2.396051958203315735e-02
2.395953051745891571e-02
2.395854331552982330e-02
2.395755425095558167e-02
2.395656891167163849e-02
2.395558170974254608e-02
2.395459450781345367e-02
2.395361103117465973e-02
2.395262382924556732e-02
2.395163662731647491e-02
2.395065128803253174e-02
2.394967339932918549e-02
2.394868619740009308e-02
2.394770272076129913e-02
2.394672483205795288e-02
2.394574321806430817e-02
2.394475415349006653e-02
2.394377253949642181e-02
2.394279278814792633e-02
2.394181117415428162e-02
