-1.280294895172119141e+00
-2.764312982559204102e+00
-1.289432883262634277e+00
-1.641603350639343262e+00
-1.707510650157928467e-01
3.975969254970550537e-01
-3.295852839946746826e-01
-4.639256000518798828e-01
1.797395348548889160e+00
-3.069906473159790039e+00
2.336907863616943359e+00
7.413461804389953613e-01
-8.466738462448120117e-01
-1.369658589363098145e+00
2.218618392944335938e-01
2.024967074394226074e-01
-6.374522447586059570e-01
8.043398857116699219e-01
-1.932354569435119629e-01
-9.495563507080078125e-01
1.223924875259399414e+00
-3.420674800872802734e-01
1.375304818153381348e+00
9.473461508750915527e-01
2.642149627208709717e-01
5.030298829078674316e-01
3.902799129486083984e+00
2.051788568496704102e-01
-5.085306763648986816e-01
-9.745981693267822266e-01
-3.188029289245605469e+00
-2.555457651615142822e-01
-1.064835190773010254e+00
-7.447519898414611816e-01
1.298350453376770020e+00
3.392800331115722656e+00
-3.273633480072021484e+00
-1.844039410352706909e-01
-1.417568206787109375e+00
-2.305729389190673828e-01
1.091622591018676758e+00
2.468698501586914062e+00
3.591781139373779297e+00
-5.143587589263916016e-01
-1.442347168922424316e+00
3.477306962013244629e-01
-2.966066896915435791e-01
-1.094075590372085571e-01
-3.333989143371582031e+00
-1.090203046798706055e+00
