2.309031486511230469e-01
-8.066522479057312012e-01
8.503955602645874023e-01
-3.152960836887359619e-01
6.892550587654113770e-01
7.896518111228942871e-01
1.030132472515106201e-01
1.379223346710205078e+00
5.243985056877136230e-01
2.788355648517608643e-01
1.528618097305297852e+00
-1.714508682489395142e-01
-5.327570438385009766e-01
-9.090391397476196289e-01
1.558682799339294434e+00
-2.962528169155120850e-01
1.675018519163131714e-01
-9.868751764297485352e-01
4.630444049835205078e-01
1.821193099021911621e-01
-1.245438814163208008e+00
1.774036169052124023e+00
-2.996473610401153564e-01
-8.648068308830261230e-01
-6.924219727516174316e-01
-8.901717066764831543e-01
9.979677796363830566e-01
-5.405290722846984863e-01
-8.776599764823913574e-01
-7.132552862167358398e-01
1.160934805870056152e+00
-4.302203655242919922e-01
7.807077765464782715e-01
7.623768448829650879e-01
5.985187739133834839e-02
7.171195745468139648e-01
9.911360144615173340e-01
-6.378895044326782227e-02
-6.082808375358581543e-01
2.435444742441177368e-01
2.352080941200256348e-01
-8.432599306106567383e-01
-5.311777591705322266e-01
-1.222111463546752930e+00
7.610037922859191895e-03
-1.464881658554077148e+00
-9.136342406272888184e-01
-1.628319859504699707e+00
-2.513506710529327393e-01
5.129632949829101562e-01
-1.351219534873962402e+00
-7.622789144515991211e-01
-2.376575618982315063e-01
-3.058759272098541260e-01
-5.033803582191467285e-01
-8.908652514219284058e-02
9.802891612052917480e-01
-4.793782234191894531e-01
-1.852487176656723022e-01
6.985324621200561523e-01
-3.141581267118453979e-02
-2.357175052165985107e-01
-1.327390670776367188e+00
-9.675347208976745605e-01
-2.034914940595626831e-01
2.188079833984375000e+00
-6.142515540122985840e-01
-5.850676894187927246e-01
-2.695063054561614990e-01
1.972617357969284058e-01
-1.547422409057617188e+00
-1.361905813217163086e+00
-1.836489588022232056e-01
3.180179595947265625e-01
-4.640224874019622803e-01
9.879053831100463867e-01
-5.027124285697937012e-01
-1.519361734390258789e-01
1.002769321203231812e-01
-9.358385801315307617e-01
1.311608910560607910e+00
-7.498186230659484863e-01
1.184023499488830566e+00
9.795237779617309570e-01
1.026269793510437012e+00
9.522874653339385986e-02
-8.382980227470397949e-01
-9.519485831260681152e-01
-8.995211124420166016e-01
4.891200363636016846e-01
2.566198259592056274e-02
1.980903595685958862e-01
2.810567915439605713e-01
1.219969868659973145e+00
-1.479658603668212891e+00
1.081048548221588135e-01
-1.819186210632324219e+00
-2.152114361524581909e-01
4.294291138648986816e-01
-3.125558495521545410e-01
1.738520413637161255e-01
1.621680259704589844e+00
-1.846132755279541016e+00
1.284987211227416992e+00
2.035880088806152344e+00
-6.327669024467468262e-01
6.929599642753601074e-01
-2.156285762786865234e+00
9.342775940895080566e-01
-1.265202760696411133e+00
-4.111664742231369019e-02
-9.242550730705261230e-01
6.637696027755737305e-01
-8.432385921478271484e-01
-5.900122523307800293e-01
-2.357356846332550049e-01
2.436990499496459961e+00
1.482728421688079834e-01
-2.561181224882602692e-02
7.112403512001037598e-01
3.508171737194061279e-01
1.663848280906677246e+00
1.511741429567337036e-01
5.301200747489929199e-01
2.973934412002563477e-01
-8.169599771499633789e-01
4.038881957530975342e-01
5.422556996345520020e-01
-1.854756474494934082e+00
1.222874402999877930e+00
-8.458912372589111328e-01
1.407689094543457031e+00
9.527487754821777344e-01
2.442219480872154236e-02
-4.640019834041595459e-01
5.147796273231506348e-01
-1.599594354629516602e+00
-1.063541412353515625e+00
-2.814276695251464844e+00
-9.341122508049011230e-01
4.926387369632720947e-01
1.388129115104675293e+00
-2.753088474273681641e-01
-3.246727585792541504e-01
-5.418123006820678711e-01
6.787653565406799316e-01
-4.653015732765197754e-01
-6.401292234659194946e-02
-4.635608792304992676e-01
2.675089985132217407e-02
-1.456978023052215576e-01
-3.567053973674774170e-01
-4.030028581619262695e-01
-8.556322455406188965e-01
-9.677190780639648438e-01
1.498775243759155273e+00
3.313550055027008057e-01
7.714204788208007812e-01
-3.975056111812591553e-01
-1.390225887298583984e+00
-1.374285966157913208e-01
7.911412119865417480e-01
1.415290117263793945e+00
1.945582032203674316e-01
-1.745495647192001343e-01
5.469995141029357910e-01
1.190011858940124512e+00
-8.926045298576354980e-01
-3.939168155193328857e-02
1.199833750724792480e+00
-1.360310196876525879e+00
1.495142340660095215e+00
9.696995615959167480e-01
4.763152301311492920e-01
-1.433603286743164062e+00
2.062980681657791138e-01
3.865856230258941650e-01
-6.374209523200988770e-01
4.574077725410461426e-01
-5.544706061482429504e-02
6.167436838150024414e-01
5.571244955062866211e-01
6.681818366050720215e-01
5.314315557479858398e-01
9.138619899749755859e-01
1.770459860563278198e-01
7.973721623420715332e-02
-9.250990301370620728e-02
-1.465860128402709961e+00
-7.570338845252990723e-01
-2.592716813087463379e-01
3.095124661922454834e-01
-6.194022670388221741e-02
1.647941946983337402e+00
9.129323959350585938e-01
-3.903463482856750488e-01
4.872389137744903564e-01
2.493394613265991211e-01
5.457828044891357422e-01
-4.897075239568948746e-03
1.462382197380065918e+00
3.741200566291809082e-01
9.941547513008117676e-01
1.000982403755187988e+00
6.879494339227676392e-02
1.433515101671218872e-01
9.487096667289733887e-01
-6.925543546676635742e-01
-9.896121621131896973e-01
-7.385684251785278320e-01
-4.820780456066131592e-01
6.044510006904602051e-01
-6.299426555633544922e-01
2.460127472877502441e-01
-3.301684260368347168e-01
-2.325271070003509521e-01
5.274543166160583496e-01
1.023590803146362305e+00
-7.683343291282653809e-01
6.868563294410705566e-01
-4.452057480812072754e-01
6.823227405548095703e-01
-2.311852574348449707e-01
-2.583331465721130371e-01
-1.360106110572814941e+00
-8.956682085990905762e-01
8.011174798011779785e-01
1.699806690216064453e+00
-2.529058456420898438e+00
1.233957409858703613e+00
-1.005917936563491821e-01
-9.570597410202026367e-01
-2.668597996234893799e-01
4.596179127693176270e-01
-3.317556902766227722e-02
1.721372008323669434e+00
-1.651894569396972656e+00
7.098877429962158203e-02
-3.394335210323333740e-01
-1.201257467269897461e+00
5.540944933891296387e-01
-1.801053524017333984e+00
1.305712342262268066e+00
9.397146701812744141e-01
1.443846583366394043e+00
3.291234374046325684e-01
1.597755789756774902e+00
-1.241760253906250000e+00
2.142194062471389771e-01
1.610575318336486816e-01
-5.794970393180847168e-01
8.965242505073547363e-01
-4.934187829494476318e-01
-4.977133870124816895e-01
1.585519075393676758e+00
1.880790144205093384e-01
6.657686084508895874e-02
-7.129616141319274902e-01
1.128691196441650391e+00
1.295333951711654663e-01
-1.819341480731964111e-01
-2.502595484256744385e-01
1.460031032562255859e+00
-4.584584832191467285e-01
-4.953361153602600098e-01
2.169773727655410767e-01
-9.331836104393005371e-01
-2.338954448699951172e+00
-8.392301201820373535e-01
1.491497159004211426e+00
-7.077269554138183594e-01
-1.550105661153793335e-01
-8.828430771827697754e-01
3.107051551342010498e-01
-2.145007133483886719e+00
-1.370599031448364258e+00
-7.104929685592651367e-01
-1.835435390472412109e+00
7.973335981369018555e-01
-7.427910566329956055e-01
2.025808691978454590e-01
1.556909084320068359e+00
4.152850508689880371e-01
1.514479041099548340e+00
7.416503131389617920e-02
1.610847949981689453e+00
4.636369645595550537e-01
-1.984924077987670898e-01
-8.537803292274475098e-01
8.401145339012145996e-01
3.127681910991668701e-01
-1.334867000579833984e+00
-6.602988243103027344e-01
5.362803339958190918e-01
-4.377638995647430420e-01
1.387391686439514160e+00
-2.591721296310424805e+00
-2.365530282258987427e-01
3.774132430553436279e-01
1.207185387611389160e+00
